-74 -18 -37
-115 -95
16 99 22 40 106
-30 -11 -71
64 1 98 54
82 -40
65 18 116 37 74 108
-28 -25 -70 -115
-104 -38
-39 72 30
113 20 86
-106 -40
-95 -41
27 69 7
88 85 93
11 28 71
48 84 20
97 69 25
-102 -94
91 -105
38 70 104 79
72 28 30 71
85 86 87 9
85 55 88 57 93 9
48 84 21
112 65 18 35
45 4 20 84
-40 -50
48 20 4 84 45
-84 -48
-91 -14
49 -70
8 17 75 105
26 -64
-18 -116 -108
-100 -75
-71 -25 -70 -115
85 55 88 57 93
8 17 105
48 98 84 21
3 -8
-89 35 112
-66 71 28
23 54 103
64 56 100
-83 84 48
8 105 74 75
-27 -25 -7
97 70 71 28 13
14 -21
17 99 100 56 75
-88 -57 -9
85 55 57 93 9
-92 41
112 57 35
19 116 37
44 -95
89 -112
18 116 37 105 74
-108 -60
27 7
-86 -85 -43
27 52 69
81 -97
42 -88
-28 -25 -13 -115
-112 -93
-36 -60
-42 88 55
30 72 10 94
64 100 54
-41 -113 -88
-1 -54
64 56 100 54
16 99 102 40 106
-33 19 101
64 98 56 54
56 100 54
82 -106
99 102 22 40
72 11 71
-79 -13 -104
101 38
25 28 13 70
27 52 7
-99 -56 -75
-110 6 61
31 -87
97 25 7
-23 -54
32 30 10 94
77 -56
65 37 105 108
97 70 71 25 28 13
85 55 88 57 9
-55 -9
-95 -21
-70 -104
-70 -38
-74 -18
97 115 70 28 13
-47 86
56 98 100 54
-28 -97 -70 -115
62 -18
-29 -112
36 61
-105 -65 -116
85 87 9 43
-94 -30 -32
-97 -25
-56 -75
40 106 99 22
-76 37 116
-74 -65 -37 -108
85 55 88 93
31 -43
-65 -116 -108
-109 104 38
48 64 84
-99 -100
61 6
19 116 38
49 -13
-7 -95 -61
-18 -37 -108
-74 -18 -116 -108
-32 -8 -29
-105 -74
39 -30
25 28 70 97
-29 -65 -112
107 -16
65 18 116 37 105 108
83 -48
-102 -106 -99
10 22
-30 -28
-99 -56
45 84 20
104 116 38
-69 -27
-99 -17
76 -116
-43 -87
-105 -18 -116
115 70 71 25 13
-42 -90
97 115 70 25
64 98 56 100
98 84 21
-88 -93 -9
-96 11
104 19 37
25 7
80 -9
-86 -85 -87
-20 -86
40 16 99 102
55 88 57 93
32 8 29
-16 -75
96 -11
108 36 60
-25 -70 -115
-71 -25 -70
65 18 116 37 105 74
-41 -113 -55
91 -74
16 99 102 22 40 106
-16 -100 -75
-86 -9
25 27 7
101
-63 -49
-103 -1
-28 -70 -115
95 7
61 6 7
-32 -29
33 -101
-19 -101
52 69 7
-15 60
1 98 100 54 56
52 7
25 27 69
-103 -69
27 23 103
64 98 21
4 45
-32 -8
63 -17
97 115 70 25 28 13
115 70 71 25 28 13
-31 43 87
48 64 98 84 21
38 70 13 79
97 115 70 71 28 13
-74 -18 -37 -108
90 -36
6 95 7
63 -75
59 -94
1 100 54 56
16 17 99 100 56 75
97 115 70 71 25
115 70 71 25 28
-10 -30
-74 -65 -116 -108
-55 -57 -85
64 1 56 100
-13 -70
85 88 57 93 9
-12 52 7
37 116 101
-64 -21 -48
53 -108
-94 -72
116 38
97 70 71 25 13
-65 -112
16 99 102 22 40
17 74 75
48 64 84 21
-78 20
97 70 25 13
-98 -21 -48
107 -99
-22 -40 -99
16 102 40 106
97 115 70 71 25 13
19 116 101
-84 -20 -4
55 57 93 9
48 45 84 20
-115 -21
-72 -30
115 95 21 41
97 71 25 28
-74 -65 -116
65 18 116 37 108
-48 -20 -45
111 -32
-65 -18
71 72 11 28 30
46 -45
-61 -36
-93 -57
116 101
-95 -21 -41
97 27 69
64 1 98 100 56
-5 115
97 115 25 28 13
16 99 102 22 106
40 16 99 22
-29 -18
72 28 30
-53 -2
1 98 100 54
102 22 40 106
64 1 56 54
19 101 38
42 -55
65 18 116 105 74 108
112 57 93
97 115 70 25 28
40 50
-86 -9 -87
48 98 64
25 28 70 71
65 18 116 37 74
-28 -97 -13 -115
51 -27
97 115 71 25 28 13
97 115 71 25 28
80 -85
-53 108
-107 -73
-68 -73
48 84 4
-16 -100 -17
43 45
57 85 9 55
-115 -95 -41
16 99 100 56 75
-79 -70
38 70 104 13
-9 -87
-38 -116 -101
-74 -37 -108
1 54 103
33 -19
109 -38
115 70 28 13
64 98 54
-75 -8 -105
34 -93
104 19 101
27 69
12 -52
65 18 116 74 108
85 86 87 9 43
55 88 9 93 57
-41 -55
-74 -65 -108
-71 -28
26 -98
48 4 45
10 94
40 102 22
110 -61
65 116 37 105 74 108
52 61 7
48 20 84 4
64 98 84 21
-50 -11 -79
97 70 25 28 13
-94 -30
-34 93 57
72 11 30
-92 -62
104 37 38
78 -20
-111 32
97 115 70 25 13
89 -35
60
85 55 88 9
115 70 25 13
8 17 75
-13 -38
-48 -4
-14 21
34 -57
-57 -9
104 101 38
-55 -57
85 88 57 93
-81 97 25
-35 -112
97 115 25 28
-86 -87
43 87
-112 -57
-24 1 54
-103 -27
-54 -100 -98
115 70 25 28 13
-16 -99
112 65 18 29
16 17 99 100 75
81 -25
1 100 54
40 16 99
48 4 45 84
-49 13 70
8 105 74 17
-90 36
16 99 102
16 99 102 22
65 37 105 74 108
-74 -116 -108
-113 -20 -86
67 -79
85 55 88 9 93
-3 8
32 30 72 10 94
70 71 25 28 13
104 116 101
-88 -55
65 18 116 37 105 74 108
115 70 71 28
48 98 64 21
-71 -25 -13 -115
25 52 7
-105 -65 -116 -108
72 11 30 71
115 71 25 28
-100 -17
-52 -7
92 -41
64 1 100 54
-105 -18 -108
-86 -9 -43
59 -10
-85 -87
-99 -75
48 4 20
-16 -56 -75
97 115 70 71 25 28 13
-54 -56 -64
48 64 21
-45 -4
64 98 100 54
-44 95
-17 -75
61 6 95
-114 29
19 37 101
39 -72
40 106 102
85 57 93 9
-79 -38
104 38
-99 -56 -17
25 27
-74 -65 -37
-28 -25 -115
-29 -18 -112
18 116 37 74 108
76 -37
-88 -57 -85
-77 56 100
40 99 102
116 37 38
-114 -44
-113 -86
116 37 105 74 108
-10 -94
-74 -18 -108
70 71 28 13
-55 -93 -9
-22 -102
4 87
64 1 98 100
-62 65 18
-10 -72 -32
8 105 74
48 20 4 45
-68 50
27 69 103
-50 -79
-89 -90
24 -54
37 101 38
16 102 22 40
88 41 113 55
-29 -65 -35
-55 -57 -9
66 -71
-67 -77
104 116 37
11 28 30
51 -69
114 -29
-28 -25 -13
-72 -11 -28
52 61 6
64 1 98 54 56
38 70 104 13 79
25 27 52
-79 -13 -38
64 1 54
28 30 71
2 -113
61 7
-59 -73
40 106
52 6 7
-94 -72 -32
-109 -14
71 11 28 30
97 70 71 25 28
66 -28
58 -102
25 97
61 95
40 106 99
-28 -97 -70
-102 -40 -16
45 4 20
-21 -41
-23 -103
-18 -112
-113 -55
65 116 37 105 108
104 19 38
88 113 55
115 71 25 28 13
65 18 37 105 108
115 70 71 28 13
106 99 102 22
-4 -87
-113 -20
16 102 22 40 106
-105 -116 -108
-35 -57
55 88 57 9
-103 -54
24 -1
-74 -116
-50 -11
-102 -40 -99
-111 -81
102 22
-1 -100 -64
-108 -36
-5 -3
-51 69 27
65 18 37 105 74 108
-6 -61
-54 -100 -64
65 18 105 74 108
64 98 48 84
85 88 9 93
12 -7
17 8 105 74 75
50 11 79
7 61 95
25 27 97
-30 -11 -28
77 -100
-23 -27
-59 10 94
-79 -70 -104
8 74 75
-58 22 102
-80 85 9
-75 -8 -74
88 41 55
97 27 7
-28 -25 -70
-98 -64
16 99 40 106
-105 -18 -37
-115 -41
-18 -116
65 18 116 105 74
62 -65
-2 113
-48 -20 -4
-64 -48
105 74 75 17
-74 -18 -116
-115 -21 -41
-108 -36 -60
116 37
116 101 38
52 95 7
64 1 98 100 54
73 -103
18 116 37 105 74 108
-63 17 75
-16 -56 -17
15 -60
97 52 7
-71 -97 -70 -115
73 -23
8 17 74 75
109 -104
-94 -32
-105 -65 -37 -108
72 11 28 71
99 102 40 106
-107 -96
-99 -100 -17
-10 -30 -32
-26 98 64
113 41 55
52 61 95
72 11 28 30
-33 -78
-67 79
112 18 35 29
105 74 75
-91 105 74
110 -6
-37 -116
18 116 105 74 108
-115 -95 -21 -41
-82 106 40
97 115 70 71 25 28
-105 -18 -37 -108
-75 -74
99 102 22 40 106
-56 -100
102 94
-64 -21 -84
-16 -100
-29 -18 -35
-85 -9
46 -4
-17 -8 -74
-107 16 99
-73 23 103
64 98 100
64 98 100 54 56
-30 -32
86 87 9 43
97 115 70 71 28
-99 -100 -75
97 52 69
25 69 7
64 1 98 100 54 56
68 -50
-11 -79
64 1 100 54 56
-115 -95 -21
99 102 22
-47 -15
112 65 18 35 29
58 -22
115 70 25 28
-105 -18 -116 -108
-55 -93 -85
47 -86
-79 -70 -38
25 52 97
83 -84
-8 -29
5 -115
16 99 102 106
-9 -43
19 101
32 30 72 94
97 71 25 28 13
-18 -35
-46 45 4
