16 9 19 4
18 -19
3 19 6
16 2
16 3 4 19 6
16 19 3 4
10 3 7
9 3 7
-15 9 3
13 -16
3 19 4 6 9
-6 -3 -16
1 19
14 -7
16 3 19 4 9
3 9 19 6
-4 -16
-20 10
-18 6 19
-8 -2
16 3 4 6
-6 -19
16 3 19
18 -6
5 -8
8 4
-19 -3 -16
16 19 4 6 9
9 10 3
-19 -9 -16
-10 -3 -7
3 7
-13 4 16
13 -4
-16 -2
15 -9
-1 -19
-7 -17
17 2
16 9 3 6
16 9 19 6
-19 -3 -4
8 2
5 -2
-14 7
16 3 19 4 6 9
16 19 4
-17 -2
16 19 3 6
16 4
12 -17
16 3 19 6 9
15 -3
3 19 4 6
16 19 6
-5 8 2
3 9 19
1 10
-11 1
10 3
7 17
20 -10
16 19 4 6
-12 17
19 6
11 -1
16 3 4 6 9
16 9 3
-1 -10
9 3
10 7
-9 -3
16 3 4
9 10 7
3 9 19 4
16 9 3 4
16 9 3 19
