321 403 229 232
112 354 391 153 205 78
50 86 246 359
89 315 126
342 344 185 10 380
-239 -65
403 333 318 199
160 39 311 75 399
-277 100 65
2 232 345 315 184
50 86 87 359
226 127 390 279
-32 -381 -242 -36
65 353 89 126
296 258 103 95
65 322 353 100 293 126
321 353 340 232 378
33 243 356 282 285
-79 -327
203 -255
379 246 344 139 302
305 291 35 59 345 315 126
328 -183
-291 -219 -137 -335
386 82 306 237 63
-22 -165
-253 -366 -279
127 390 279
-254 -342 -46
-317 -214 -120
41 -309
160 225 39 311 75
-163 -30 -354
-385 -167 -148 -243
296 258 95
-386 -30 -82 -306
-310 283
-349 -30 -275
-283 -389 -178
326 50 86 246
-131 -149
210 242 36 5 8 73
-8 -210 -242 -36
326 50 198
-159 -312 -254
336 82 116 330 91 237
33 356 196 282 378
86 344 379 139
89 291 315
243 196 282 285
89 305 291 35 345 126
86 198 246 87 326
-364 -208
371 403 229 199
348 103 95
242 354 402 5 30 63
353 403 340 229 232
304 274 84 57 26
208 130 39
-236 -205 -153
305 373 6 377 59
339 342 376 10 380
305 291 59 126
-275 -33 -322
372 32 204
-336 -82 -116
228 -70
65 321 100 353
3 202 42 27 109
-100 -65
305 315 59 126
16 385 148 390 282 189
321 65 353 100 89 126
-232 -315 -368 -341
-84 -22 -165
66 -381
-163 -402
321 322 353 293 89
-235 149
68 245 326 359
278 -221
-139 -246 -280 -344
33 243 356 282 285 378
-285 -293
-315 -368 -184
368 276 341 184 315
169 -315
305 291 59 89 315 126
321 353 276 232
337 305 377
138 230
321 353 100 293 89 126
35 137 394 335
-225 -46
-343 -186
-402 -30 -391
291 35 345 89 59
8 32
-215 -299
-258 -189 -108
300 -58
72 390 279
98 163 20 261 406
385 148 390 167
16 148 390 167 282 189
-352 -45 -16
148 390 167 189
-401 -227 -311
-254 -185 -399
294 129 170 358
72 148 390
326 50 86 87
208 130 171
35 291 345 89 315 59
49 369 22 200 218 266
388 54 25 140
98 163 402 261 231
-25 -121
-283 -92 -389
-37 -22 -369 -266
16 385 243 148 390 167 282 189
306 275 244 293 322 205
-200 -22 -266
36 78
336 82 116 91 237
337 305 389 373 6 377 59
89 291 35 59 345 315 126
-341 -184
392 307 332
-282 -285 -356 -340
50 326 198 223
160 401 227 199
72 127 29 279
356 196 340 378
-217 -364
326 86 359 223
181 137 394 219 335
72 29 390 127
390 367
403 340 229 232 378
36 78 68
-402 -242 -30 -354
-116 -294
337 305 389 373 377 59 143
72 79 327
188 245 206
274 198 70 104 223
33 196 340 378 285
-14 -393
-252 -110
212 -243
145 258 167 108 189 375
-402 -242 -63 -391
-139 -86 -239 -344
65 100 293
386 275 306 82 237 30 63
33 306 322 244 293 285 205
206 68 213 222
244 391 153 236
-283 -58 -389 -150
250 -358
50 87 86 246
-153 -100 -337
73 36 222
-376 -331 -131
-275 -244 -285 -322
-25 -346
337 373 389
368 2 315 184
50 246 326 87 223
-186 -25
339 342 344 379 380
368 2 341 184 345 315
226 29 390 279
65 321 100
112 337 373 280 153 239
112 337 65 100 280 153 239
57 26 10 50
-320 -253 -16
-239 -100 -337
243 196 356 285
373 389 377 143
245 213 222 359
200 10 37 87
321 322 353 293 89 126
243 196 340 378 285
33 306 322 244 205 285
16 385 243 167
33 243 196 340 378 282
403 227 371 229 199 333
-294 -358 -129
-35 -219 -335
3 42 147 202 27
-386 -30 -82
-37 -22 -369 -218
65 322 353 100 89
62 -369
178 307 150 215 332
-46 -195 -14
-349 -30 -237
373 389 6 377 143
72 226 127 367
-356 -196
368 276 341 232 315 184
-322 -65 -321 -89
-318 -403 -199 -333
-41 -297
50 198 86 87 246 359
208 130 249 75 171
-109 -404 -279
-70 -198 -274
392 218 332 151
71 -189
221
145 258 375 296 167 189
339 342 376 185 379
29 292 404 279 253 109
65 321 353 100 89
-37 -22 -218
105 -190
339 344 376 185 379 380
194 355 21 393
-279 -390 -72 -367
107 188 213 142
-22 -369 -218
-288 -93
353 322 65 100 293 89 126
337 305 373 389 377
-278 267 221
89 305 59 345 315 126
89 321 322 126
403 371 199 74 318
276 232 345 315
86 198 326
-320 -45
-187 -72 -327
32 210 242 5 8 73
353 340 276 232 378
242 36 5 8 73 381
148 390 167 282 189
345 291 315 35
-339 -369
368 341 232 345 184
344 86 280 139 239
112 337 65 100 280 239
243 196 340 378
321 403 229 232 378
371 229 74 318
-95 -254
50 86 87
-178 -150
-313 126 89
-254 -185
402 163 261 98
112 354 391 153 236 205 78
353 322 65 100 293 89
-300 92 58
29 404 292 279 253 366
82 275 386 237 349 30
148 279 367
186 343
-171 -28
388 58 140 92
43 348 103
163 20 261 406 231
-306 -244 -285 -322
-27 -3
208 130 39 249 75 171
-160 -399 -75
280 344 139 302 239
321 322 353 65 293 126
-386 -30 -275
50 198 326 246 87
386 306 349 237 30 63
305 337 389 377 59 143
305 291 345 59 126
277 -65
61 -291
402 354 391 30 63
65 322 353 321 293 89
321 322 65 293 89 126
148 29 279
-361 -363
98 261 231
321 403 340 229 378
243 196 356 378 282 285
-275 -244 -33 -293
160 227 311 24 199
368 232 2 184 345
2 276 341 232 345
84 165 22 122 47
69 -175
297 -45
291 35 89 315 59
305 315 345 59 126
379 86 246 139 302 239
145 258 296 108
368 265 333
342 344 185 10 379
33 306 275 322 293 285
305 6 377 59 143
256 307 150 215 332
393 181 358 335
83 238 362 107 142
144 245 70 206
106 372 334 159
305 291 35 89 59 126
-344 -380 -185 -339
397 -285
339 342 376 10 379 380
86 246 344 139 239
-186 -25 -140
-150 -307 -215
-8 -242 -73
-309 -237 -91
-173 296 258
321 353 322 100 293 89
213 107 188 381
251 -383
89 321 100 353
57 50 26 87
50 246 198 87
114 181 358 21 335
2 341 232 315 184
80 -57
162 -164
160 39 311 75
38 -122
-83 -362 -107
-58 -389 -150
369 339 131 195 331 172
-87 -50
368 2 232 184
402 163 20 261 406
257 295 330 91
29 292 404 279 109 366
72 367 390 279
33 322 275 244 293 285 205
74 371 333 199
232 321 276 229
-91 -257
-403 -229
8 204 183
344 185 10 380
147 292 279 253 109 366
377 59 389 6
-152 2 368
210 242 36 5 73
72 148 29 367
-45 -385
-46 -14
-385 -390 -243
-302 -139
258 375 296 167
314 -181
-49 -331 -266
392 151
16 148 167 282 189
374 -293
242 354 402 5 391 30
148 279 390 367
174 -362
326 68 245 206
72 148 279 367
33 340 378 285
-200 -49 -218
-34 172 131
-8 -381 -5 -36
305 337 389 6 59 143
-362 -107
-272 332 307
-240 -319
-354 -244 -112
50 198 359 87 223
385 243 148 390 167
208 217 364 265
-145 -262
68 213 326 359
82 275 386 306 349 237 30 63
196 340 378 285
344 339 376 379
-387 -215 -299
65 322 353 293 126
82 386 349 237 30 63
302 139 236 222
371 403 229 318
305 345 315 59
305 291 35 315
-302 -86 -239 -344
57 380 37
-137 -294
19 -192
243 148 390 167
245 206
385 243 148 390
-106 -43
369 37 22 266 218 331
50 198 87 246 359
321 353 403 276 232
291 345 315 126
292 404 253 109 366
-349 -30 -82
-70 -274
-323 -248
242 354 5 391 30
198 86 359 223
321 353 340 229 232 378
-274 -26 -84
40 -402
200 37 87
166 -218
26 380 37
-309 -82
26 50
57 10 380 37
-276 -315 -368 -341
-2 -368
89 321 322 353
145 375 296 167 108 189
304 274 198 70 223
-391 -205 -153
-230 -190
349 406 175
33 243 196 340 356 378
3 42 147 202
302 68 236 78
227 229 199 74 333
49 369 22 200 266
-109 -366 -279
-147 -109
264 -223
-35 -219 -181
403 229 199
147 292 404 279 253 366
-324 394 219
-66 381 210
-309 -82 -116
304 26 84 47
27 202 3 109
220 -238
-30 -275
301 -375
-54 -121
-164 -261
258 43 348 95
56 -138
386 275 306 237 30 63
-38 165 122
-352 -45 -292 -385
192 388 58 140 92
160 401 227 199 24 311
-109 -292 -279
-205 -285 -322
-99 -174
86 198 246 87
377 219 6
65 100 373 280 153 239
347 -292
-238 -362 -142
-200 -37
305 389 373 59 143
-83 -107
200 10 37
371 403 199 333 318
187 327
194 355 393 14
-63 -82 -275
188 68 213 359
371 333 318 199
368 2 341 232 315 184
305 35 59 345 315 126
122 165
188 222 326 359
217 265
21 181 393 335
-164 -289
-342 -399 -46
-337 -143 -305 -377
-92 -58
337 65 100 373 280 239
271 -32
-332 -215
325 -237
-200 -49 -331 -218
-19 192
245 68 213 326
243 148 390 282
98 20 261 406 231
-243 -285 -340
-391 -244 -112
322 275 244 293 285 205
353 403 276 340 378
344 139 302 239
50 86 198 326 223
-35 -219 -137 -181
227 229 199 74 333 318
68 213 206
-144 -206
337 373 6 389 377 59 143
385 390 167 189
-73 -36
8 204 334
-20 -98 -231 -402
86 344 139 302 239
380 37
201 -404
321 353 229 232 378
-369 -331
353 322 100 293 89 126
-260 -363
242 354 402 5 391 63
57 26 84 47
360 -137
33 243 196 340 282 285 378
-336 -82 -91 -116
145 258 375 167 189
-271 -174
337 373 389 377 59
97 394 219
337 305 389
-121 -20
242 354 163 391 30 63
-78 -205 -112
302 73 68 78
-89 -59 -315 -291
339 344 376 10 379 380
50 86 87 246 326
377 389 6
73 36 236
305 291 345 315 59
318
227 403 371 199 74 318
336 116 91 237
33 196 356 340 282 285 378
292 404 279 253 366
226 79 327
403 229 199 74 333 318
403 229 318
-70 -223 -304
101 -372
380 57 26 50
50 326 198 246 359
344 339 376 185 379
-181 -21 -114
-308 119
245 206 359
50 326 198 359
33 243 340 282 378
385 243 148 390 282 189
72 226 127 279
65 321 89 353
188 213
368 2 276 341 345
32 210 36 5 8 73
-340 -353 -229 -276
-353 -321
385 243 167 282
258 103 296 43 95
65 322 321 100 293 353 126
403 227 229 371 333 318
68 236 222
368 2 333
-402 -30 -354
98 402 163 261 406 231
326 206
402 406 231
-346 -98 -283
-344 -380 -185
-155 -7
321 322 353 100 89 126
53 -160
338
89 305 291 59
368 276 341 232 345 315
65 321 322 100 293 89 126
68 326
392 218 307
50 326 198 246 87 223
337 305 6 59 143
245 188 213 68
368 2 276 232 345 315
368 2 341 232 345 315
291 89 59 126
-200 -49 -369 -266
-159 -312 -95
-375 -167 -108
147 292 404 279 253 109 366
321 65 322 353 293
16 385 243 148 390 189
403 227 229 199 333
246 280 379 302 239
65 353 293 89 126
-184 -298 -190
321 322 100 293 126
337 377 389
-320 -45 -16
270 -193
-291 -137 -335
16 243 167 282 189
89 291 35 345
305 373 6 377
65 322 321 100 293 126
144 70 104 206
-275 -205 -285 -293
288 -385
112 337 65 373 280 153 239
188 213 326 359
-339 -131
401 227 311 24
112 65 100 280 153 239
-83 -142
372 204 334
-165 -122
379 86 280 139 302 239
320 352 214 138 255
280 246 344 379 239
224 234 83 398
148 29 390 367
-339 -369 -172
281 -130
-312 -95
210 242 36 73 381
245 213 206 359
-312 -95 -254
-200 -22 -331 -266
337 373 377 143
392 307 151
368 2 232 315
139 36 302
-301 -325
96 338 404
-111 387
305 291 35 345 89 315 126
291 35 181 394 219 335
208 249 130 75
-43 -258 -348
-22 -122
386 306 275 237 349 63
305 389 377 143
307 151 392 266 332
402 242 354 5 163 30 63
-45 -253
338 404 366
242 354 5 391 30 63
-349 -82 -306
-354 -78 -244 -112
-58 -192
245 206 213 222
234 312 144
403 227 229 199 74 333
68 222 326 359
-22 -331 -218
339 342 344 185
-326 -198 -86 -87
76 -317
32 242 36 5 8 73 381
-7 97
34 -172
236 78 36
403 227 371 199 333 318
194 355 131 172
-282 -285 -196 -378
-57 -26
242 402 163 5 30 63
147 42 202 27 109
107 188 142
348 103
333 229 318
112 337 65 373 280 239
210 36 5 8 73 381
371 227 318 199
229 227 333 199
10 26 380 87
89 65 100 293
-253 -16
50 223 246 86 359
292 109 279 253 366
403 229 199 74 318
-309 -237 -116
-139 -246 -239 -344
50 223 246 326 87 198 359
403 199 74 318
74 333 318 199
-37 -218
178 150 58 283 92 143
321 403 276 229 340 232
321 322 293 353
-109 -292 -366 -279
-103 -348
-88 379 344
-275 -205 -33 -322
-303 20 261
50 198 87 326 223
398 343
67 -63
33 243 356 340 196 285
184 298 341 262
-287 -128
-384 304 274
326 68 222 206
127 367
145 258 375 108
173 -296
20 261 231
78 68 236 222
385 243 148 167 189
280 379 344 139 302
390 279
24 267 221 327
403 227 229 371 199 318
111 -387
211 -327
-163 -242 -63 -354
73 139 78
74 371 318 199
336 116 309 330 91
-192 -97
-145 -134 -298
353 403 276 229 232
112 100 373 280 153 239
-354 -236 -244 -112
371 229 74 333 318
106 55 43
-96 -338
33 243 196 340 282
32 210 242 5 8 73 381
82 386 306 349 237 30 63
8 32 334
120 45 375
33 306 275 322 293 205 285
326 188 206
321 353 403 340 232
-258 -167 -145
33 243 356 340 282 378
136 -144
-42 -3 -147
-12 -146
89 321 322 65
227 403 199 74 318
380 26 10 50
339 342 185 10 379 380
-121 -261
321 403 340 276 232
-257 -129 -28
404 366 207
145 375 167 108
-218 -392 -332
-186 -25 -388
-55 -43
10 380 37 87
-116 -137 -294
184 190 341 262
368 341 232 345 315
-124 -113
193 130 28
-35 -394 -137 -181
-49 -122
243 148 390 167 282
227 371 229 74 333 318
305 35 89 315
86 326 246
173 -258
276 232 315 184
-306 -205 -33 -322
-295 -129
401 327 24 267 79
-402 -5 -30 -354
-339 -331 -195 -172
65 322 293
307 392 266 332
393 194 21 14
-340 -321 -229 -276
-275 -205 -285 -322
401 221 327
-8 -210 -5
403 371 229 199 318
326 50 86 359
-47 -49 -122
336 82 309 330 237
35 181 137 394 335
337 373 377 6
72 148 390 367
16 385 243 390 167 282 189
-147 -292 -404 -279
371 227 229 333 318
321 403 340 229 232
-112 -280 -65 -373
-185 -46
-37 -22 -369
222 188 213 326
41 -336
280 379 344 139 302 239
403 371 199 74 333 318
32 210 242 36 5 8 73
23 -306
33 243 356 340 378 285
-344 -380 -185 -376
339 376 344 185 10 379 380
353 403 276 378
-109 -253 -404 -279
44 -401
-99 -52
217 333
353 322 293 89
305 35 291 59 315 126
-164 -317 -261
339 376 10 379 380
221 79 327
135 -75
-386 -63 -237 -275
130 75 171 39
291 35 181 137 219 335
402 20 261 231
-78 -205
72 226 29
72 327
403 371 229 74 333 318
-282 -285 -196 -340
371 227 229 333
32 204 183
256 178 307 150 215 332
54 343 25 140
200 57 10 37
16 243 148 390 167
336 82 309 330 91
258 375 296 108 189
242 402 5 30 63
386 306 82 349 237 63
302 139 36 222
-340 -229 -232
-33 -285
-340 -321 -232
258 375 167 108 189
-291 -394 -137 -181
-402 -5 -63 -391
-336 -82 -91
-402 -5 -354
-37 -49 -218
201 -366
-107 -381 -188
103 296 43 348 95
296 258 43 348
24 401 221
342 344 185 10 379 380
49 369 22 266 218 331
107 142 83 238
29 279
305 291 35 345 59 315
305 389 6 143
-200 -49 -331
336 116 309 91 237
-275 -244 -293
-224 -238 -234
-378 -340
326 198 86 87 359
76 -289
98 402 406 231
380 26 50
147 404 253 109 366
296 258 43
249 130 171 39
29 390 367
-92 -143 -150
-310 -319
226 29 390 367
-369 -195 -172
-37 -49 -331 -218
-150 -256
68 206
245 206 213 326
-349 -82
160 225 39 311 399
33 196 356 282 285 378
-291 -219 -137 -181
198 326 359
-78 -244 -112
114 181 358 21 393 335
73 139 236 78
368 217 2
50 86 198 326 359
305 35 345 89 126
328 -204
-116 -137 -364
339 342 344 185 379
305 373 389 6 377 59
-25 -388
353 321 340 229 232
371 227 229 199 318
388 54 343 25 186 140
100 373 280 153 239
379 86 246 280 139 302 239
127 148 279 367
106 372 334
339 344 376 10 380
97 219 6
342 185 10 379 380
68 222 36
-344 -10 -185 -376
-92 -389 -150
272 -332
50 86 359 87 223
50 198 86 246 87
-163 -242 -30
204 334 183
175 231
33 306 322 244
-289 -20
65 321 126 353
144 245 70 104 206
279 367
243 340 356 378 282 285
-312 -144
-344 -380 -342 -339
-102 103 348
160 225 311 39
191 -10
33 306 275 244 322
188 68 245 359
367
403 371 74 333 318
-337 -389 -305 -377
33 196 356 282 285
386 349 406
-232 -368 -184
-150 -215
321 353 403 340 229
-134 -262
405 -359
154 -185
99 -388
353 403 276 229 340 378
226 127 367
385 148 390 167 282 189
402 163 354 242 30 63
57 10 26 380
130 39 249 75
-291 -394 -137
321 353 340 232
-386 -82 -306
-22 -331
-346 -362 -283
-49 -331 -218
198 359 86 246
321 322 100 293 89
-232 -315 -2 -341
52 -68
-405 359 326
-396 127 367
-37 -331 -266
-94 27 3
200 57 10 380
86 246 344 379 139
345 89 59 305
68 245 222 359
139 36 222
25 186 388 54
-352 -253
-325 237 82
-6 -377
402 163 20 261
-339 -369 -195
-45 -292 -16
128 -72
-393 -358
258 43 348
-274 -57 -47
-283 -92 -389 -150
305 35 291 89 315 59
305 291 35 89 315
-111 -363
188 68 206
-375 -258 -189 -108
29 147 292 279 109 366
10 380 50
217 371 265
200 26 10 37
240 -159
321 353 276 229 232
291 181 137 394 219 335
-82 -330
145 258 167 296 108
89 305 291 345 315
338 187
402 163 354 242 30
337 389 377 6
208 217 249 265
-82 -330 -116
-361 -105
258 167 296 189 375
-352 -292 -16
242 36 5 8 73
-275 -244 -285
-153 -65 -373
403 227 229 199 74 333 318
148 127 367
16 385 243 148 390 167 282
280 246 86 344 139 239
33 306 275 322 244 205
376 342 344 185 10 380
-147 -366 -279
-349 -82 -275
72 29 367
291 345 89 126 315 59
-311 -225 -39
-181 -393 -114
327 267 221 79
321 353 276 232 378
29 292 279 253 109
371 403 199 333
-253 -366 -29
305 291 35 89 126
10 26 380
-62 369 331
-334 -159
-222 -68
50 326 359
139 302
89 65 100 126
305 59 389
401 79 327
-200 -22 -331
-376 -369 -172
324 -394
326 50 86
321 322 353 100 293
369 49 37 200 266
-232 -315 -184
29 292 404 253 109 366
321 353 403 340 276 232 378
322 100 293 89 126
-391 -78 -244 -153
-354 -236 -244 -153
400 -205
-52 222 68
349 231
-224 -83
210 213 107 188 381 142
198 359 86 246 87
246 86 280 379 302
-211 79 327
368 276 341 232 184
-231 -175 -349
127 29 390 279
-37 -369 -266
72 127 279
50 198 87 246 223
32 210 242 8 73 381
-184 -262 -190
65 321 353 293 89 126
-361 -90
-374 322 293
302 68 236 36
377 219
344 10 339 342 376 185 379 380
89 65 293
337 373 59 389
226 187 207
243 196 340 282 285 378
403 276 229 232
187 404 207
321 353 403 340 229 276
371 227 229 74 333
236 222 78
130 75 39
146 -236
-309 -237 -330
-45 -375
402 163 98
73 139 236 68
368 232 276 184 315
308 -119
-239 -100 -373
72 279
-283 -58 -178
-8 -210 -73
72 226 367
-32 -210 -5 -36
397 -33
-55 -42
-35 -219 -137
-177 346
349 175
321 322 293 89
322 293 89 126
29 292 404 109 279 253 366
98 20 261 231
-48 11
402 406 261 98
291 345 89 315 126
57 10 380 50
73 36
-137 -364 -294
321 340 276 232
-289 -214
68 236 36
353 403 340 229 276 232 378
-375 -296 -167 -108
-138 -230
188 68
-385 -167 -390 -243
33 243 196 340 282 285
178 389 150 58 283
89 291 35 305
307 151 392 218
379 280 139 302 239
50 326 359 223
156 -239
-183 -119
114 21 358 393 335
305 315 291
353 403 340 229 232 378
227 199 74 333 318
200 380 37 87
368 232 315 184
29 147 404 279 253 109
15 -389
50 198 86 246 87 326
50 198 86 87 326 359
-224 -234
302 68 78 36
3 42 202 27
-163 -5 -63 -354
198 86 326 359 223
246 86 280 379 239
68 213 206 359
337 305 373 6 377 143
386 306 237 349 63
-383 -387
-85 -329
229 371 333 199
222 326 359
-124 -69
280 246 86 344 379 239
369 37 22 200 266 218 331
-109 -292 -404 -29
-254 -342 -399
187 366 207
402 163 20 261 406 231
-283 -58 -389
227 229 318 199
16 385 243 148 390
357 -364
114 21 181 393 335
-385 -167 -390
337 305 389 59
188 213 326
305 389 373 6 377 143
258 348 103
321 65 353 293 126
29 147 292 404 279 253 109
57 26 50
-308 -263
-391 -236 -244 -112
177 -346
-379 -380 -185 -339
-31 -169
160 311 75 399
339 344 185 379 380
259 -215
-200 -22 -369 -218
57 26 380
50 198 87 86 246 223
139 68 222
258 296 43 95
-391 -236 -205 -153
242 354 163 5 391 30 63
-153 -65 -337
188 245 326
337 373 389 143
402 242 354 5 163 391 30 63
291 181 394 219 335
-339 -195
68 222 78
72 187 79
339 342 344 185 379 380
291 89 315 59
98 20 261
-339 -331 -172
-219 -137 -335
-178 -332 -256
-153 -280 -65
-112 -239 -100
24 227 311
-109 -253 -366 -279
82 116 309 330 91
403 227 199 318
209 -392
-334 -106
-153 -239 -100 -337
236 78 68
33 306 275 244 293 322 205
89 305 291 35 345 59 315
280 86 246 344 139 302 239
368 2 276 341 232
-275 -205 -33
243 340 356 282 285
403 227 229 74 333 318
26 10 50
321 353 403 276 229 232
320 214 138 255
82 275 386 306 237 349 30
2 276 341 232 345 315 184
242 354 402 391 30
50 198 86 246 326
98 163 261 231
16 385 148 390 167 189
13 -184
210 242 36 8 73
73 139 36 302
225 39 75 399
-182 355 194
89 291 345 315
-336 -237 -91 -116
210 107 188 381 142
339 342 376 185 379 380
403 229 74 318
-371 -333
401 24 267 221 79
-402 -5 -63 -354
65 322 353 293 89
296 43 348 95
-297 45
-388 -92 -192
321 65 322 353 126
-320 -45 -385
321 403 340 276 232 378
337 305 373 389 377 59
-109 -292 -404 -279
79 327 207
-391 -78 -244 -112
375 167 108 189
-386 -30 -82 -275
-220 238 83
72 148 367
200 50 10 380
-304 -274
-349 -30 -306
339 376 342 344 185 380
82 275 386 237 349 30 63
-89 -305 -315 -291
8 334 183
147 404 279 109 366
-8 -5 -36
210 188 381 142
337 305 389 6 59
-254 -225 -46
339 344 10 380
258 43 95
-323 145 108
-162 164 121
33 243 340 356 282 285 378
-289 -261
-83 -362
72 29 390 367
32 210 242 8 381
-47 -22 -165
65 321 353
-139 -86 -239
101 -334
-352 -320
16 385 390 167 189
-261 -98 -231 -163
-142 -107
73 139 236 302
305 59 377
336 309 55 42
127 148 29 367
-287 -363
388 54 343 140
-275 -205 -293
-339 -195 -172
-381 -242 -36
305 35 59 89 315 126
371 227 403 333 318
-42 -27 -109
-323 -363
17 -232
-306 -244 -293
-306 -33 -293
-376 -369 -131
-358 -129
-398 -224
368 2 276 341 345 315
210 242 36 8 73 381
279 29 367
90 -196
202 3 42 109
368 276 232 184
82 309 330 91 237
89 305 291 345 59
326 359 86 246
-379 -380 -185 -376
-266 -392 -307
337 373 305
98 163 406 231
102 -103
-306 -205 -33
-287 -407
-312 -254
139 36 236 68
379 86 344 139 239
60 -299
339 185 10 380
213 107 188 381 142
65 321 293 126
389 58 283 92 143
-252 391 354
263 -49
321 65 353 293 89
291 345 89 315 59
-86 -239 -344
385 243 167 189
-254 -185 -225 -46
-193 -28
-243 -285 -196 -340
339 344 342 376 185 10 379
33 243 196 340 378 285
244 391 153 236 205
-386 -30 -237
353 403 276 229 378
-209 151 392
96 338 207
86 198 326 223
-339 -369 -131
-109 -253 -279
-12 -156
302 139 68 222
73 139 68 78
49 37 22 200 266 218 331
302 68 222
402 354 242 30 63
377 219 97
388 54 343 25 140
155 -178
-206 -70
8 372 183
386 275 306 349 237 30 63
198 86 246 326 223
389 6 377 59 143
-302 -86 -239 -379
-243 -33 -356 -340
339 342 376 185 380
-37 -331
-263 49 22
89 305 35 345 59 126
372 204 183
-362 -283
-244 -33 -293
403 333 229
407 -249
291 35 137 394 219
258 348 95
-354 -78 -205
388 54 25 186 140
57 26 10
-323 -169
65 321 100 126
-90 356 196
115 -96
178 389 150 58 283 92 143
72 226 390 279
-306 -244 -285 -293
89 321 293 353
291 35 345 59 315
-255 -138 -352
-336 -330 -116
344 86 280 139 302
321 353 403 276 232 378
-109 -253 -404
321 353 340 229
89 293 126
402 163 261 406
-354 -78 -205 -153
32 210 36 5 8 381
65 322 353 89 126
305 337 389 6 377 143
-160 -399 -39
-194 -393
337 305 373 389 6 59
50 86 326 246 359 223
50 26 87
65 322 353 321 293 89 126
-348 -383
321 353 293 126
202 42 3
200 57 37 87
336 82 116 309 330 91
89 291 35 345 315 126
127 279 29 367
403 371 229 199 74 333
305 373 389 143
246 198 326 223
112 337 65 373 153 239
89 321 100 65
-104 -223 -274
-8 -210 -242 -73
321 322 293
-323 -360
-310 -154
176 -279
15 -143
147 292 404 279 253 109
356 196 340 285
403 229 333 318
321 403 340 229 232 378
337 373 377 59 143
50 198 359 87 246 223
86 344 379 302 239
368 276 341 184 345 315
-8 -381 -242 -36
72 226 187
184 298 262
32 210 242 36 8 73
-320 -292
65 322 89 126
-401 -160
178 58 283 92 143
112 354 244 153 236 205 78
89 305 315 291
-172 -131
320 385 16 292 253 45
-14 -194 -21
93 -91
-309 -330
-326 -198 -86 -50
208 130 39 249 75
-385 -189 -148 -243
-179 -9
-216 87 50
245 213 206
401 327 24 267 221
277 -100
145 375 296 167 108
-147 -253 -366 -279
106 334 159
402 261 98
82 275 306 237 349 30
339 344 10 379 380
356 196 340 378 285
112 337 65 100 373 153 239
227 333 199
72 127 367
-339 -369 -195 -131
401 327 267 221 79
345 89 126 305
377 6
65 322 321 293 126
-239 -65 -337
200 57 380 37
50 198 87 359
86 246 326 87 359 223
337 305 373 377 143
-257 -170
114 181 358 393 335
66 -210
188 68 222 359
-391 -78 -205 -153
242 354 5 30 63
114 21 358 181 393
339 342 376 185 10 379 380
-70 -223 -274
89 305 291 345 126
257 129 295 170 28
29 147 292 279 253 109 366
243 356 196 282
-397 33 285
29 292 279 253 366
-104 -198 -304
33 306 275 293 205 285
65 337 100 373 280 153
-253 -385
16 243 148 390 282
72 187 327
145 167 296 108 189
262 184 298 190
-376 -331 -195 -131
196 340 282 285 378
361 -257
305 291 35 89 315 126
155 -150
281 -171
-303 -268
368 265 2
16 385 148 390 167 282
89 305 35 345 315 59
89 65 293 126
242 163 354 402 391
-375 -258 -108
304 274 84 57 26 47
194 131 355 149 172
-402 -242 -63
363 -399
-139 -239 -344
-286 -300
-354 -205 -112
371 227 333 318
-320 -385
-250 114 358
-80 57 26
33 243 196 356 285
118 -186
33 356 196 378 285
392 307 332 151
246 198 326 87 86 223
10 26 37 87
-386 -30 -237 -275
29 147 404 253 109 366
404 279 253 109 366
68 213 222 359
258 103 296 43 348
125 -340
-327 -267 -401
246 86 280 379 139 239
-76 317 289
291 35 89 315 126
210 242 36 5 8 73 381
112 354 244 391 153 236 78
246 344 379 139 239
334 183
139 236 36
-370 153 112
274 26 47
337 377 6
67 -30
337 389 6 377 143
145 258 375 296 108 189
187 79 327
305 291 35 345 89 59 126
129 170 358
192 388 58 140
340 276 232 378
291 35 181 137 394 335
200 57 26
305 291 35 345 59 126
386 306 275 237 63
305 291 59 315 126
188 68 206 359
-108 -134
86 344 139 302
-404 -366
-214 -320
210 107 188 381
65 353 100 293 126
402 354 242 391 30 63
16 243 148 390 167 189
27 3 109
33 243 196 378 282 285
3 147 42 27
290 -393
24 401 327
302 36 236 78
86 246 280 239
326 206 359
-153 -239 -65 -373
252 -354
-340 -321 -229
200 26 10 50
246 280 379 302
188 245 326 359
-240 -158
-58 -143 -150
86 198 246
-219 -137 -181
-340 -321 -229 -232
402 261 231
16 385 243 148 282 189
-181 -393 -358
26 37 87
321 353 340 378
401 327 221 79
200 10 380 37
33 243 196 378 285
-153 -112
210 188 213 142
33 196 356 285
224 186
-246 -86
344 379 86 246 280 139
188 206 326 359
274 84 57 26 47
49 369 37 22 218 331
57 26 380 87
-352 -45 -253 -385
10 50 37 87
-355 -194
245 188 213
65 353 321 100 293 89 126
-238 -107
344 339 342 376 185 379
305 291 35 89 126 315 59
-245 -206
305 35 89 59 126
-58 -143 -178
-375 -258 -167
145 258 296 108 189
86 326 246 223
-24 -199 -311
-5 -242
-339 -369 -195 -172
72 226 390 127
246 280 379 139 302 239
321 322 65 100 89
54 343 186 140
389 150 58 283 92 143
-376 -331 -195 -172
-327 -221 -24
-117 373 337
258 103 296 43 348 95
400 -244
354 244 391 153 236 205 78
89 65 100 353
-232 -345 -2 -184
-294 -114 -129
-295 -28
-82 -275
112 100 373 280 153
-308 -80
-320 -45 -253 -385
188 222 326
33 243 356 196 378 285
-59 -305
73 236 222 68
321 403 340 232 378
24 401 221 327
305 291 35 345 315 126
-362 -98 -283
246 344 139 302 239
305 291 35 89 59
72 327 207
227 318 199
368 2 276 184 345 315
243 196 340 282 285
-275 -205 -285
65 353 100 89 126
337 373 389 6 143
280 86 246 344 139 302
178 150 58 283 92
3 147 42 109
2 276 341 184 345
-93 91 330
302 139 78
16 385 243 148 390 167
57 50 37 87
223 86 246 198 326 359
-11 -330 -295
-217 -364 -208
-256 -134
-108 -299 -298
64 -229
-349 -63 -237 -275
33 356 196 340 378 285
78 139 222
116 137 364 294
-257 -129
-387 -256 -299
191 -380
327 24 267 221 79
-84 -22
337 100 373 280 153 239
389 150 58 283 92
-335 -393 -358
-42 -309
337 373 389 59 143
-273 46
2 276 341 232 184
-335 -181
368 2 184 345 315
305 291 35 345
337 305 389 59 143
-178 -307 -215
-308 -329
302 236 78
72 226 29 390
342 376 185 10 380
-259 256 215
353 403 340 229 276 232
376 344 185 10 379 380
33 243 356 196 282 285 378
-294 -358 -170
396 -367
-58 -389
339 376 344 185 380
-360 137
344 246 280 379 302
-402 -63 -354
-157 -7
-387 -256 -134
403 227 229 74 318
377 6 97
260 -333
196
121 54 25 346
386 306 82 237 30 63
321 403 276 229 232
393 114 181 358
188 326 68
403 229 199 318
226 148 127 367
-23 -173
-309 -237 -330 -116
33 306 275 244 293 285 205
305 291 345 315
382 -74
324 -219
114 21 181 335
304 274 26
305 315 291 59
321 65 293 89
160 401 199 24 311
130 171 28
341 184 298 190
49 37 22 200 218 331
305 291 35 59 126
339 131 195 376 331 172
210 107 213 142
353 321 276 229 340 232 378
-349 -237 -306
-283 -143 -150
-158 98
284 -305
227 229 333 318
-133 147 109
305 337 373 6 377 59
402 163 261 406 231
89 35 126 305
78 68 236 36
89 305 291 35 345 315
-37 -49 -369
210 36 8 73 381
200 50 26 87
-75 -208 -130
258 296 43 348 95
336 116 330 91 237
73 36 236 78
73 36 302
-50 -26 -380 -37
169 -345
340 229 276 232 378
392 266 307 151
-402 -5 -30 -391
-181 -21 -358
145 134 262 298 108
-257 -129 -193
86 246 344 379 302 239
72 127 29 367
73 68 222 36
289 214 120 317
210 242 5 8 73 381
33 306 322 244 205
196 356 340 378 282
-292 -253
200 57 26 10
96 338 366
-160 -225 -39
242 163 354 402 5 391
50 223 246 326 87 86 359
247 -224
392 218 266 332
85 -36
33 306 275 322 293 244 205 285
112 337 65 100 153 239
16 243 148 390 167 282 189
50 380 37 87
344 185 10 379 380
-65 -337
50 198 359 223
227 403 229 199 74
29 147 292 253 109 366
371 229 199 318
35 291 59 315 126
-323 -397
-344 -380 -339
-200 -331 -218
-350 195
50 326 87
-331 -131
302 139 68 78
226 148 29 390
8 183
321 340 229 276 378
112 65 100 373 280 153 239
321 322 100 293 89 126
123 -406
257 91 295 330 11
68 222
321 322 293 89 126
403 227 229 371 318
339 376 185 379 380
50 380 37
89 305 35 345 59
368 232 345 315
-346 -362 -98 -283
-385 -167 -390 -282
403 227 229 333
65 100 293 353
337 305 373 389 377 143
98 20 261 406
-144 -70
-283 -58 -150
-37 -22 -331 -266
-351 227 199
86 87 326 246
86 326 359
403 227 371 74 333 318
-114 -358
337 389 377 59
-25 -121 -346
256 387 134 215 299
-307 -215
402 354 163 5 391 30 63
160 225 311 75 399
265 2 371
-194 -21
187 327 207
-150 -332 -215
-214 -120
-293 -65 -321 -89
336 82 116 309 330
402 163 261
-214 -138
291 35 59 315
305 315 59 35
68 222 359
65 353 322 100 293
-309 -82 -330
233 -86
302 73 236 222
349 406 231
-352 -253 -385
342 344 185 379
225 342 185 46 399
-364 -294
-139 -86 -344
339 344 185 380
-205 -33 -322
147 292 253 109 366
50 198 87 86 223
44 -24
-37 -22
305 59 377 6
389 377 59 143
-13 341 184
371 229 74 333
27 42 3
321 353 403 340 276 378
316 -84
61 -35
-109 -253 -404 -29
50 86 326 246 198 359 223
187 79 207
57 50 37
321 353 340 229 276 378
-84 -122
341 232 315 184
226 279 127 367
65 353 100 293 89
-275 -205
209 -151
33 356 282 378
367 390 279
-283 -389 -150
344 86 280 239
291 35 345 315 126
200 57 50 37
50 87
-167 -390 -243
-304 -26 -47
125 -378
368 232 2 184 345 315
302 68 78
321 403 340 229
291 35 137 394 335
-30 -237 -306
194 355 131 149
50 198 223
-79 -221 -401
224 83 398 238
57 26 37
32 242 36 5 8
-317 -255 -120
395 -213
210 213 107 188 142
-339 -331 -195 -131
33 196 356 340 282 285
371 403 229 199 333 318
2 371 333
-189 -167
198 86 246 87 223
217 333 265
-168 -123
-282 -243
-286 376 339
114 21 358 393
305 389 6 59
296 258 348
291 89 315 126
-261 -98 -406 -402
305 315 35 59 126
-121 -346
-406 -231
402 163 20 406 231
200 10 380
10 380 37
373 389 6 377 59 143
139 68 36
-344 -380 -342 -376
-326 -198 -246 -50
-17 -363
88 -379
-168 -67
258 103 296 348 95
353 322 293 89 126
321 353 403 340 276 232
72 226 148 279
114 21 358 335
-310 -156
235 -149
-309 -91 -116
401 267 221
403 227 74 333 318
-317 -214
376 344 10 379 380
-391 -78 -205 -112
-31 -71
-185 -399
-113 202 42
368 2 341 184 345
26 10 380 37
50 246 198 223
305 337 389 373 6 377 59 143
208 249 171 39
340 229 232 378
-112 -239 -65
50 86 326 246 198 87 223
-254 -185 -399 -46
-388 -92
-218 -392 -307
368 345 315 184
-306 -275
401 227 199 24
337 305 373 6 143
385 243 390 167
-217 -249
57 50 380 87
-349 -63 -306
-291 -219 -181
48 -11
243 167 282 189
326 50 198 87
198 326 87 223
65 322 353 100 89 126
57 274 26
-105 190
344 379 139 302
145 167 108 189 375
-32 -381 -242 -73
-75 -39
321 322 65 293 89
33 243 340 356 285
50 86 359 198 223
210 107 142
226 148 390 127
121 164 54 25
321 322 353 100 89
-386 -349
321 293 89 126
13 -341
33 340 282 285 378
371 229 199 74 318
32 242 36 5 8 381
-287 -278
-302 -86 -280 -344
-376 -131
10 380
354 244 391 153 236
33 243 340 356 282 285
321 322 100 293
65 321 322 100 126
307 151 392 218 332
-108 -134 -298
226 148 390 367
339 342 376 185
-11 -330
50 86 246 326 359
200 57 26 87
339 344 342 376 185 379 380
222 245 206 359
65 321 322 353 100 293
337 59 373 305
280 139 302 239
-37 -331 -218
73 139 36
50 198 86 359
49 37 22 266 218 331
50 326 198 246 87 359
-257 -170 -193
10 26 37
337 377 389 305
337 305 373 389 143
82 275 306 237 30 63
403 227 371 199 333
353 403 276 229 232 378
276 340 229 232
341 262 184 298 190
-112 -239 -100 -337
-335 -393 -114
89 59 35 305
323 -108
368 2 276 341 184 315
-129 -193
-169 345 315
198 326 223
302 73 139 78
-291 -219 -335
351 -199
86 246 139 239
-289 -120
210 242 36 5 381
-54 -25
-95 -258 -348
-359 -198 -86 -50
72 226 279 367
140 54 343
243 356 340 196 282 285 378
113 -202
-112 -100 -373
-112 -239 -65 -373
-186 -54 -140
86 359 198 87 326 223
8 32 183
342 185 10 380
-339 -331
-287 -94
-108 -298
160 225 399 39
-369 -131
35 291 181 137 394 219 335
296 43 348 103
299 387 134 215
-204 -183
16 385 243 148 390 282 189
89 35 59 345 315 126
-112 -239 -373
-31 -397
315 305 89 59 126
-352 -45 -292
-112 -239
-10 -380
-116 -364
16 385 243 282
243 356 196 282 285
-140 -58 -192
305 291 35 59
-89 -305 -345 -291
-254 -342 -225 -46
32 210 242 36 8 381
86 246 280 139 239
337 305 377 59
-275 -244 -33 -322
226 187 327
-8 -381 -242
305 315 291 345 59 126
16 385 390 167 282 189
65 322 100 89 126
73 36 68
-254 -342 -399 -46
89 35 345 315
-254 -342 -225
-172 -149 -355
243 340 282 285
369 339 131 376 331 172
73 68 222
-388 -192
258 167 296 189
305 345 315 126
372 334 159
127 148 29 279
33 243 356 282 378
-198 -274
377 394 6
-191 10 380
305 6 377 143
33 322 275 293 205 285
258 43 348 103
389 150 58 283 143
227 371 199 74 333
-357 364
50 326 359 246 223
307 392 218 266 332
50 223 198 326 87 359
64 -403
112 354 244 391 153 205 78
2 276 341 232 345 315
198 86 246 359 223
321 353 100 293
321 65 293 89 126
-170 -28
368 276 232 345 184
-295 -129 -193
16 385 148 282 189
65 322 353 321 89
-275 -285 -322
26 37
-283 -92 -150
-176 29 279
2 341 184 345 315
168 -43
141 -245
321 353 403 229
388 343 186 140
107 188 381 142
243 196 356 378 285
403 227 199 333 318
-104 -223 -304
-181 -358
-291 -394 -137 -335
353 321 403 340 229 232
-205 -33 -293
148 127 390 279
321 65 322 353
-43 -95 -296 -348
267 221 327
178 389 150 58 92
-299 -134
-355 -393
248 -321
224 398
353 321 403 276 378
321 65 322 353 100 89
226 279 367
280 86 344 379 302 239
50 223 246 326 87 359
188 326
227 403 229 199
269 -349
339 344 185 10 380
72 226 148 367
276 232 345 315 184
-11 -91 -257
-205 -285 -293
72 390
98 402 20 163 261 231
403 227 199 333
302 139 36 78
80 -26
42 147 109
306 275 322 293 285 205
151 392 218 266
139 36
337 305 373 6 59 143
49 369 37 22 200 266
243 356 196 340 282 378
-147 -292 -366 -279
-131 -149 -355
-99 -66
-9 55
368 341 184 345 315
-32 -210 -36
402 163 354 391 30 63
145 258 375 296 167 108 189
-354 -78 -153
402 163 20 261 231
403 371 229 74 318
127 29 390 367
72 226
389 6 377 143
99 -140
147 279 253 109 366
112 337 65 280 153 239
321 353 100 293 89
34 -131
291 35 89 126 315 59
246 86 280 139 302 239
35 137 394 219 335
-214 -352
-352 -45 -253 -16
-379 -344
16 385 243 148 167
229 199 74 333
-313 -363
350 -195
402 20 261 406 231
68 36
148 29 390
178 389 150 58 283 143
339 376 342 344 10 379 380
-291 -219
178 389 150 58 283 92
246 280 379 139 302
305 373 377 59 143
74 227 333 318
326 359 198 87 86 246
-254 -185 -225
243 148 167 282 189
129 114 294 170
160 401 24 199
342 376 10 379
-320 -16
-275 -285 -293
-340 -321 -403 -276
72 226 207
-108 -299 -262
-354 -78 -244
-378 -353 -229 -232
227 371 229 199 74 333 318
50 246 86 87 359
42 3 109
-378 -321 -229 -276
287 -230
72 148 279
369 339 131 195 376 331 172
-265 -364 -208
127 29 279
406 402 163 98
43 348 95
-316 84 47
98 261 406 231
386 306 275 82 237 349 63
403 229 199 74 333
25 186 388 343
-224 -238
89 305 35 345 315
242 163 354 402 391 63
50 86 87 246 326 223
-112 -280 -65
-335 -21 -358
-242 -30 -354
3 147 202 27 109
86 359 198 87 246 223
368 2 345 315
291 181 137 219 335
-388 -58 -192
-354 -78 -205 -112
339 185 10 379 380
402 98 163 261 406
339 344 185 10 379 380
29 147 279 253 109 366
-391 -205 -112
26 380
-311 -225 -75
305 389 143
50 86 198 87 326
321 340 276 232 378
337 6 377 59 143
160 227 311 199
33 356 282 285 378
-47 -49 -165
242 354 402 5 163 391 30
8 32 372
227 371 199 74 318
305 389 373 6 59 143
197 -129
170 114 294
-141 245 206
32 210 242 36 5 381
344 86 246 280 139
229 74 333 318
-273 -15
94 -3
178 150 283 92 143
-163 -5 -30 -354
368 2 276 184 315
-385 -189 -390 -282
228 -104
29 147 404 279 253 366
74 227 333 199
147 404 292 253 109 366
16 385 148 390 282
307 151 392 218 266
89 315 126 305
-45 -253 -16
-306 -244 -285
291 181 137 394 219
243 356 340 196 285
192 388 58 92
-115 96 338
-153 -239 -373
57 10 26 87
-206 -104
305 377 6
-232 -315 -368 -184
368 2 341 232 184
369 331 37 200 218 266
321 353 340 276 232
342 376 10 379 380
139 236 222 68
344 342 376 10 379
35 291 181 137 219
-244 -285 -322
321 322 100 89 126
-234 -312 -144
370 -153
-112 -239 -337
21 358 181 393 335
337 373 6 377 143
305 389 6 377 59
49 84 22 122 47
86 246 344 379 139 302 239
50 86 359 87 198 223
321 322 353 100 293 65 89 126
368 2 276 341 184 345 315
337 305 373 377 59
-43 -95 -258 -348
-99 -191
-24 -401
82 275 306 349 30 63
402 354 5 391 30 63
-84 -49 -165
222 206 213 326
86 198 223
-311 -160
86 344 379 139 302 239
242 354 402 5 163 391 63
339 376 344 10 379
-157 14
33 196 356 378 243 340 282 285
227 311 24 199
305 35 59 345 89 315 126
86 198 326 246
336 82 116 309 330 237
321 353 403 229 232 378
50 326 198 86 87 246 359 223
337 373 6 377 59 143
-349 -63 -82 -275
-239 -65 -373
86 246 344 139 302
403 371 229 227 74 333 318
72 29 390
-339 -331 -195
130 171 39
-265 -217
289 214 120 255
339 376 342 344 185 10 380
305 345 89 59 126
258 103 296 43
-223 -274
198 326 359 223
224 83 234 238
274 84 47
72 226 148
-275 -244 -33
-163 -242 -354
403 227 371 199 74 333
274 84 57 26
322 100 293 89
227 371 74 333 318
368 2 232 315 184
33 196 340 282 285
89 315 305
302 236 222 78
278 -267
-84 -49 -122
337 305 389 143
89 305 345 315 126
94 -27
72 148 390 127
-81 -161
337 305 377 143
226 279 390 367
368 2 276 341 232 315
302 73 36 222
-45 -292 -385
302 139 222
73 36 236 68
367 127 390 279
304 274 47
-159 -312 -95 -254
-352 -292 -385
-386 -30 -306
-131 -149 -194
243 340 282 285 378
145 258 167 296 108 375
-123 406 231
303 -261
402 163 406 231
50 326 359 87 223
65 321 322 293
65 321 126 89
112 354 153 236 205 78
371 229 199 74 333 318
258 103 43 348 95
86 246 139 302
86 246 344 379 302
-16 -167 -390 -282
-260 371 333
-340 -353 -229 -232
200 50 37
-55 -202 -336
306 275 244 293 322 285 205
320 352 214 255
-274 -26 -47
160 227 311 24
208 130 39 171
385 243 390 282
200 57 50 87
-346 -98
-153 -280 -100 -373
288 -16
388 343 25 186 140
32 210 242 36 8 73 381
368 217
114 181 358 335
152 -368
402 98 20 261 406
-339 -331 -131
305 373 6 389 377
321 65 100 89 126
-63 -82 -306
226 148 390
72 127 390 367
268 -106
200 50 87
305 337 377 59 143
72 226 127
403 371 229 227 199 74 318
112 354 391 236 205 78
200 26 10 380
29 147 404 292 253 109 366
243 390 167 189
2 276 232 345 315 184
271 -8
198 359 86 246 326
368 2
321 353 403 229 378
-69 175
344 139 86 239
98 163 20 261 402 406
86 246 344 379 239
-363 399 225
244 391 153 236 205 78
-164 -121
202 3 147 109
272 -307
-144 -206 -70
336 82 116 309 330 91 237
33 340 356 378 285
57 26 37 87
326 68 206
-346 -362 -98
-354 -236 -112
356 196 340 378 282 285
16 385 243 282 189
188 213 222 68
-261 -231 -402
222 213 326 359
33 243 356 196 282
291 35 137 394 219 335
304 274 198 70 104 223
208 249 265 217 364
89 321 100 126
160 401 311 199
245 188 213 206
26 84 47
338 366
368 2 341 184 315
-267 -221
346 362 98 283
-172 -194
-155 178 150
-361 -152
-8 -381 -242 -73
-361 295 257
377 394 219
-283 -58 -143 -178
304 57 274 26
32 210 36 8 381
-35 -291
304 274 26 84
-172 -149 -194
73 139 68 36
112 244 391 153 236 205
305 389 6 377 59 143
96 404 366
32 210 36 8 73 381
4 -54
-203 255 214
224 83 238 234 398
337 389 377 143
-283 -58 -143
33 196 340 282 285 378
-153 -239 -100 -373
-132 200 37
-74 -318
49 369 37 22 200 218 331
-306 -205 -285 -322
-331 -172
16 148 390 282 189
-251 -277
331 37 22 200 218 266
342 344 185 379 380
139 68 78
226 148 390 279
-55 -42 -309
-249 -208
-84 -22 -122
402 163 20 231
192 97
33 243 340 282 285 378
339 342 185 10 380
403 276 229 340 232
368 276 341 232 315
-109 -366 -29
-306 -205 -285
16 385 148 390 167 282 189
243 340 282 378
-237 -330 -116
385 148 390 167 189
-287 -351
284 -59
49 369 331 200 218 266
-243 -33 -196 -340
302 139 236 78
-394 -137 -181
72 226 148 29
-289 -255
-34 -7
-236 -78
91 257 330 11
200 26 380 50
50 86 359 326 223
166 -266
-16 -189 -390 -243
42 202 27 109
353 321 403 340 229 232 378
147 42 27 109
243 340 356 282 378
368 2 276 232 345 184
-108 -262
-386 -63 -82 -306
403 229 199 333 318
337 305 59 143
72 226 29 127
-276 -345 -368 -184
-47 -122
57 26 380 37
33 340 356 282 285 378
280 344 379 302 239
-320 -45 -253 -16
-8 -210 -5 -73
-243 -285 -356 -340
-153 -280 -337
394 219
-344 -185 -339
-376 -369 -195 -172
368 2 276 232
-108 -299
-128 226 72
145 134 262 298 299 108
305 373 377 389
72 279 367
89 305 35 345 315 126
256 178 307 150 215
16 385 148 390 167
305 291 35 345 89 59
-354 -236 -205 -153
276 341 232 184
403 371 229 74 333
-104 -274
-16 -385
82 116 330 91 237
321 322 353 89 126
73 139 36 222
50 37
217 371 333
-147 -253 -279
-285 -196 -340
384 -274
212 -282
280 379 246 86 344 139 239
187 207
337 305 373 143
-388 -58
321 353 403 276 229
49 369 331 22 200 218 266
50 198 326 246
16 243 148 282 189
200 26 37 87
-309 -82 -330 -116
242 163 354 402 5
78 139 68 36
243 196 340 356 282
403 227 229 371 199
342 344 185 380
245 188 213 222
339 344 376 185 10 380
266 218 307
73 139 302
326 246 198 359
-334 -106 -159
121 164 25 346
227 403 229 371 199 74
320 385 352 45 292 253
208 130 39 75
119 149
133 -109
112 337 65 100 373 280 153 239
353 321 276 229 232 378
315 305 89 59
337 305 6 59
86 359 198 87 223
-386 -63 -275
50 86 246 198 359
-118 343 186
62 -331
-58 -150
402 163 231
16 385 167 282 189
321 100 293 89
78 139 68 222
-197 170 129
65 321 100 293 126
403 229 74 333
2 276 232 345 315
200 50 10 87
-106 -55
-218 -151 -307
321 403 340 229 276 378
16 385 148 390 189
225 342 46 185 254
-171 -130
216 -50
7 -97
86 50 198
-155 -350
341 184 345 315
145 258 375 167 108
-215 -134
68 245 206
33 243 356 196 340 282 378
16 243 390 167 282
2 276 341 184 345 315
49 37 22 200 218 266
202 42 109
188 213 68
403 276 229 232 378
-8 -210 -36
-32 -381 -5 -36
-67 63 30
57 50 380 37
353 321 403 276 229 232 378
-37 -22 -266
188 206 326 68
72 390 367
339 342 376 185 10 380
305 373 389 59
305 35 345 315 59
26 380 37 87
-331 -195
-178 -307
266 218 307 151
403 371 229 199 74 318
307 151 218 266 332
-298 -262
-319 5 242
96 338 187
26 50 10 37
368 2 276 341 232 345 315
305 35 89 315 59
-287 -201
50 326 246 87
371 227 199 333
200 50 380
345 305 315 89
82 116 309 330 237
50 86 87 223
392 218 266 307
-200 -331 -266
2 276 341 345
337 305 373 6 59
321 353 89 126
16 243 390 167 282 189
368 341 232 345 315 184
121 164 54 25 346
305 337 6 377 59 143
139 236 78 68
222 188 245 326
-77 207 187
33 243 196 285
305 315 59
314 -335
50 326 198 246 223
286 -376
86 246 280 139 302
117 -373
208 249 217 364
32 334 183
73 139 68 222
-146 236 78
72 226 390
344 10 379 380
86 246 344 379
304 57 274 47
403 227 229 333 318
403 371 229 227 74 333
89 35 345 315 59
175 406 231
321 353 100 293 126
-186 -388
85 -73
51 -139
368 232 2 276 341 184 345 315
182 -355
103 296 348 95
72 367
339 376 185 10 380
-142 -210 -188
361 -295
-386 -237 -275
242 354 402 5 391
197 -170
89 126 305
302 68 222 36
-54 -121 -346
337 305 373 59 143
184 341 190
242 163 354 5 391 30
-255 -320
-147 -253 -366 -29
-159 -95
16 385 243 390 282
16 385 243 167 189
2 276 341 232 315 184
213 210 107 381
243 148 390 282 189
354 244 391 236 205 78
-376 -195 -131
-213 -188
-336 -82 -330
245 68 213 222
71 -167
73 139 68 302
-37 -22 -331 -218
-205 -293
210 107 381 142
-207 -187
-116 -137 -364 -294
-41 -69
50 326 198 246 86 87 359
243 196 340 285
321 353 403 229 232
16 385 243 167 282 189
304 57 26 47
305 291 35 315 126
222 68 213 326
33 243 340 285
280 246 344 139 302 239
305 389 373 377 59 143
-308 -209
72 148 390 279
8 32 204
50 86 198 246 223
227 371 229 199 74
379 246 344 139 302 239
337 389 373 377 59 143
2 276 341 345 315
206 68 213 326
-55 -309
86 246 280 379 302 239
321 65 100 293 89
403 227 371 199 318
206 213 326
25 186 388 140
68 78
339 376 344 185 10 379
305 373 6 377 59 143
344 342 376 185 379
29 404 279 109 366
353 340 229 232 378
339 342 185 379 380
-349 -30 -82 -275
-39 -208 -171
-124 352 320
-109 -253 -29
243 148 390 167 282 189
337 389 59 143
368 2 232 345 315
368 2 276 232 315
24 401 221 79
-321 -229 -232
291 35 181 394 219
33 196 356 340 378 282
24 401 267 221
368 232 184 345 315
243 356 340 196 378 285
-373 -337
29 147 279 253 109
-349 -30
319 -242
321 340 229 378
242 163 402 30 63
385 390 167 282 189
339 376 344 379 380
276 341 232 345 315 184
49 369 37 22 200 331
316 -47
86 246 280 302 239
-391 -236 -205 -112
-373 -389 -305 -377
16 385 148 167 189
-375 -296 -167 -145
-140 -92 -192
-378 -321 -403 -232
291 345 315 59
321 340 229 276 232 378
-185 -399 -46
188 213 206 359
198 86 246 223
98 402 20 163 231
129 170 294
65 322 100 89
65 322 100 293
-349 -30 -82 -306
82 275 306 386 349 30 63
112 354 391 153 236 78
33 356 196 340 285
337 65 100 373 280 153 239
50 326 359 198 223
32 210 36 8 73
-376 -331 -195
-110 95
369 331 49 37 200 218 266
291 59 345 315 126
-214 -138 -320
368 2 276 232 184
-295 -170 -28
-32 -210 -242 -36
-295 -257
291 35 89 315
-365 148 390
222 206 245 326
200 380 37
68 213 326
89 305 291 345 315 59
402 20 261 98
-205 -285
-139 -246 -239 -379
-343 -25 -140
339 344 185 379
160 401 311 24
-32 -210 -5 -73
89 305 345 315 59
337 305 373 389 59 143
386 275 306 349 30 63
226 127 390 367
244 391 153 236 78
50 198 87 223
-31 116
337 373 389 6 377 59
-308 -220
307 151 218 332
-144 -245 -70
65 321 353 100 293 89
-160 -225
65 321 100 293
-291 -219 -137
402 163 354 30 63
161 -262
57 10 50 37
-292 -385
-47 -22
32 210 242 36 5 8 73 381
321 322 353 100 293 126
276 341 232 345 315
321 353 100 89 126
321 322 65 100 89 126
279 127 367
339 376 185 380
305 291 89 59 126
315 345 89 59 126
129 114 358 294 170
-295 -170 -193
127 390 367
102 -348
321 65 353 100 293 126
89 345 315 126
-112 -239 -100 -373
-320 -45 -292 -16
371 403 229 199 74
-331 -195 -172
-179 -69
280 86 246 344 302 239
65 321 353 100 293
337 373 6 389 377 143
305 291 89 315 59
89 59 305
227 371 229 74 318
98 163 20 261 231
386 306 237 63
-311 -399 -39
210 107 188 213
-111 -324
98 402 20 261 231
-306 -205 -285 -293
289 214 120 317 255
50 86 359 87 246 223
33 306 275 244 322 285
280 86 246 344 239
89 322 293
72 226 327
16 385 148 167 282 189
369 49 37 200 266 331
300 -92
129 114 358
-354 -236 -153
265 371 333
-349 -63 -237
-119 -149
303 -20
-377 -97 -219
112 354 244 391 205 78
279 148 29 367
-200 -49 -331 -266
385 148 390 167 282
33 243 356 340 196 282 285
65 321 293
-18 142 107
-224 -83 -234
-290 21 393
302 36 222 78
298 190 262
200 26 380
-183 -334 -8
-385 -167 -148 -282
225 342 185 254 399
258 375 296 108
337 389 6 143
403 199 74 333 318
385 243 390 167 282
226 390 367
-306 -244 -33 -322
-200 -49 -369 -218
89 315 126 35
-137 -364
-186 -54 -388
-178 -307 -256
3
198 87 326 359
-99 140 388
-163 -5 -30 -391
321 353 276 229 340
50 198 86 246
210 213 188 381 142
-35 -219 -137 -335
-108 -134 -262
86 246 326 87 223
147 292 404 279 253 29 366
385 243 148 390 189
200 26 380 37
258 348 95 103
-256 -215
260 -371
16 385 243 148 282
403 371 229 227 74 318
26 50 37 87
145 258 167 296 108 189
-129 -28
86 246 344 239
188 213 222
200 57 10 87
296 258 348 103
72 187
-55 -42 -336
321 353 340 276 378
-126 -89
-310 -146
-120 -45 -375
336 42 309 202
-322 -293
371 403 333 318
242 163 402 391 30 63
49 369 22 200 266 331
326 86 87 359 223
344 339 376 380
65 322 293 126
-283 -58 -389 -178
371 333 318
339 376 342 344 185
16 385 243 390 167
-306 -205 -322
-107 -210 -213
-227 -199
402 354 163 5 391 30
160 401 227 311 24
-78 -112
351 -227
270 -28
117 -337
326 359 198 87 223
339 342 185 380
73 139 222 78
344 139 302 239 246 86 280 379
403 371 229 199 74 333 318
-29 -279
386 82 275 306 349 237
29 147 292 404 279 253 109 366
139 236 78
65 353 100 293 89 126
-265 -364 -249
242 402 163 5 391 30 63
32 210 242 36 5 73
248 -353
57 10 50 87
-112 -239 -65 -337
72 148 29 390
89 291 126
385 243 148 390 167 282
217 2 265
242 354 163 5 30 63
280 86 246 344 379 302
-292 -366 -279
-243 -285 -196
-381 -210
-301 375
-387 -134
152 -2
98 163 20 402 261
243 390 167 282 189
402 163 20 261 406 231 98
339 342 376 185 10 379
337 373 389 377 143
188 222 206 359
302 73 236 78
78 139 36 222
-5 -30 -354
-280 -65 -337
-71 189 167
294 129 358
3 42 147 202 109
-8 -210 -242
368 276 232 345 315
326 222 206 359
51 -302
-376 -369 -195 -131
73 236 222 36
-284 59 305
65 322 293 89
365 -390
200 57 26 37
16 385 243 148 167 282 189
73 139 36 78
-349 -30 -237 -275
-126 -305 -315 -291
227 371 199 74 333 318
371 229 333 318
354 244 391 153 236 78
78 139 236 222
33 306 275 244 322 205 285
89 35 345 315 126
32 372 334
369 49 37 200 218 266
65 321 322 353 100
321 322 353 100 65 89 126
-375 -258 -167 -108
401 267 79 327
112 244 391 153 236
49 369 37 22 200 266 331
337 373 389 6 59 143
222 68 245 206
-210 -242 -36
200 50 37 87
-159 -254
-380 -185 -339
-22 -218
227 229 199
-296 -258
-91 -330
65 100 373 280 153
339 376 344 185 10
54 343 25 186 140
65 322 100 293 89
225 342 46 185 254 399
53 -311
-214 -138 -352
74 229 318 199
-395 -329
302 73 36 78
33 306 322 244 293
-354 -236 -205 -112
379 344 139 302 239
165 151
-309 -82 -91 -116
222 245 206
389 373 377 59 143
-320 -292 -385
-328 204 183
246 198 326 359 223
326 359 86 246 87
178 389 150 283 143
368 232 2 276 184 315
377 97
26 50 37
376 342 344 10 379 380
-219 -181
-117 -363
16 243 148 390 167 282
-201 404 366
-275 -244 -285 -293
33 243 282 285 378
73 236 78
227 229 199 74 318
368 2 276 341 184
227 229 74 318
305 291 345 315 126
-261 -98 -231 -402
289 20 261 121 317
188 245 206 359
139 236 302
50 86 87 246 223
229 199 74 333 318
57 50 380
112 354 244 391 153 205
-341 -262 -190
342 344 10 379 380
188 68 245 222
16 385 167 189
179 -120
-78 -205 -153
132 -37
403 371 227 199 74 333 318
243 356 340 378 285
-401 -199 -311
-24 -227 -160
78 68 222 36
65 322 100 293 126
57 10 380
305 389 6 59 143
-188 -206 -68 -326
-16 -167 -148 -243
241 -234
188 213 222 359
402 163 354 391 30
206 188 213 222
139 36 78
-296 -167 -108
-378 -321 -229 -232
-225 -39
-139 -86 -280 -344
213 326 359
8 372 334
252 -391
-386 -63 -82
29 147 404 279 253 109 366
-163 -242 -30 -354
258 167 296 108
-163 -242 -30 -391
112 354 244 391 153 236
-339 -172
368 341 184 315
145 134 262 299 108
-37 -49 -331
371 227 229 403 333
383 387
-202 -3 -109
124 -320
232 368 276 184 345 315
83 362 107 142
89 291 305
210 242 36 5 8 381
-49 -369 -218
196 340 356 282 285
86 246 344 139 302 239
304 274 84 57 47
82 275 386 349 30 63
326 68 206 359
-147 -253 -404 -29
-78 -244 -153
385 243 390 167 282 189
-345 -315
-109 -253 -366
305 373 6 377 143
-41 336 309
16 243 148 390 282 189
-22 -331 -266
16 385 243 390 282 189
-104 -70
-244 -285 -293
-354 -205 -153
86 198 87 223
-287 230
353 403 276 340 232 378
-333 -368 -217
-11 -330 -257
98 402 261 231
89 321 293
407 -208
139 36 236 302
385 243 148 390 282
-104 -198 -274
321 353 340 229 378
86 246 344 139
302 73 139 222
376 342 344 185 380
-11 -91 -295
77 -187
-153 -280 -65 -337
-395 213 188
-275 -244 -322
339 344 379 380
245 188 213 359
305 389 6 377 143
26 380 50 87
-109 -292 -366
280 344 379 239
-149 -194
-168 43
148 29 390 279
-337 -389 -59 -377
321 353 403 340 232 378
-239 -337
305 337 6 377 59
86 359 198 87 246 326 223
23 -275
52 -222
-344 -10 -342 -339
-318 -229 -199 -333
148 390 127
194 131 149 172
226 390 279
9 -55
-145 -299 -262
33 243 282 285
-17 276 232
368 2 341 184
-386 -63 -82 -275
-331 -195 -131
-398 -83
49 369 200 266 331
-354 -236 -205
-232 -315 -368
-56 138
-32 -242 -36
379 86 280 139 239
403 229 199 333
89 291 35
230 190
-369 -195 -131
188 326 359
82 275 306 386 349 30
-37 -49 -331 -266
50 326 87 359
8 334
406 231
-156 280 239
305 291 35 345 126
338 366 207
-401 -199 -160
305 337 389 377 59
227 229 74 333 318
338 187 207
89 305 291 35 345
-202 -309
-376 -195 -172
-25 -164 -346
276 341 232 315 184
305 89 59 126
-51 302 139
-63 -237 -275
-147 -253 -366
321 65 322 100
-46 -195
46 195 14
139 68 302
132 -200
-180 265 217
33 306 275 244 293 322
57 50 87
305 291 315 126
50 10 87
35 291 181 219 335
321 353 340 276 232 378
-394 -219
-336 -82 -330 -116
-354 -205
29 292 109 279 253 366
386 406 231
-379 -10 -185 -339
368 276 184 345 315
-248 353 321
403 229 199 74
232 2 341 184 345 315
-320 -253 -385
-320 -45 -292 -385
-280 -65 -373
368 371 333
-150 -332 -256
321 276 229 232 378
380 37 87
188 68 222
280 379 86 246 344 139 302
302 139 68 36
394 219 6
-36 -68 -78 -139
-24 -199 -160
-352 -45 -385
321 322 353 65 89 126
72 226 148 390
371 403 229 199 333
208 130 75 171
-349 -275
305 337 6 377 143
-138 -320
-349 -63 -275
124 -352
-402 -242 -30
123 -231
-15 143 389
188 213 206
258 167 296 108 189
60 -134
188 206
-349 -30 -237 -306
371 333 199
321 353 403 340 229 378
339 344 342 376 10 380
339 376 342 344 185 10
-376 -339
-140 -388
291 35 345 89 59 126
68 245 222
112 244 391 153 236 205 78
50 326 198 87 359
86 87 326 359
-112 -100 -337
353 322 100 293 89
291 35 89 126
-89 -305 -315 -35
231 349 175
368 217 265
-236 -244 -112
264 -198
302 73 68 222
127 29 367
256 134 215 299
321 65 353 293
-147 -292 -366 -29
68 326 359
233 -246
81 -294
371 227 199 333 318
-359 -326
305 291 59
89 345 315 59
258 375 296 167 108
403 227 229 199 318
226 127 29 367
227 229 199 74 333 371 403 318
-12 254
26 50 10 87
336 82 309 330 91 237
-234 -144
12 -254
188 245 326 68
386 349 175
291 35 59 345 315 126
392 122
40 -163
68 213 222
-233 246 86
210 188 381
32 210 36 5 8 73 381
93 -330
246 280 139 302 239
232 368 276 341 184 345 315
-385 -167 -243
-318 -229 -227 -333
-339 -195 -131
320 385 352 16 292 253
208 249 39
302 139 222 78
16 385 243 390 167 189
-354 -236 -244
-280 -100 -337
321 322 65 100 293
305 337 389 377 143
337 389 6 377 59
373 389 6 377
16 385 243 148 167 282
217 2 333
35 181 137 394 219 335
226 148 279 367
292 404 109 279 253 366
112 354 244 391 153 236 205 78
-346 -283
305 389 377 59 143
396 -127
33 243 196 340 356
-379 -380 -342 -339
353 403 340 229 378
279 29 390 367
72 148 127 367
139 68
353 321 403 276 229 340 378
298 341 190
-342 -225
-131 -194
-99 -328
160 225 75 39
-127 -367
54 343 25 186
33 243 196 340 378
305 35 89 315 126
-391 -78 -112
-200 -22 -331 -218
73 36 236 302
38 -165
403 340 229 276 232 378
385 243 148 390 167 282 189
-391 -78 -153
-387 -215
-143 -389
33 306 275 322 293 244 285
257 330 11 295
65 100 293 126
257 129 193 170 28
339 342 344 185 380
305 389 373 6 377 59 143
-308 -264
115 -338
96 404 207
139 236 222 36
100 373 280 153
377 389 143
-177 -101
402 20 406 231
402 98 20 163 406 231
-109 -292 -366 -29
-99 -329
98 163 20 406 231
72 226 279
-178 -332 -215
119 183
147 292 279 253 29 366
321 65 100 293 89 126
200 26 37
-244 -205
188 245 206 68
337 100 373 280 153
392 218 307 332
206 245 326
32 242 36 5 8 73
-83 -362 -142
250 -114
-343 -54 -388
57 50 26 37
146 -78
72 148 29 279
386 349 231
33 243 356 196 282 378
337 373 389 6 377
368 2 276 341 232 345
-175 -11
-144 -245 -104
-147 -253 -404 -279
-121 -289 -20
402 163 261 231
50 198 86 87 246 359 223
321 322 293 126
202 42 309 55
326 198 86 359
208 249 75 39
-13 -357
133 -147
50 86 198 223
-257 -170 -28
50 86 326 246 198 223
305 291 89 315 126
-329 312
269 -386
200 50 380 37
-375 -296 -189 -108
73 236 78 68
-43 -95 -258 -103
-35 -394 -181
16 148 282 189
386 82 306 275 237 63
-32 -210 -242 -73
-401 -199
304 84 57 26 47
229 318 199
-306 -205 -33 -293
-159 -312
72 226 390 367
16 148 390 167 189
86 50 198 326
353 321 340 229 276 232
307 151 392 218 266 332
-16 -167 -390 -243
226 148 29 127
-8 -242 -36
-314 -60
72 127 390 279
290 -21
98 20 406 231
31 -116
-238 -362 -107
187 366
336 116 309 330 91 237
178 389 150 58 143
3 42 27 109
86 280 139 302 239
33 243 196 340 285
-318 -229 -199 -371
-342 -225 -46
-200 -22 -369
88 -344
243 196 378 282 285
403 227 199 74 333 318
-37 -22 -331
29 147 292 279 253 109
386 306 237 30 63
305 291 35 59 315
266 218 307 332
-330 -257
-283 -92 -143 -178
-238 -83
18 -142
353 403 276 232 378
339 342 376 10 379
222 245 326 359
321 353 322 100 293 65 89
337 389 377 59 143
-326 -223 -86 -50
161 -298
-30 -82
-243 -33 -196 -378
33 243 340 282 285
305 291 35 345 59
339 376 344 185
79 327
151 392 218 266 332
-349 -63 -82 -306
-306 -285 -322
-37 -369 -218
208 39 249 75 171
-309 -237 -91 -116
-70 -198
256 387 134 215
372 334
50 326 198 86 87 359 223
337 389 143
216 -87
-400 244 205
339 376 185 10 379 380
368 2 276 341 232 184
-164 -289 -261
68 245 206 359
305 373 389 6 143
305 373 389 6 59
392 218 151
-179 120
-200 -369 -218
-281 171 130
258 43 103 95
1 -6
320 352 214 138
226 279 29 367
243 196 340 282 378
-61 35 291
200 57 26 380
344 376 185 379 380
73 36 78 68
371 403 229 333
-232 -345 -368 -184
-136 144
-30 -82 -275
-131 -355
371 199 74 333 318
337 305 389 6 377
100 293 89 126
345 89 291 305
227 333 318 199
242 354 391 30 63
204 183
404 366
33 322 244 293 205 285
210 107 188 142
49 369 37 22 200 218 266
-338 -366 -187
-391 -236 -244 -153
-92 -389 -178
-310 -329
291 35 315 126
371 229 199 74 333
148 390 367
280 379 246 344 139 302 239
33 306 275 244 205 285
305 291 345 89 315 126
-112 -280 -100 -337
-283 -92 -389 -178
-217 -208
-217 -364 -249
182 -194
337 305 373 377
-153 -239 -65 -337
-130 -193
2 276 232 315 184
-82 -91 -116
344 339 342 376 379
-391 -236 -112
68 222 206 359
-291 -394 -335
33 196 340 285
-25 -164
333 318 199
-320 -292 -16
-58 -389 -178
402 163 354 5 30 63
344 342 376 185 10 379 380
73 68 78
49 369 37 22 200 266 218 331
113 -42
227 371 229 199 333 318
82 275 306 349 237 30 63
57 274 26 47
-314 335 181
68 222 326
-195 -131
385 243 390 282 189
232 345 315 184
-112 -280 -337
114 21 335
-35 -394 -137 -335
-21 -393
321 65 353 89 126
-112 -65 -337
321 322 353 293 126
385 243 167 282 189
118 -343
200 57 37
337 373 389 6 59
-70 -223
389 150 58 92 143
-31 -248
160 225 39 75 311 399
43 348 103 95
50 326 86 223
-39 -249 -130
242 163 354 402 5 63
98 163 261 406 231
200 50 10 37
50 37 87
112 337 100 373 280 153 239
65 321 89
89 65 293 353
176 -29
32 242 36 8 73 381
72 226 148 127
-337 -389 -305 -6
319 -5
175 386 231
-47 -165
305 291 89 126
337 389 6 377 59 143
276 341 232 345 184
242 354 402 5 163 30
305 315 291 35 345 89 59 126
-237 -82
-276 -315 -2 -184
-112 -280 -65 -337
337 305 373 389 59
112 337 100 373 280 153
-14 -355 -21
90 -356
321 293 353
72 187 207
-39 -208 -130
16 243 148 167 282 189
348 383
-343 -25 -388
-48 -347
184 190 262
385 243 390 167 189
148 390
368 217 333
371 333
257 129 193 295 28
17 -276
33 243 196 356 282 285
337 59 373 377
65 322 293 353
16 385 148 390
74 371 333 318
337 305 373 6 389 59 143
337 373 6 377 59
236 78
225 39 311 75 399
-139 -86 -280 -379
-202 -42
388 54 343 186 140
-398 -83 -234
305 291 345 89 59 126
-121 -317 -261
321 322 65 100 293 89
208 75 39
-361 -365
368 2 276 341 232 315 184
-352 -385
395 -188
368 2 341 232 345 315 184
32 242 36 8 73
345 305 315
50 246 86 87 326 359
-376 -369 -195
65 322 321 89 126
-240 159
3 147 27 109
337 373 377
-205 -112
-37 -49 -369 -266
337 305 373 389 6 143
305 291 35 345 315
337 305 377 6
26 380 87
16 385 390 167 282
86 246 326 359 223
280 246 344 379 302 239
-99 -233
-251 383
-391 -236 -205
-112 -337
210 213 107 188 381
98 163 20 402 406
405 -326
338 187 404
86 280 139 239
-164 -317 -20
98 402 20 231
369 37 22 200 218 331
304 274 84 26 47
-70 -304
178 389 283 92 143
-150 -307 -256
368 232 341 184 315
208 249 130
26 50 380 37
273 -46
160 401 227 199 24
32 210 242 36 5 8 381
156 -280
-8 -381 -36
98 163 20 406
-276 -315 -368 -184
-151 -392
403 227 229 74 333
98 402 231
-112 -65 -373
188 68 245
-349 -63 -82
112 354 244 153 205 78
339 342 376 185 10
403 371 229 227 199 74 333
211 -79
323 -145
368 2 276 341 184 345
-210 -5 -36
-386 -63 -237 -306
368 2 276 345 315
188 68 213 326
57 26 47
222 68 245 326
-236 -205 -112
321 353 403 276 229 340 232
-320 -253
232 2 276 341 184 345
3 147 42 27 109
-228 104 70
243 148 390 167 189
206 222 326
-232 -345 -368 -341
-122 -392
403 227 229 318
-186 -224
403 371 199 74 333
315 35 89 59 126
345 89 291 126
294 129 114 358
339 342 344 185 10
379 86 246 139 239
245 68 213 206
178 389 150 283 92 143
32 210 242 5 8
-30 -237 -275
368 2 276 232 345
139 68 236 302
341 232 345 315 184
-23 306 275
401 267 221 79
114 21 393 335
304 274 26 47
82 275 349 237 30 63
200 10 380 87
326 359
305 337 389 6 377 59 143
-74 -229 -199 -333
36 222 78
-174 362
35 291 89 59 126
403 227 229 371 199 333 318
148 390 279
280 344 139 239
139 36 236 78
392 218 266
-4 54 25
112 65 337 100 373 153
147 292 279 253 109
210 242 5 8 381
280 246 344 139 239
-243 -196 -340
50 86 246 198 359 223
-120 -45
-166 266 218
74 229 318
368 2 341 345 315
-243 -285 -356 -378
-306 -244 -33 -293
159 312 95 254
-349 -63 -237 -306
-293 -65 -353 -89
337 305 373 389
-283 -58 -143 -150
139 236 68
243 196 340 282
50 198 87 86 326 223
305 35 345 315
160 401 227 199 311
-112 -280 -373
-268 106
178 283 92 143
206 213 326 359
-1 6 377
341 262 298 190
50 198 86 87 359
57 274 84 47
302 68 36
371 227 229 199 333
402 242 354 163 391 30 63
342 376 185 10 379 380
336 82 116 309 237
50 86 326 87 359
-37 -49 -369 -218
-255 -214
180 -217
402 98 20 261 406 231
32 210 242 36 8
326 188 222 206
326 245 206 359
72 367 127 279
32 210 242 36 73 381
243 356 196 282 378
-382 74 318
393 21 181 358
339 376 10 380
145 167 108 189
337 389 6 59 143
-121 -289 -261
-83 -234
371 333 229
10 380 87
18 -107
374 -322
379 86 246 280 139 302
-154 342 185
-31 -363
210 107 381
-352 -45 -292 -16
-361 -64
280 86 344 379 139
-200 -22 -369 -266
74 318 199
-257 -193
65 322 293 89 126
377 389 6 305
194 355 21 393 14
337 305 373 6 377 59 143
-44 24 401
371 227 229 199
258 375 167 108
130 39 249 75 171
-402 -242 -63 -354
337 373 389 377
-85 73 36
-342 -185
242 402 5 391 30 63
403 340 276 232 378
353 100 293 89 126
200 57 50 380
-153 -280 -100 -337
200 26 50 37
187 404 366
139 68 222 36
-185 -225
-8 -381 -5 -73
263 -22
158 -98
200 57 26 50
-354 -78 -112
225 311 75 399
-223 -198
10 50 37
247 -398
403 229 74 333 318
73 36 78
-309 -330 -116
320 385 352 45 16 253
86 198 87 326 223
342 376 185 10 379
-54 -164 -346
-64 403 229
321 403 340 276 229 232 378
313 -89
339 342 344 10 380
72 390 127
-349 -237 -275
-150 -307
337 305 373 389 6 377
33 243 196 282 285
245 213 326 359
-178 -215
386 349
39 311 75 399
-198 -304
-30 -82 -306
-352 -253 -16
208 130 39 249
353 293 89 126
402 98 20 406 231
402 20 261
32 210 242 5 8 381
-153 -239 -337
321 340 232 378
310 -283
-19 -62
188 68 359
134 262 298 299 108
305 35 345 315 126
-376 -331
-45 -253 -385
-386 -30 -237 -306
379 86 246 344 139 302
74 333 318
16 385 243 148 390 167 189
245 70 104 206
188 68 326 359
49 369 200 218 266
227 229 199 74
50 380 87
258 375 167 189
72 226 29 367
148 127 390 367
371 229 199 333 318
-372 -334
-125 378 340
291 35 345 89 315
306 275 244 293 285 205
10 380 50 87
-212 282 243
3 42 147 202 27 109
-346 -362
347 -253
-112 -280 -100
-153 -280 -65 -373
401 327 24 79
-232 -315 -2 -184
33 356 196 340 378
29 390 279
-309 -82 -91
98 406 231
68 206 222
-320 -45 -253
337 305 373 389 6 377 143
291 35 89 59
305 337 389 6 377 59
-111 -284
86 50 198 87
305 59 373 377
-47 -49
-275 -293
188 68 206 222
368 341 232 184
368 276 341 232 345 184
163 261 406 231
206 188 245 326
339 342 344 185 10 379
72 226 29 279
73 68 222 78
353 321 403 276 229 378
-148 -390
210 107 188
337 305 389 6
-81 294
112 65 100 373 280 153
258 167 108 189
-121 -317
-340 -353 -403 -232
65 100 293 89 126
50 86 87 326 223
379 86 344 139 302
403 340 229 232
98 163 20 402
-254 -225
-226 -72
368 217 371
-330 -295
-145 -108
-107 -210 -188
-402 -242 -30 -391
3 147 109
32 210 242 36 5 8
210 213 107 381 142
-210 -242 -73
188 222 206
50 326 87 223
98 402 261 406 231
-362 -98
-181 -393
304 274 198 70 104
363 -225
243 390 167 282
-20 -261
-291 -137 -181
50 246 326 87 359
280 344 379 139 239
242 354 402 5 391 30 63
337 305 389 6 143
-101 372 334
65 322 100 293 89 126
198 87 326 246 359
50 198 359 86 326 223
154 -342
-291 -394 -181
-306 -285 -293
-336 -309
385 243 148 167 282 189
112 65 337 100 373 280 153
372 334 183
368 333
72 29 279
65 321 353 100 126
-8 -210 -5 -36
382 -318
280 86 344 302 239
145 258 375 296 167
376 342 344 185 10 379
-387 -215 -134
-34 -272
-276 -232
302 68 236 222
-102 -400
-271 32 8
245 188 213 326
261 406 231
226 29 279
226 148 29 279
33 243 196 340 356 378 285
35 291 181 137 394 219
-104 -198
96 187 366
339 376 342 344 379 380
29 147 404 279 109 366
200 26 380 87
-336 -237 -330
-139 -86 -239 -379
258 375 296 167 108 189
376 342 344 185 379 380
-130 -28
86 139 302 239
321 353 293 89 126
200 50 380 87
353 276 340 229 232
-327 -221 -401
-157 -259
286 -339
-375 -258 -167 -145
243 340 378 285
339 342 344 185 10 379 380
289 164 261 20 121
379 246 86 344 139 239
-391 -354
188 222 326 68
291 315 35
399 75 311
49 369 200 266
315 89 59 126
-153 -239 -100
-255 -138 -320
368 232 2 276 184 345 315
29 147 292 404 279 109 366
344 86 280 379 239
112 244 153 236 205 78
33 243 196 340 356 282
145 258 167 296 189
-14 -194
-161 298 262
50 198 359 246 223
385 243 148 167 282
-265 -208
16 385 243 390
371 227 229 199 74 333
-254 -399 -46
339 342 344 10 379 380
384 -304
-275 -205 -33 -293
65 321 322 353 100 126
291 35 345 89 126
145 258 167 108 189
73 236 222 78
-109 -253 -366 -29
50 10 380 37
305 291 35 126
-106 -55 -43
-354 -78 -244 -153
147 404 292 279 109 366
321 100 293 89 126
-332 -307
305 389 59 143
229 199 333 318
145 258 375 296 108
57 380 37 87
50 326 246 359
114 358 294
280 379 246 344 139 302
368 2 276 341 232 345 184
-401 -227 -160
-270 193 28
49 369 37 22 266 218 331
-257 -28
313 -126
-295 -129 -28
112 354 244 236 205 78
68 245 326
227 199 74 318
208 130 249 171
210 188 213
68 206 359
-317 -289
50 380
129 170 358 114
402 163 354 242 391 30
337 6 377 59
112 337 65 100 373 239
-241 234
24 221 79 327
321 403 276 229 232 378
-22 -369 -266
345 89 315
243 196 356 340
89 65 100
20 261 406 231
305 291 35
-375 -258 -189 -145
-135 75 39
-184 -262
-245 -70
-308 -141
210 381 188 213
72 226 79
305 389 373 377 143
246 198 326 87 359 223
-55 -202 -309
162 -121
16 385 243 390 189
184 341 262
-275 -285
-11 -257
96 187 207
-407 249 208
302 36 78
242 402 163 5 30
-354 -244 -153
337 59 305
203 -214
145 258 375 108 189
-70 -198 -304
-302 -246 -239 -344
-32 -8
242 402 163 5 391 30
-153 -239 -65
226 127 29 279
68 236 222 36
-399 -225
305 373 389 377 59
289 164 261 121 317
236 222 78 36
305 291 345 89 126 315 59
-63 -30
329 -312
257 129 193 295 170 28
-14 -355 -393
110 -95
280 246 344 379 139 239
321 276 229 340 232
77 -207
-386 -82 -275
57 26
50 326 86 246 223
-170 -129
89 321 353
345 305 291 59
50 326 198 246 86 359
49 84 165 22 122 47
403 227 199 74 333
112 244 391 153 236 78
222 188 245 206
160 225 39 75 399
368 2 371
338 187 366
403 371 229 333 318
401 267 221 327
403 340 229 276 378
-288 16 385
368 232 2 341 184 345
-53 311 160
-336 -237 -330 -116
-116 -137
33 306 322 244 285
220 -83
-352 -45 -253
320 385 352 45 16 292 253
210 242 36 5 73 381
72 29 390 279
344 379 139 239
377 389 305
33 306 322 244 293 285
-164 -289 -20
32 210 242 36 5 73 381
98 163 402 231
16 385 243 390 167 282
206 188 213 326
225 46 185 254 399
178 389 58 283 92 143
336 309 55 202 42
-140 -58
-258 -167 -108
16 385 243 167 282
188 213 206 68
-40 163 402
304 274 57 26 47
336 82 116 309 91 237
147 404 279 253 109 366
57 10 26 37
-145 -134 -262
107 188 213
-289 -255 -120
-32 -210 -242
33 356 340 282 378
402 261 406 231
296 258 348 95
24 401 267 327
375 296 167 108 189
208 75 171 39
337 305 373 377 59 143
112 354 244 391 236 205 78
-98 -283
148 29 390 127
-160 -39
321 322 353 100 293 89 126
280 86 246 344 379
321 353 403 340 378
-282 -33 -196 -340
280 86 246 344 379 302 239
178 389 150 58 92 143
-372 -106 -159
-354 -112
180 -265
379 86 139 302 239
-402 -5 -30
29 109 279 253 366
-254 -185 -46
232 321 340 229
-293 -100 -321 -89
73 139 68
163 20 261 231
280 86 344 139 302 239
354 244 391 153 236 205
-159 -95 -254
344 379 86 239
305 389 377 59
97 219
-150 -332
188 213 359
243 356 196 340 378
365 -148
-160 -225 -75
339 376 342 344 380
245 326 359
-291 -181
403 340 229 378
86 246 344 302 239
289 164 261 20 121 317
112 337 65 100 373 280 239
402 20 261 406
339 344 185 10 379
321 403 340 229 276
-317 -261
50 198 87
280 379 86 344 139 239
72 279 29 367
208 130 39 249 171
82 116 309 330 91 237
-134 -298
200 26 50
16 385 243 148 390 282
-42 -336
369 339 131 195 376 331
274 26 84 47
-116 -364 -294
98 163 402 406 231
210 242 36 5 8
89 321 126
73 139 236 36
337 6 377 143
-402 -242 -391
86 198 326 87
-84 -47
-49 -22
210 242 36 8 381
-145 -299 -298
-242 -63 -354
33 275 244 293 285 205
344 185 379 380
302 68 222 78
-289 -214 -120
50 86 359 87 326 223
50 223 198 326 246 359
353 340 229 276 232 378
226 79 207
229 333 199
107 362 83 238
89 291 345 59 126
370 -112
-280 -239
280 86 344 379 139 302 239
321 340 229 232 378
291 59 89 315 126
-264 223 198
259 -256
368 2 341 232 315
-361 -357
-283 -92 -143 -150
-47 -22 -122
-253 -404 -279
16 385 243 148 167 189
339 342 344 185 10 380
305 377 59 143
160 225 311 399
-266 -218
218 307 332
16 243 390 167 189
-35 -137 -181
-354 -78
175 11
-145 -134
-275 -205 -322
-320 -45 -292
1 -377
305 337 373 6 377
-306 -205 -293
-199 -160
227 371 229 199 74 318
401 327 24 221 79
403 74 333 318
-307 -256
29 404 279 253 366
-293 -65 -321 -126
33 243 340 378 285
289 214 317 255
-389 -150
72 148 127 279
4 -25
-385 -189 -390 -243
-60 299 134
232 321 229 353
73 36 302 68
345 291 315
337 305 373 389 6
16 385 390 167
-242 -30 -391
339 344 342 376 10 379
401 227 199 24 311
200 37
243 356 340 196 282 285
35 291 181 137 335
227 403 229 199 333 318
227 229 199 333 318
242 354 402 5 30
89 65 126
353 321 403 276 229 340 232 378
98 163 20 261
-275 -33 -293
-376 -331 -172
33 306 322 244 293 205
-121 -317 -20
368 276 232 315
385 243 148 390 167 189
98 163 20 261 406 231
-120 -375
337 305 373 6
208 130 39 75 171
-347 292 253
50 86 246 223
50 86 246
135 -39
147 42 202 109
304 274 84 47
-14 -194 -393
-243 -285 -196 -378
-200 -22 -218
-112 -280 -100 -373
-42 -3 -109
-340 -321 -403 -232
403 227 229 199 74 318
-195 -14
325 -82
337 373 389 6
114 294 358 170
-121 -289
276 341 184 345 315
401 327 24 267 221 79
112 354 244 391 153 236 205
246 198 326 87 223
29 147 279 109 366
377 394 97
145 258 167 108
128 -226
65 322 353 293 89 126
-163 -242 -63 -391
141 -206
-234 -312
379 86 246 139 302
157 -14
57 10 380 87
-391 -78 -244
96 338
-185 -225 -46
-299 -262
280 379 86 344 139 302
-247 398 224
188 206 359
388 54 343 25 186
-37 -49 -266
-269 386 349
29 404 279 253 109 366
73 36 222 78
86 246 139 302 239
139 78
373 389 6 377 59
49 165 22 122 47
-344 -10 -185 -339
-144 -206 -104
-331 -218
-398 -238 -234
-402 -242 -354
-391 -78 -205
57 26 87
-112 -65
376 344 185 10 380
