-79 -13
-232 -126 -206
4 -169
-109 -25 -199
42 220 54
209 203 75 14
-30 -203
-136 -5
-3 -173 -119
-82 -6
96 224 128 176
-201 -42 -160 -134
96 129 224 208 8 169 24
-109 -67
130 114 196 202 234 11 142
54 135 42 220 125
-136 -193
96 129 224 169 74
-215 -139 -32
-198 -73
-44 -13
-139 -109 -133
185 -203
25 227 165
-5 -106
-150 -108 -179
160 55 232 201 42
90 -173
-124 -173 -176
-170 -214 -150
-224 -169 -129
1 -138
105 20 126
96 208 8 169 74 24
-3 -173 -36
96 129 224 24 74
96 129 8 169 24
128 48 235
114 230 103 11
220 54 188 125
-70 134 55
160 67 20 199 232 56 126
67 183 25 199 109
96 129 224 24 169
-2 -124
-39 -192
-48 -130 -163
133 134 55 201 42
-32 -214 -197 -150
-130 -234 -202
-58 -121
-23 -51
160 232 42 55
192 148 55 39 12
68 174 76
-150 -13
-13 -179
-175 -151
220 135 42 188 125
-74 -40
133 134 55 232 42 125
8 169 84 78
-214 -197 -13
95 152
160 133 42 125
-179 -40
-11 -196 -142 -69
-96 -169 -24 -208
-173 -159
-207 -230 -228
-45 -182
153 220 135
-223 -32
-64 -223
-176 -168 -48 -96
-71 168
-203 -75
-184 190
97 202 69
-56 -206
-36 -136
25 145 227 165
37 54 188 191
-169 -129 -74
-116 49 143
-13 -108
160 134 55 232 42 125
-77 205
-46 201 133
-186 -53
160 67 199 126 206
-96 -169 -24 -74
160 133 134 201 42
140 226 135 153 220
127 -234
97 187 181 86
100 214 141 79
134 55 201 42 125
-179 -75
81 202 69 181
100 141 214
-32 -79 -197
-138 -197
97 187 86
189 -69
130 114 69 202 11
-166 85 3
54 135 42 125
-161 -68
-155 188 54
160 67 20 232 126
-114 -196 -69
112 -75
208 129 24 169 74
-204 -136
-159 -114
-32 -197 -13
-228 -136 -65
133 134 201 42 125
-11 -130 -234 -69
114 230 103 11 159
-79 -44 -150
-54 -42 -220
24 129 163
208 179 40 74 75
130 114 196 69 202 11
81 202 181 86
-145 -45 -182
-114 -130 -234 -202
-74 -179
98 174
219 -196
-134 -192 -148 -138
-153 -120 -190
32 197 214 150 170 13 79
-163 -129 -187
-144 -58 -17
115 -126
-96 -8 -24 -74
128 130 163
228 230 103 123
129 187
-109 -201
192 226 39 135
-55 -192 -138
-221 235 163
129 235 163
-159 -176
162 -14
202 69 86 154
81 66 49 154 143
160 42 133 55
-59 -58
-133 -42 -232 -134
-183 -67
81 154 49 143
-133 -42 -160 -134
192 55 134 39 12
134 232 201 42 125
130 114 196 234 142
-124 -159 -176
192 148 39 138 12 222
29 -128
-210 -4
160 133 134 55 232 201 42
49 66 217 143
219 -130
134 55 138 12 222
81 202 181
-212 30
-56 -148 -161 -59
-5 -137 -229
148 39 55 138 12 222
220 54 135 42 188
-96 -8 -129 -74
104 -24
192 39 135 153 140
207 123 102 103
114 69 234 11 142
192 148 55 134 39 222
114 196 69 202 234 11 142
-92 -14
-96 -169 -74
-114 -130 -202
188 53 54 191
188 220 54
-170 -79 -13
-139 -32
160 67 20 232 56 126
-203 -75 -14
32 215 170 139 223
124 173 159 176
-55 -192 -148
-214 -44 -150
-14 -111
161 148 12 206
100 229 214 141
192 226 153 220
-233 -194
-119 -136 -5
-67 -232 -206
-141 -229
-193 -144
160 133 134 232 42
226 135 153 220
-10 -45 -3
123 28 207
8 169 84
-131 -200
96 129 8 169 74 24
96 129 224 8 169 74
114 196 69 234 11 142
-67 -160 -20 -56
130 114 196 69 234 11 142
202 187 181
234 142
-55 -39 -12
-200 39 192
81 154 86
-45 -3
114 130 69 202 234 11 142
-32 -214 -44 -13
192 226 39 153
-119 -204 -5
-134 -192 -12
225 98 76
160 134 232 201 125
-55 -192 -148 -222
-147 28
130 196
114 69 202 234 11 142
8 169 78
-72 -207
161 148 56 59 12 206
-194 230 103
-218 -58 -17
161 148 59 12 206
132 -102
97 202 187 181
-193 -120 -144
-55 -39 -12 -222
160 232 67 20 199 56 206
-214 -197
160 134 55 232 201 42
-199 -232 -126 -56
97 202 181 86
91 -59
160 67 199 232 206
-224 -169 -74
3 36 119 173
-31 110
160 67 199 56 206
-153 -137 -190
180 -186
179 150 40 108 13
-123 -230 -102
-61 124
81 154 69
-216 -57
140 205 191
192 220 39 135 153 140
132 -228
160 133 55 201 125
-227 -72
-121 -111
81 202 69
-213 141 229
96 129 208 24 74
-214 -44 -13
-223 -109
81 154 97
-67 -20 -206
81 202 154
220 54 135 188
18 100 214 79
-123 -103 -102
-34 123 207
98 181 174
-3 -173
-3 -119
-137 -120
226 205
146 -120
187 69
-211 135 220
-96 -8 -24 -208
-105 -161
-160 -20 -206
-224 -169 -129 -74
-139 -133
-109 -165 -199
160 56 20 199 232 126 206
130 196 69 234 11 142
54 135 42 188 125
192 140 226 135 153 220
129 8 169 74 24
160 133 201 42 125
81 97 187 181
-175 11 114
3 36 85 119 173
97 202 187 154
-53 -54 -37
-218 -58 -121
21 -224
81 49 143
130 114 196 69 202 234 11 142
225 76 174
-183 -133
39 135 153 140
-207 -230 -102
-215 -139 -170
122 -109
-11 -130 -69
88 -174
-32 -79 -197 -13
133 55 201 42 125
192 226 220 140
160 232 201 42 125
97 187 181
160 56 232 126 206
-216 154 81
-85 -36
-228 -136 -193
96 129 208 8 169 74
-96 -8 -74
-205 -168
-96 -8 -129
-106 -137
-156 -90
81 154 217
-10 -3
192 140 39 135 220
-119 -204 -106
228 103 230 102
-223 -183 -201
-202 -69
-91 -219
-220 -226 -39 -153
-109 -165 -67
-26 105
-40 -75
192 148 55 134 39 138 12 222
-153 -190
-197 -13
-133 -42 -160 -55
133 134 232 201 125
-79 -197 -13
-220 -226 -192
-199 -160 -20 -56
-215 -172
228 102 230 123 207
226 205 191
208 129 8 169 74
97 235 187
225 98
155 -54
68 174
130 114 69 234 142
-47 64 215
142 76 174
89 -2
-141 -79 -18
24 129 97
26 -105
96 129 224 208 8 169
167 -193
160 134 55 232
-102 -204 -65
-55 -39 -148 -138
160 67 199 232 126
96 129 208 8 169 24
130 196 69 202 234 11 142
48 128 176 168
161 56 12 206
96 129 224 208 8 74
212 -30
192 226 220 135
-186 -54 -191
-206 -161 -59
153 226 220 39
-170 -79 -197 -150
-142 -234
-173 -176
81 154 97 86
65 193 228 102 136
220 54 42 188
160 67 20 199 126 206
153 226 140 39
96 129 208 8 169 74 24
-219 196 130
81 154 69 181
-82 -60
140 226 39 135 220
-38 97 187
37 191
-108 -40
-199 -160 -206
-92 -111
-50 -151
161 56 59 206
-67 -160 -56
153 226 220
-224 -169 -24 -208
-45 -28
4 -8
71 -168
-32 -79 -13
-43 5 106
174 181 86
-159 -103
192 134 55 138 222
192 148 55 134 39 138 222
147 -28
160 67 20 199 56 126
59 30 58 203
-123 -103 -228
49 217 154 143
-218 -121
48 163
-208 -74
202 69 181 154
-67 -160 -20
-7 -108
76 174
130 163 196
197 30 138 44 222
-170 -32
-180 186 53
164 -66
-233 -146
-228 -65
-210 -93
-145 -45 -28 -182
-180 -87
-23 56 206
97 202 187
133 134 55 232 201 42
48 130
192 140 226 39 153 220
154 69 181 86
-72 -28 -207
-114 -196 -234 -69
187 181
192 153 226 135
-78 -110
-30 -58
-146 120
178 19 143
-134 -39 -12 -138
-215 -32
160 133 55 201 42 125
-215 -10
-223 -170
-178 -143
155 -188
-224 -8 -24 -74
-152 -20 -105
42 188 125 54
81 154 187
-159 -103 -114
-165 -227 -145
-54 -191
160 133 232 42
-106 -137 -229
140 226 153 220
195 -223
-126 -105
-206 -12 -161
107 -119
148 134 55 12 222
97 154 187 86
-65 -218
-182 -111
-206 -148 -59
-199 -160 -126 -56
192 134 55 138 12 222
96 224 48 168
-203 -209 -14
192 226 39 135 220
128 48
53 54 37 188 191
-154 -81
-224 -96
67 20 56 232 126 206
-207 -103 -102
-36 -136 -5
-170 -79 -44
-73 95
160 133 134 42 125
154 69 181
-112 209 75
-2 -53
-107 119 36
-101 100 18
-170 -214 -197 -13
160 67 20 199 232 126 206
-114 -196 -142 -69
161 148 59 12
192 226 135 153 140
192 39 135 153 220
-65 -120 -144
-103 -114
-208 -40
-96 -24 -74
-133 -160 -55
81 202 69 86
-223 -201
5 229 137 106
-130 -142 -69
192 226 140 39
-208 -75
-96 -129 -74
188 54 42 220 125
-120 -190
-7 -40
114 196 69 202 234 142
192 226 39 153 140
153 226 140
101 -18
-36 -204 -5
42 125 54
16 -13
-19 -143
81 202 187 154
177 -86
70 -134
18 100 214 141 79
152 105 126
81 97 154 187
-144 -58 -121
228 102 103 123 207
-201 -42 -160 -55
-210 -27
96 128 176 168
67 199 56 126 206
-175 -62
97 187 69 181
-60 19 178
148 59 12 206
-33 7 108
-118 -57
133 134 55 201 125
-32 -44 -13
211 -220
131 -176
-64 -172
144 65 218 193
192 148 134 55 12
96 224 8 169 74 24
-13 -108 -179
48 163 196
-93 140 226
130 114 234 11 142
234 68 76
81 69 97
96 128 176 224 168
-114 -234 -69
-64 -223 -170
-36 -136 -106
112 -209
-170 -79 -197 -13
226 140
81 66 217 154 143
-138 -44 -30
-14 -9
-1 -104
-37 -191
202 69 86
-150 -108
192 153 220 135
220 54 135 188 125
81 154 66 143
160 67 20 232 126 206
70 -55
-91 -146
-55 -192 -12 -222
-144 -58
-210 -151
32 197 214 150 44 13 79
-32 -214 -150
-96 -169 -208
96 224 48 128
-67 -232 -126 -56
192 148 55 39 138 12
160 133 55 232 42
197 30 138 222
159 114 230 103
81 154 217 49
134 55 232 201 125
-16 -31
187 163
-201 -133
-168 -48 -96
-79 -44
-114 -130 -234 -69
-118 225 98
228 230 123 207
96 129 224 8 169 74 24
178 19 110
-185 -116
-134 -39 -148 -222
192 148 134 138 12 222
-32 -44 -150
-55 -12 -138
182 92 14 111
160 133 134 55 232 42 125
96 129 24 169 74
-55 -192 -222
-102 -65
-51 159
-228 -102
160 133 134 232 201 125
97 181 86
-214 -197 -150
-151 204 136
81 49 66 217 154 143
-64 -139 -32
81 97 202 181
-169 -78
-190 -110 -178
-141 -214 -18
-170 -13
-11 -234 -69
130 114 196 69 202
133 183 139 109 223
-67 -126 -206
-122 183 109
192 55 39 12 222
67 56 199 232 126 206
-32 -214 -44 -150
192 140 226 39 220
-223 -183 -133
-196 -130
-192 -148 -222
-96 -169 -129 -208
34 -123
-199 -67
130 163
-90 173
51 -159
-134 -39 -12 -222
81 202 187
-50 68
192 148 55 39 12 222
192 148 55 12 222
-119 -106
192 55 134 39 138 222
-149 9 111
-54 -125 -220
46 -201
151 -204
81 69 86 181
161 148 56 12 206
-55 -39 -222
-114 -130 -234
18 229 141 79
-42 -160 -55
-15 -73
226 220 135
53 54 37 186 188 191
-74 -209
41 -79
160 67 232 126 206
192 140 135 153 220
55 134 39 138 12 222
157 -172
160 133 232 201 42
-159 -103 -11
-167 193 65
192 220 135
-5 -137 -141
97 154 69 181
-225 -217
32 197 150 170 44 13 79
81 69 97 181
128 48 196
187 69 181
205 37 191
-97 -187
18 100 229 214 141
81 97 202 154
-65 -144
160 133 55 232 201 42
122 -183
81 202 86 154
-53 -54 -191
181 86
150 7 40 108 13
-114 -130 -142 -69
67 20 56 199 232 126 206
97 202 187 69
182 9 92 14 111
160 67 20 199 56 206
-61 -87
81 66 217 143
134 55 232 201 42 125
-119 -136
37 53 186 188
160 67 20 199 232 206
81 187 69 181
-18 -108
96 129 224 208 24 169 74
-32 -150
-2 -95
-67 -232 -20 -56
-188 -54
-67 -232 -126
224 129 8 169 74 24
106 5 229 141
-13 -7
103 230 102 123 207
-134 -192 -12 -138
178 19 190
129 187 97
-169 -24 -74
-53 -188 -37
144 17 121 58
166 -3
-225 -98
160 20 56 126 206
192 148 134 39 12 222
-172 -85
-109 -133
-205 -168 -84
38 -187
-185 203
156 -191
130 235 196
-123 -207
-183 -25
114 196 69 202 234 11
160 67 20 126 206
158 -72
-209 -14
160 67 199 232 56 126
-28 -182
-189 202 69
145 45 28 182
6 -44
209 179 40 74 75
-108 -179
192 226 39 135 140
160 133 134 232 201 42
160 133 134 55 232
-100 -108
-168 -84
49 66 217 154 143
-89 2
-222 -44
-178 -49
-198 145
129 163 97
-159 -230 -114
-203 -75 -92
161 56 59 12 206
67 165 199 25 109
-145 -45 -28
57 -58
-137 -190
-95 -152
-11 -130 -142 -69
140 226 39 153 220
192 153 220 39
128 235 196
96 224 176
160 133 55 232
226 191
-215 -223 -170
-183 -165 -67
192 226 220 39
5 229 137 106 141
-127 142 234
-139 -183 -133
-32 -214 -197
-17 -121
192 39 153 140
160 133 134 55
81 187 97
97 69 181 86
153 137 120 190
152 105 20 126
-32 -79 -197 -150
160 67 20 199 232 126
96 224 176 168
-75 -14
-209 -75
187 181 86
-27 137
230 103 123 207
-53 -54
226 39 135 220
192 226 39 153 220
-218 -144
166 -85
16 -150
-171 -27
35 -17
-222 -30
37 53 186 188 191
202 69 181 86
149 -9
48 128 176 224 168
72 123 28 207
167 -65
160 134 55 232 125
96 224 208 169 74
81 202 187 181
-74 -75
-145 -182
-164 66 217
-55 -192 -12 -138
81 202 181 154
81 187 69 86
81 202 187 86
181 174
-19 -178
160 20 199 232 126 206
-10 -45 -85
-220 -140 -192 -153
-58 -203
81 187 86
-210 -71
-154 -143 -217
-199 -232 -20 -206
160 133 134 55 201
-136 -106
-139 -183 -201
-177 86 181
42 220 135
81 97 187 69
96 129 8 169 74
48 224 128 168
98 174 86
-63 -41
-104 24 129
160 133 134 55 201 125
-145 -28 -182
-199 -160 -126 -206
213 -141
-8 -169
-39 -12 -222
-233 182
130 114 196 234 11 142
6 -197
228 102 123 207
-88 76 174
228 230 103 123 207
192 39 135 153
154 187 69 181
81 154
81 69 181
-153 -120
81 202 69 154
-233 -62
129 187 163
-162 92 14
-32 -79 -44
100 229 214 141 79
216 -154
-25 -227 -145
81 187 181
81 154 143
-135 -226 -192 -153
140 226 39 135 153 220
56 59 12 206
133 55 232 201 42
116 -143
130 114 196 69 11
210 -32
-153 -137
-204 -65
-170 -79
96 208 8 169 74
-170 -214 -44
-81 -143 -66
160 133 134 232 201 42 125
-193 -65
226 140 37
-53 -191
110 178 19 190
-197 -150
-82 208 74
228 102 103 230 123 207
-59 -203
-170 -197 -150
97 154 187 181
-196 -234 -69
-114 -196 -142 -202
192 134 55 12 222
77 -205
202 187 69 181
-224 -8 -129 -208
-215 -223 -32
160 56 20 232 126 206
205 226 37
-85 -173 -119
32 64 215 139 223
130 114 69 202 234 142
81 217 154 143
-13 -108 -40
130 114 196 69 202 234 142
-84 -8 -78
42 220 125 54
69 181
-119 -136 -106
37 53 54 191
192 220 39
-135 -220
-170 -214 -197 -150
96 224 168
96 48 176
-134 -12 -222
46 -133
148 56 59 12 206
-117 232 160
202 187 181 154
-133 -42 -160
162 -92
97 154 187 69
96 129 224 8 24 74
160 67 56 126 206
-183 -165 -199
-67 -160 -206
23 -206
-134 -192 -148 -222
154 187 181
208 129 224 24 169 74
130 69 202 234 11 142
48 130 163
96 224 8 169 74
-106 -141
-159 -230 -11
133 55 232 42 125
-106 -137 -141
97 202 69 181
-59 -30 -58 -203
160 133 232 201
133 55 42 125
67 20 199 56 126 206
-10 -172
160 133 232 42 125
-134 -192 -12 -222
-148 -12
-32 -214 -197 -13
-13 -40
-11 -130 -234 -202
209 203 75 92 14
96 129 224 208 24 74
160 133 134 55 232 201 125
-160 -126 -56
22 -144
-49 -143
130 196 69 202 234
96 48 128
81 187
48 224 176 168
-222 -44 -30
37 54 186 188
50 -68
226 140 191
-17 -111
-32 -13
22 -218
-114 -234 -202
163 235 187
96 48 128 176
69 181 86
-74 -179 -75
3 85 10 172
192 220 39 153 140
133 134 55 232 201
-206 -12 -59
96 48 128 176 224
-152 -126 -105
-114 -130 -142 -202
192 39 135 220
-182 -92 -9
47 -215
-170 -214 -13
220 54 135
227 72
192 39 134 55 222
9 92 14 111
-133 -42 -55
-36 -106
114 69 202 234 11
32 197 214 170 44 13 79
96 224 208 24 169 74
-67 -160 -126
-232 -160
216 -81
49 178 143
133 134 55 232 42
96 129 224 208 8 24 74
-32 -197 -150
-235 -163
-79 -18
81 202 187 69
160 133 134 55 232 42
36 5 119 136 106
130 114 196 69 234
67 20 56 126 206
-55 -192 -148 -138
18 100 229 214 79
-102 -204
96 129 224 208 8 169 74
133 134 55 42
-229 -79
192 39 138 12 222
24 129 235
-131 -151
-191 -226 -205
-65 -120
205 191
-6 44 197
134 55 232 42 125
76 181 86
192 55 134 39 138 12
-233 -57
194 -103
130 114 69 202 234
-150 -108 -40
-79 -197 -150
-133 -125 -160 -55
192 226 220 39 135 140
-224 -8 -129 -74
-79 -150
96 48 168 176
226 39 135 153 220
-32 -44
53 54 186 188 191
-81 -49 -217
-59 -30
148 55 134 39 12 222
-144 -121
-210 -90
-35 17 121
200 -192
133 134 55 201 42 125
-61 -80
-190 -110 -19
-224 -129 -74
32 64 215 170 223
133 134 55 232 201 42 125
228 102 103 207
24 235 163
160 67 199 56 126 206
205 168 84
-1 -29
23 -56
-156 37 191
-141 -79 -100
-210 -87
-94 -151
220 135 42 188
96 128 176 48 224 168
97 69 181
192 148 134 55 138 12 222
81 181
-85 -173 -36
140 37 191
32 197 214 150 170 44 13 79
25 145 165
-63 78
175 -114
83 -227
-110 -178
197 30 44 222
192 55 39 138 222
133 134 232 201 42 125
-114 -142 -69
186 188 37
24 129
-109 -199
-158 72
192 148 55 134 39 138 12
97 187
226 135 153 140
-67 -160 -126 -56
-30 -58 -203
154 187 69
-32 -79 -44 -150
179 150 7 40 108 13
113 -25
49 81 217 154 143
-32 -79 -44 -13
21 -96
234 68 142
-137 -120 -190
160 134 55 232 201
-79 -197
192 148 55 138 12 222
-54 -42 -135
18 108 7
208 129 224 8 169 74
67 165 183 25 199 109
133 201 42 125
192 153 220
171 -84
121 17 111
-206 -148 -161
-114 -130 -69
-77 -151
-223 -133
-114 -196 -234
231 -40
-192 -12 -222
160 134 55 232 201 42 125
96 129 208 24 8 74
192 148 134 55 12 222
41 -214
3 36 85 173
-133 -42 -232 -55
144 121 218 17
-109 -25
202 69 154
-91 -151
161 148 56 59
160 133 232 201 42 125
-45 -28 -182
-55 -148 -222
202 187 69 86
-124 -176
-172 -45 -85
211 -135
144 17 58 121 218
-94 -71
-67 -232 -20 -206
-87 45
233 -182
200 -39
-205 -84
-133 -125 -160 -134
113 -165
130 114 196 69 234 142
160 55 201 42 125
192 226 39 135 153 140
96 129 208 169 74
-171 84
-1 -151
93 -140
96 129 224 208 74
98 76 181
-229 -79 -100
-65 -120 -218
-26 -194
-230 -114
97 187 163
-83 227
-59 -30 -203
-98 -217
98 76 174
149 -111
192 226 39 135 153
217 98 66
202 69 181
54 135 42 220
-85 -3
160 133 55 232 201
114 130 69 202 234 11
81 69
-229 -18
-173 -36
101 -100
-109 -25 -67
-207 -103
160 55 232 201 42 125
-11 -114
33 -108
114 130 69 234 11 142
-124 -173 -159
231 -179
140 226 220 135
81 154 187 86
140 135 153 220
160 67 199 232 126 206
-70 -51
164 -217
-8 -129 -74
153 220 39 135
-215 -223
154 181 86
105 161 68
48 130 235
81 187 181 86
-55 -192 -12
121 9 111
225 98 174
-96 -8 -129 -208
63 -78
-55 -12 -222
-150 -7 -40
48 224 128 176
88 -76
208 209 179 40 74 75
226 140 205
128 163 235
-199 -160 -126
-208 -179 -209
160 133 55 232 201 125
163 196 235
224 129 208 8 169 74 24
96 168 176
-210 170 32
160 67 199 232 56 206
43 -106
-64 -215
-22 218 144
81 66 49 217 154
-170 -214 -197
130 114 196 234 11
-207 -102
160 133 134 55 201 42
-106 -229
72 123 207
-55 -39 -148 -222
67 165 183 25 109
-150 -7 -179
81 97 154 181
42 188 54
-21 224 96
-145 -28
226 39 135 153 140
3 36 85 119
-41 214 79
128 48 130
160 67 20 199 126
-74 -40 -75
-2 -95 -124
-94 153
169 84 78
34 -207
42 220 125
160 134 55 201 42 125
42 188 54 135
-184 -6
160 42 125 55
160 133 55 201
25 145 227
209 75 92 14
192 226 220
15 -67
228 103 230 102 123
-192 -12 -138
160 55 232 42 125
-25 -227
24 97 187
225 98 181
81 66 217 49
-233 -115
-172 -45
217 98 225
-165 -67
-137 -229
129 235 187
96 48 168
-220 -226 -192 -153
192 55 134 39 138 12 222
197 138 44 222
-211 -90
-114 -196 -234 -202
87 -45
160 133 134 55 42
-105 -161 -68
-56 -12 -161 -59
-170 -79 -150
52 -12
178 190 110
-228 -204 -65
180 -53
-223 -183
81 97 202 69
198 -145
213 -229
33 -7
81 154 69 86
-96 -129 -208
133 134 55 201
76 181 174
38 -97
234 68
-182 -14
81 154 187 69
133 55 201 42
192 140 220 39
81 181 86
-36 -204
160 133 134 55 42 125
-224 -169 -24 -74
53 54 37 186 191
161 148 56 59 12
160 56 199 232 126 206
130 69 202 234 142
144 65 120 218
117 -160
188 54 135 42 220 125
-21 -146
-165 -25
97 202 69 154
-170 -214 -44 -13
-99 -147
-88 -146
189 -202
96 128 176 48 168
217 66 143
202 187 181 86
234 174
-233 -177
-134 -55
235 163
192 148 138 12 222
96 129 224 208 24 169
-139 -109 -201
116 -49
134 232 201 125
-86 -181
234 68 174
-102 -136 -193
-32 -214
15 -199
-74 -179 -209
-3 -36
133 232 201 42 125
-46 -73
160 67 20 56 232 126 206
32 64 215 170 139 223
225 181 86
43 -5
-16 150 13
221 -235
192 148 134 39 138 12 222
-103 -102
72 28 207
142 68 174
81 217 49 143
53 54 37 186 188
192 226 220 135 140
-36 -204 -106
-174 -181 -98
154 187 69 86
-210 -89
96 129 224 8 169 24
160 232 67 56 126 206
36 119 136 106 204
160 133 134 55 232 201 42 125
133 55 232 201 42 125
220 125 54 135
160 67 20 199 56 126 206
-229 -214 -18
186 53
202 187 69 154
-224 -169 -129 -208
-170 -44 -13
97 187 69 86
133 183 201 109 223
-133 -125 -232 -55
192 153 226
228 102 230 123
226 220 140
18 100 214 141
-24 -129
-157 10 172
62 -161
-84 -169 -78
81 181 97 86
97 202 187 86
140 226 39 220
208 129 8 169 74 24
-170 -44 -150
128 48 163
-28 -207
-169 -129 -208
160 232 42 125
-183 -109
-32 -79 -150
140 39 135 153 220
130 196 69 202 234 11
-152 -126
202 181 86
161 148 56 59 206
221 -163
-91 -38
81 66 49 217 143
-32 -79
24 129 187
97 235 163
98 181 86
-69 -187 -181 -81
-128 -48
160 133 232 201 125
225 98 86
-13 -7 -40
151 -136
160 133 134 232 42 125
-176 -168 -128 -96
130 114 196 202 234 142
-183 -25 -67
148 134 55 138 12 222
-20 -126
-52 148 12
117 -232
192 148 134 55 138 222
160 133 134 55 125
27 -137
115 -20
192 226 39
-197 -30
130 114 196 69 202 142
163 235
65 228 102 136 204
-176 -48 -96
-223 -109 -133
-64 -139 -170
144 65 193 120
-100 -18
96 129 208 24 169 74
-208 -179 -75
37 54 186 188 191
127 -142
-56 -12 -59
-103 -11
129 163
-114 -130 -142
160 20 232 126 206
144 121 218 58
160 133 55 232 125
234 142 174
182 9 14 111
-102 -204 -193
160 20 199 56 126 206
160 133 55 201 42
187 69 86
192 140 226 153 220
-11 -130 -234
-9 -111
-138 -197 -30
208 209 40 74 75
-102 -136
96 129 224 24 169 74
-1 -146
80 -42
160 232 67 199 56 126 206
-32 -214 -13
192 140 153 220
-182 -92 -111
-102 -136 -65
65 193 228 102 136 204
-206 -148 -161 -59
-199 -160 -20 -206
192 226 39 135 153 220
-206 -12
-25 -199
96 48 128 224 168
-228 -136
160 134 55 232 201 125
160 134 55 232 42
47 -64
154 187 181 86
35 -121
-67 -126 -56
96 224 48
202 187 69
-59 -58 -203
81 217 143
42 188 220 125
-139 -109
-53 -188 -191
234 76 174
192 148 55 39 138 222
-190 -178
107 -36
-81 -143 -217
94 -153
81 154 181
128 130 196
-98 -66
161 59 12 206
-84 -169
-124 -173 -159 -176
-138 -222
225 181 174
160 134 232 201 42 125
130 114 196 69 11 142
130 114 196 69 202 234
-76 -174
152 20 126
-170 -197 -13
-222 -197 -30
36 5 136 106 204
133 134 55 42 125
-96 -169 -129 -74
3 85 172 45
160 133 134 201 42 125
-228 -204 -193
160 133 134 55 201 42 125
-233 -127
-91 59
160 133 134 55 232 201
18 100 229 141 79
97 187 69
192 148 39 12 222
96 48 128 168
160 134 55 201 42
-136 -65
96 208 224 8 169 74
160 67 20 56 126 206
192 148 39 134 55 12
-195 139 223
93 -226
160 134 55 42 125
130 196 69 202 234 142
-182 -14 -9
-230 -103
-199 -126 -206
81 66 49 143
42 220 125 135
81 154 69 97
-115 20 126
-134 -192 -222
-15 199 67
81 97 202 187
-221 -146
192 148 55 39 138 12 222
-222 -197
184 -190
-96 -169 -129
192 55 138 12 222
76 174 86
61 -124
160 67 232 56 206
179 7 40 108 13
144 65 193 120 218
31 -110
228 102 103 230 207
18 100 229 214 141 79
160 133 55 232 42 125
-119 -36
97 202 86 154
-124 -173
130 114 196 69 202 234 11
96 129 224 208 169 74
118 -225
192 55 39 138 12 222
160 133 55 42 125
210 -170
-67 -160 -126 -206
81 154 181 86
-186 -54 -37
148 39 134 55 138 12 222
18 229 214 79
160 133 55 232 201 42 125
187 69 181 86
-67 -160 -20 -206
96 129 224 8 169
192 148 134 55 138 12
-44 -197
82 -74
160 42 134 55
133 134 55 232 201 125
192 226 135 140
157 -10
-214 -13
18 229 214 141 79
48 130 196
114 69 202 234 142
-214 -79
-102 -193
159 114 11 103
3 85 10 172 45
-186 -188 -191
-4 8 169
82 -208
195 -139
-130 -234 -69
-201 -125 -160 -55
-231 179 40
133 201 139 109 223
18 100 229 79
-206 -12 -161 -59
-72 -28 -123
-215 -139
192 148 55 134 39 12 222
97 154 187
186 53 54 191
-75 -92
160 133 134 232 201
-5 -229
114 130 69 234 11
29 -48
192 153 39
81 154 217 66
-95 -124
133 183 201 139 109 223
130 114 196 202 234 11
-74 -40 -209
-182 -14 -111
-59 -30 -58
-109 -165
-132 228 102
-56 -12 -161
-32 -214 -44
-229 -214 -100
-113 165 25
-68 -234 -174
96 224 48 176 168
203 75 92 14
96 224 208 24 169 74 8
-64 -32
130 114 202 234 11 142
130 163 235
114 130 196 69 234 11
-203 -14
-99 152
-46 -87
-64 -223 -32
-62 161
48 128 168
-172 -3
226 37 191
130 196 69 234 142
229 137 106 141
-188 -42 -220
81 187 69
64 172 215
-204 -106
134 55 42 125
160 133 134 55 232 125
97 154 181 86
-139 -223
104 -129
-124 -159
229 214 141 79
-215 -170
-172 -45 -3
37 53 186 191
192 55 134 39 12 222
-144 -17
60 -19
-173 -159 -176
78 110
-120 -144
-96 -169 -24
-145 -45
-12 -161 -59
-183 -25 -199
2 53
-13 -7 -179
-29 128 48
192 226 135 153 220
-176 -168 -48 -224
52 -148
98 181
1 -222
-189 -146
67 20 199 232 126 206
3 10 172 45
24 97 235
81 69 97 86
-67 -232 -126 -206
-18 -7
-153 -137 -120
53 54 186 188
-207 -103 -228
-105 -68
192 134 39 138 12 222
-79 -44 -13
-32 -197
48 128 176
-203 -209 -92
217 49 143
96 224 48 176
175 -11
96 224 128 168
100 18 108
-210 -155
67 20 199 126 206
97 202 69 86
-223 -109 -201
2 95 124
-208 -40 -209
-131 176
24 187 163
81 187 97 86
192 153 226 140
160 67 20 56 199 232 126 206
160 67 20 232 56 206
36 5 119 136 106 204
48 176 168
81 181 97
-201 -42 -232 -55
66 217 154 143
-40 -209
-170 -197
-233 -151
-184 -4
-66 -217
234 76 142
-36 -5
192 140 226 39 135 153 220
130 114 196 69 202 11 142
73 -95
-193 -120 -218
99 -152
-57 58
56 148 12 206
192 140 135 220
118 -98
-25 -145
-170 -79 -44 -150
-233 -164
60 -178
194 -230
81 154 187 181
202 69
-150 -40
10 172 215
18 100 229 141
-11 -130 -142 -202
224 129 96 8 169 74 208 24
123 228 230
80 -125
-15 -87
-11 -196 -234 -69
-170 -214 -44 -150
65 193 102 136 204
-140 -226
148 55 138 12 222
48 163 235
192 226 140
225 76 86
-229 -79 -18
103 230 102 207
81 69 86
-170 -79 -197
160 134 232 42 125
-25 -67
81 66 217
-55 -39 -12 -138
156 -37
177 -181
-199 -232 -126 -206
-121 -9
37 186 188 191
202 181 86 154
160 133 201 42
-208 -40 -75
-153 -137 -120 -190
130 114 69 202 11 142
-170 -79 -44 -13
-11 -196 -234 -202
-160 -126 -206
-125 -42
-1 138 222
-80 125 42
