52 7 10 15
10 52 15 39
-35 38 17
25 19 41
11 -10
-20 -21
-38 -17
9 14 31
47 -15
54 -32
3 25 19 41
25 42 3 12
17 50 51 36 38 12
27 -5
-2 -30 -5
-4 26
21 -30
41 42 12 23
-12 -50
13 55
17 50 38
50 36 38 12
52 39 7 10 15
22 23 24 44
25 3
41 42 3 23
25 12 41
16 -51
3 44 22 23
10 52 39
9 53 31
9 53 14
32 26 13
-44 -3 -24
41 50 19 23
-10 -7 -39
17 50 36 38 12
4 -26
9
-15 -7
42 3 23
18 -23
50 12 23
34 14
19 41 42 3
25 42 19 12
26 55
19 3
50 3
25 42 19 50
15 39 7
20 -41
48 -50
17 50 51 36
42 19 52
-43 -5
39 53
-37 34 14
-52 -7 -39
-22 -23 -24
50 19
17 50 51 38 12
32 26 55
-11 -21
-49 -4
17 50 36
17 36 38
20 -25
17 50 36 38
-36 -43
25 50 12 23
25 50 19 12
25 42 3
39 7 10 15
42 19 12 50
17 50 51 36 38
-19 -52
-1 39
25 50 3 12
45 -55
24 44 22
17 50 51 36 12
9 34 14
-28 44 22
17 50 12
32 13 14
-23 -3
50 3 42
-43 -30 -5
34 14 31
25 19 12
9 34 53
25 42 19
24 3 44 23
41 50 3 23
25
-8 53
-45 55
25 42 12 41
50 51 36 12
-17 -51 -50
37 -34
-16 51 36
53 14 31
-17 -36 -12
17 50 36 12
46 -42
41 42 19 12
25 42 3 50
-46 42 19
-17 -36 -50
25 3 23
35 -17
50 3 12
-40 33
-27 5
17 51 36 38 12
25 50 3 41
41 50 3 42
-38 -36 -50
54 -13
3 23
42 19 50
19 3 12 23
-47 15 7
25 19 41 23
-17 -44
-48 12 50
2 43 36
-6 2 43
24 33
33
25 50 19 41
24 3 22 23
-32 -14
52 15 7
19 50 3 42
16 -36
19 25 3 23
25 19 12 23
-41 -25
42 19 12
8 -53
17 50 12 38
25 50 42 41
25 50
50 3 12 42
38 17 22
-43 -30
10 52 7
-44 -22
25 19 23
25 42 41
-13 -34
25 3 12 41
-17 -22
41 50 3
50 12 42
47 -7
-38 -22
24 3 44 22
41 42 19 23
41 50 3 12
25 42 3 41
53 14
52 39 7
-13 -14
41 42 19
3 25 19
3 12 23
26 13 55
50 12
42 19 12 23
24 44 23
41 3 23
25 50 12
25 3 41
3 25 50 19
29 -9
-21 30
25 19
-34 -14
25 3 12 23
3 25 19 12
25 50 3
35 -38
3 22 23 24 44
25 50 41 23
52 39 7 10
-31 -9
34 13 14
6 -43
3 50 19 12
17 51 36 12
10 39 15
3 19 12
26 30
-2 -43
-22 -3
32 13
29 -31
24 3 22
17 50 51 12
25 50 3 23
3 22 23
25 42 12 50
41 50 19 42
9 14
50 19 23
25 19 12 41
2 43 5
17 44 22
50 19 12 23
24 3 23
50 36 12
17 51 36
26 13
19 50 3
25 41
-42 -52
-39 -53
1 -39
-42 -19
41 50 19 12
50 3 23
9 53
42 19 23
3 50 19 23
3 44 22
43 5 30
19 25 42 3
-55 -26 -13
50 3 12 23
-29 31 9
25 41 23
-32 -13
-19 -10
25 42 3 23
-51 -36
25 42 19 23
49 -24
-52 -15 -39
50 19 12
42 3 12 23
50 51 36 38 12
41 50 12 42
41 50 12
41 50 19
42 19 50 23
3 41 19 12
41 50 12 23
25 42 19 41
25 3 12
19 42 3 23
-24 -33
55
3 41 19 23
-18 23 3
28 -22
25 50 23
50 51 36 38
42 19
41 3 12 23
-11 10 52
17 36 38 12
25 3 41 23
3 42 19
46 -19
25 50 41
10 19 52
3 19 23
-10 -52
9 31
40 -33
2 43 5 30
51 43 36
15 52 39 7
-36 -2
7
-50 -3 -19 -25
42 12 50 23
-22 -3 -24
-26 -30
25 42 50 23
25 50 19
6 -2
11 -52
19 41 3
25 42 41 23
-51 -43
28 -44
17 50 51 38
48 -12
18 -3
-49 24
-54 32 13
32 13 55
50 51 36
9 34 31
25 50 12 41
25 42 50
-52 -7
3 42 19 12
34 53 14
3 41 50 19
37 -14
25 12 41 23
-9 -14 -53
-20 41 25
25 50 19 23
5
42 3 50 23
2 43 30
17 51 36 38
