-6 7 29
8 35 31
18 11 14
-24 12 35
29 15
27 -10
-23 -26 -29
-9 2
2 35
6 -29
26 3 29 7
8 18 12
-23 -14
34
36 -4
-35 -11 -31
-7 -29
27 -34
-13 -5
13
-18 -14
3 29 14 23
17 -5
-21 -26
2 37
7 29 14 23
-5 -26
6 -7
-27 10 34
-13 -21
26 29 7
11 35 12
8 18 11
11 12 31
16 -37
19 -13
11 14 23
26 3 21
9 -2
-11 -23
30 -11
30 -18
18 11 12
32 -15
21 20 13
1 -31
35 18 11
-8 -31
-16 37
-36 4 28
3 7 23 26 29 14
-5 -21
-25 -15
35 11
35 31
24 -35
18 35 31
8 31
36 -28
26 3 14
28
18 11 31
-20 -13
33 -23
-2 -37
11 31
3 23 26 29
26 29 14
-21 -3
31
-3 -26
-20 -21
3 23 26 29 14
17 -21
-19 20 13
7 23 26 29 14
29 7
3 29 14 7
-29 -15
-10 -34
-22 3 26
7 26 29 14
-11 -14
1 -8
29 14 23
-32 25 15
8 11 31
-12 -35
32 -25
3 7 26 14
-14 -26 -7
-4 -28
35 12
3 23 7 29 14
25 7
29 14 7
-33 23 14
21 5 13
26 3 29
-30 18 11
8 35 11
37
3 7 23 26 14
-1 -17
-1 8 31
15
3 7 26 29 14
-14 -3 -29
35 12 31
18 11
26 3 14 23
26 3 29 14
-14 -26 -29
-17 5 21
33 -14
18 35 12
3 23 7 26 29
24 -12
8 35 12
26 7 14 23
8 12 31
22 -3
25 15
19 -20
22 -26
-9 -19
26 14 23
-35 -2
8 18 31
23 7 26 29
23 26 29 14
26 5 21
-18 -11
35 11 31
