80 90 13 79
52 7 75 11
-15 -79 -90
51 90 10 13 62 15
89 37 46
89 2 46 57
-45 41 5
51 10 90 62 15
2 5 9 41 46
80 51 13 15
-54 -18
56 -30
21 85 86
18 85 69 54
-62 -75 -52
40 -48
23 -24
4
42 77 30
22 14
80 51 10 13 79
55 -88
17 50 1 69 53 14
10 79 90 13 62 15
80 90 15 62 79
-48 -49
1 18 69
79 90 13 62 15
80 10 13 79
-15 -80 -10 -62
-34 20
18 75 7
41 5
90 75 52 62
-36 -8
66 -2
-64 11 52
1 50 69 14
-63 7 75
-15 -13 -79 -90
80 51 10 13 62 15
1 85 54
-83 -20
-2 -46
-42 -8
-31 85
-57 -89
63 -7
25 -89
63 -75
24 33 87
57 2 37 46
-36 -12 -8 -51
64 -52
90 75 52 7
-89 -36
17 67 4 53
18 85 54
27 -13
-82 -83
80 90 62 79
80 90 13 15
-36 -12 -51
81 -62
-53 -69 -50
-33 -22
36 88 8 42 12 15
17 1 69 53 14
-36 -15
36 88 8 42 12
55 -36
80 51 79 62 15
-61 -63
80 51 10 90 62 79
-70 -10 -21
39 -86
16 -22
-81 -31
80 51 90 10 79 15
80 51 90 62 10 79 15
66 -46
9 2 46 41
-5 -46
-15 -80 -79
59 -77
80 51 10 13 15
2 37 89 46 57
34 -20
-47 -8
-86 -52 -48
-4 -17
-32 9
7 90 75 62
-38 82
65 -42
-88 -36
48 52
-90 -75 -52
68 89 46 57
51 90 10 13 62
26 -67
-17 -69 -50
1 17 69 14
80 51 62 10 79 15
-36 -12 -42 -15
32 -9
1 18 85 69 54
24 60 87
-60 -22
6 -87
80 62 10 79 15
89 36 57
-76 50 14
80 10 90 62 79
81 -90
-19 21
-78 -48
-68 -37
80 10 90 13 15
1 50 69 53
80 51 90 62 79
-58 12
70 8 30 47
70 8 77 47
80 90 62 15
-12 -43
33 60 22 87
80 10 90 15 13 62 79
-41 -5
56 -70
24 33 60 22
11 90 75 52
51 36 88 8 12 15
52 7 90 11 62
48 78
43 24 49
-75 -52
-51 -13 -79 -90
-51 -80 -10 -90
8 42 77 30 47
-47 -8 -30
11 52 86
80 10 13 79 15
74 -37
48 11 86
-10 -79
44 -17
51 8 42 88 12
70 8 42 77 47
79 90 62 15
80 51 90 10 15 13 62 79
80 51 90 10 62 15
80 51 90 62 15
10 90 79 15
-80 -79 -90
52 86
80 10 79 15
-51 -80 -79 -62
-26 67 4
7 90 11 62
-36 -42 -51
24 33 22
-15 -80 -90
-43 -24 -49
1 85 69
36 88 8 42 15
80 51 90 15 62 79
76 -14
-73 -17
11 62 7
45 -5
80 90 13 62
10 79 90 62 15
-21 -85 -86
70 8 42 77 30 47
-70 -79 -21
-17 -1 -14
-36 -12 -42 -51
58 -12
9 2 5 46
51 88 8 42 12 15
1 50 53 14
-33 -60 -24
36 8 42 12 15
-53 -17
-67 -17
41 5 46
2 5 41 9
-61 -27
-87 -33
-54 -75
48 11 78
11 52
40 -78
10 90 13 62 79
1 50 53
-89 -88
75 7 90 11 62
51 10 62 90 13 79 15
80 10 90 13 62
51 10 13 62 15
17 69 53 14
42 77 30 47
-47 -42 -70
80 51 90 13 62 79
-7 -75
51 10 13 62
80 51 90 10 13 79 15
51 36 88 12 15
80 13 79 15
51 36 8 42 88 12
51 36 88 8 42 12 15
-2 -89 -37
-73 -4 -53
89 2 46
80 51 90 13 62 15
88 89 36
-1 -69
-62 -75 -11
2 37 46
17 50 1 53
89 37 57
-66 2 46
48 86
80 10 13 62 79
17 50 69 14
89 2 37 57
70 77 30 47
-90 -75
-56 30 70
68 37 46
-15 -13 -79 -62
28 -69
31 -85
-69 -18
-88 -42 -15
-53 -1 -14
41 2 5 46
9 83 20
-82 -73
89 2 68 46
75 52 90 11 62
78 52 86
-90 -7 -11
2 68 89 46 57
65 -8
51 36 8 42 12 15
3 -49
-11 -52
-61 -31
-73 -67 -17
80 15 13 62 79
80 51 10 79 15
-50 -14
1 18 85 54
-88 -8 -15
80 51 10 90 13 79
-73 -67 -53
-27 13 80
70 8 42 30
33
-87 -22 -24
9 2 46
2 68 37 57 46
68 37 89 46 57
80 90 10 79
7 11 75 62
-36 -12 -8
-36 -8 -15
60 22
70 8 42 47
-30 -10 -21
80 51 10 90 13 62 15
-36 -42 -15
51 10 13 79 15
-40 78 48
17 67 4 53 73
-77 -42 -70
-30 -79 -21
41 5 9
-83 -73
-51 -15
33 87 24 60
48 52 86
61 -43
20 12 43
89 2 37 46
-69 -14
82 5
51 36 88 42 12 15
-88 -8 -51
-21 -86
26 -4
51 36 8 12 15
51 62 90 79 15
80 90 15 13 79
-43 -24
75 52 7 90 11
-70 -21
37
17 1 69 53
-14 -22
-71 10 79
30 21 70 79
19 -21
74 -68
-33 -22 -24
17 50 1 53 14
-67 -4
70 8 42 30 47
18 75 54
-62 -7 -52
72 -54
-77 -8 -30
-70 -79
-74 -34
64 -11
-25 57 89
-41 -46 -9
-88 -12 -42 -51
70 42 77 30 47
33 60 22
-15 -80 -79 -62
33 22 87 24 60
-5 -46 -9
-20 -43
80 51 90 15 79
-1 -85 -18
-90 -75 -11
80 10 90 79 15
-16 60 22
80 51 90 13 15
-30 -79
24 33 22 87
52 7 75 11 62
33 22 87
-8 -70
48 49
10 90 62 79
-72 54 18
-46 -89 -68
51 62 90 13 79 15
51 8 42 12 15
89 68 37 57
44 -53
51 90 13 79 15
-82 -83 -73
51 36 8 42 15
-29 73
18 85 69
80 10 90 13 62 79
-35 83
-5 -2 -9
18 69 54
41 2 9
59 -47
-17 -69
27 -80
41 5 46 9
2 68 37 89 46
80 90 13 62 15
-20 -12
2 5 46
-6 87 33
82 83 73
-88 -12 -15
-30 -70
-15 -80 -79 -90
9 5 46
36 88 8 12 15
51 88 42 12 15
-13 -80
80 51 90 13 62
-46 -57 -37
-69 -85 -54
80 51 15 79
-57 -36
-88 -12 -8 -51
-47 -8 -70
1 50 53 69 14
80 10 62 90 79 15
-47 -42 -30
84 -51
17 50 1 53 69
89 68 37 46
-84 51 15
2 68 37 89
48 78 86
1 17 50 69 14
80 51 90 15 13 62 79
70 8 42 77 30
80 51 90 15
-3 49
89 46 57
-79 -21
-6 -63
80 10 90 13 79
-59 77 47
80 10 90 15 13 79
-4 -53
70 42 77 30
-46 -89 -37
51 10 13 62 79
1 18 69 54
-9 -83
80 51 90 10 13 15
1 85 69 54
73 17 4 53
28 -1
16 -60
-24 -49
51 90 79 15
50 14
8 42 77 47
51 10 62 90 79 15
-85 -86
35 -83
21 70 10 30 79
-55 88 36
71 -10
73 17 67 4
89 68 37
80 51 10 13 62 79
-77 -47
-61 43
-73 -4
80 51 90 10 15
-8 -15
-18 -75
80 51 13 62 15
-17 -69 -14
80 51 90 15 13 79
80 51 10 13 62
-36 -12 -42
80 51 10 15 13 62 79
-9 -20
10 90 13 79 15
80 10 90 62 15
45 -41
24 60 22
-18 -7
-70 -10
-36 -8 -51
-88 -12 -8 -15
-74 68 37
80
-20 -12 -43
-90 -52
51 90 13 62 15
51 36 88 8 42 15
-15 -80 -10 -90
-90 -7 -52
-6 -31
-21 -85
-12 -8 -51
25 -57
-15 -13 -10 -90
80 51 62 13 79 15
80 90 13 62 79
51 90 62 15
48 11 52
-44 53 17
-12 -42 -15
-88 -12 -8
-23 24
80 10 90 13 62 15
-39 86
21 70 10 79
51 36 88 42 12
-88 -12 -42 -15
24 60 22 87
-77 -8 -70
52 90 11 62
-28 1 69
51 90 10 13 79 15
51 90 10 13 62 79
51 10 15 13 62 79
-65 42 8
-73 -4 -17
11 52 78
76 -50
17 50 53 14
6 -33
51 90 10 62 79
-17 -1 -50
-36 -12 -15
-53 -69 -14
48 52 78
80 62 10 13 79 15
10 30 70 79
2 68 37 89 57
1 18 85 69
-9 -83 -20
-36 -12 -8 -15
57 68 37 46
84 -15
51 10 15 62 79
80 51 90 13 79
80 51 10 90 13 62
2 68 37 46
52 7 11 62
80 51 10 90 79
17 50 69 53 14
52 7 90 75 62
50 60
-5 -82
80 51 90 10 13 62 79
80 51 10 13 79 15
71 -79
-62 -90
70 8 77 30 47
51 88 42 12
29 -73
51 10 15 79
8 42 77 30
-81 62 90
38 -82
47
-17 -14
80 90 15 79
-69 -85 -18
72 -18
52 7 11 90 75 62
2 68 37 89 46 57
-51 -80 -79 -90
-43 -49
-47 -70
-12 -8 -15
80 51 13 79 15
89 37 46 57
51 90 10 79 15
80 90 15 13 62 79
51 36 88 8 15
