-118 -46 -110
-47 -159
-123 -159 -145 -41
-123 -159
73 34 117
148 85 75 27 139 47
-74 -118
-118 -46 -14
-22 -139 -162
-27 -47 -85
-89 -8 -109
17 6 103
-137 -45 -27
34 27 137 75 92 62
-89 -151 -8
1 133 56 58
133 70 56 58 44
112 133 70 56 58 155 44
-61 -132 -2 -21
-137 -92 -75
34 137 75 11 92 45 62
50 147 151 72 89 109 9
-78 -66
-157 73 26
124 44
-86 -39
-162 -50
35 124
-89 -72
31 -24
-150 -11 -86
-46 -14 -94
-56 -58 -70 -44
160 97 2 59
-59 -21
82 -124
112 1 133 70 44
104 -155
-143 -68
81 147 132 86
-34 -11 -27
-75 -139 -85 -90
-128 -47 -87
157 -26
-36 -12 -99
-104 -51
-78 -131 -6
-18 -85 -145 -41
-143 -133
17 3 149 79 63
-75 -159 -148
-36 -5
-79 -66 -103
147 132 86
-11 -45 -75
37 70 120 143
133 70 58 155 44
3 4 41 63 79
35 124 63
-14 -94
-10 -93 -14
-87 -50 -88
-79 -66
-92 -45
152 -120
-118 -93 -14 -94
106 -88
-89 -151 -8 -9
112 133 56 58 44
112 1 133 70 58 155
-162 -151
-123 -159 -145
-10 -110 -94
1 56 58 155 44
-95 -29
-68 -135
68 133 70 37 120 143
-61 -81 -21
-118 -46 -110 -94
4 149 41 63
-62 -11
-89 -50 -9
-56 -1 -133 -155
-69 -51
-147 -8 -9
-102 -146
76 -123
-108 87 162
-39 -89
-74 -24
133 70 155 44
-89 -50
-79 -6 -103
-68 -38 -135
-118 -93
112 1 56 155 44
-12 -154
-95 -13
-64 153 52
-47 -87
-18 -85 -38 -149
49 -89
-82 -54
112 1 56 58
-137 -11 -92
-135 -12 -154
1 70 56 58 155
3 149 41 63
-27 -47 -85 -90
-87 -162
-24 -46 -128
65 137 26 34
-126 109 9
-55 43
-52 -92
-77 110 14
-87 -50
89 81 132 39
145 68 84 135 120
35 4 63
-153 -52
-131 -42
-128 -162
57 -11
-56 -133 -155
76 -18
-61 -59 -21
31 -114
-123 -159 -38
134 -137
81 2 132 59 61
-159 -149
-61 -81 -2
112 1 133 56 58 44
-34 -62 -45
-118 -94
148 85 90 139 47 159
-159 -41
-131 -66
98 -97
-52 -45
-84 -12 -154
112 1 133 70 56 155
40 42 88
-18 -85 -38 -41
-112 -58 -133 -155
-85 -159
1 133 70 58 155
7 -45
81 147 132 86 39 89
-10 -93 -110
69 -36
-89 -151 -9
43 129 61
85 90 75 27 47 159
-61 -81 -2 -21
144 10 118 74 43
-73 -52
148 27 90 139 47 159
89 147 72 9 109 8
19 4 63
150 39 86 91 11 62
-73 -130
34 27 137 11 92 45 62
112 133 70 58 155
65 34 117 73
66 131 42 78
1 133 56 58 155
-65 -26 -137
-91 -62
8 90 148 5
-22 -128
-137 -11 -45
-50 -8 -9
23 -74
107 -63
1 18 14 58 110
-34 -62 -92 -27
-46 -94
-110 -58 -123
106 -40
-33 151 50
17 3 4 41 63 79
-28 -52
-128 -47 -162
-97 -2 -36
159 75 90 27 139 47
-27 -139 -85 -90
100 -10
-5 -12 -99
17 3 4 149 41 79 63
-18 -145 -149
-123 -145 -41
-162 -151 -88
-163 -156
128 162 22 87 47
-87 -50 -40
-123 -85 -145 -41
-137 -11 -92 -27
17 4 149 41 79
-75 -47 -159 -148
125 -112
94 3 78
-112 -58 -70 -155
126 -9
73 65 34 117 137
148 85 75 139 47
112 1 133 70 58
1 18 14 123 110
77 -14
-152 120 68
81 147 132 89
30 -154
34 11 137 75 27 45
-73 -28 -153
64 -52
-137 -92 -27
-27 -159 -90
-105 75 27
156 -8
-18 -85 -149
-7 92 45
89 50 151 72 9 109
112 133 70 56
-18 -159 -38 -149
50 147 151 8 89 72
55 -43
-136 2 59
3 4 149 79 63
13 -159
-123 -85 -145 -149
127 -61
-114 -46 -22
-56 -1 -70 -155
1 18 58 110
112 1 56 58 155
-26 -153
-153 -97
-56 -58 -155
-127 -77
-139 -162
-27 -139 -85 -148
112 133 70 58 155 44
-14 -58 -123
65 137 34 117 73 26
-18 -85 -41
50 151 72 9 109 8
-56 -58 -133 -155
150 39 91 11 62
-97 -2
137 34 117 73
-75 -159 -90
-147 -72 -109
162 50 151 40 88
49 -147
-49 147 89
159 75 148 90 27 139 47
-119 148 90
112 133 70 56 58 44
130 153 52 73 26 28
148 85 75 139
19 35 124 63
-137 -62 -92 -27
-34 -11 -45 -27
-45 -97
-114 -93 -128
-93 -14
1 133 58 155 44
-93 -14 -94
-14 -1 -123
-145 -149
112 1 70 56 58 44
1 18 58 123
-118 -93 -110 -94
-18 -159 -145 -149
107 -4
-48 131 42
-83 135 84
-84 -12
20 -6
128 114 24 93 46
145 18 149 38 41 123 159
-27 -139 -148
-65 -73 -137
1 56 58 155
-147 -151 -9
-68 -145 -84
-137 -45 -75
-34 -62 -92 -75
37 70 133 120
-95 21
112 70 56 58 155
8 148 5
-26 -130 -153
133 70 56 58 155 44
17 149 41 79
68 133 70 143
-85 -38 -149
-98 160 97
-85 -145 -149
-142 78
-110 -1 -123
83 -84
-50 -72
68 133 70 120 143
-56 -58 -133 -44
-31 114 24
-76 18 123
-160 -59
72 8 90 5
81 147 132 86 89
130 28 143
162 50 87 40 88
-117 -73 -137
84 135 154 12
-84 -12 -80
141 -139
-106 88 40
17 3 4 63 79
-36 -12
17 149 79 63
-40 -131
-65 -137
148 5 8 90 72
-127 61
112 1 133 56 58
-41 -63 -79
-147 -151 -8 -109
53 -46
-116 -161
17 3 149 41 79
164 -149
-10 -46 -14 -94
-22 -139 -87
-41 -3 -4 -79
-30 80 154
65 91 150
34 117 73 26
81 147 86 39 89
-120 -38 -84
-73 -26
118 14 94 110 93 46
-11 -45 -27
-18 -38 -41
89 50 151 72 9 109 8
-123 -85 -149
-5 -99
15 -116
-160 -97
112 1 133 70 155 44
125 -56
122 -1
148 90 75 27 139 47
112 133 70 56 44
34 137 75 92 45 62
155 44
-91 -86
-24 -93
-137 -62 -92
-75 -139 -159 -148
112 133 70 56 155 44
-118 -93 -14
-21 -140 -116
-147 -151 -72 -9
-84 -80
-43 -61
95 -21
-74 -43 -118
33 -151
147 151 8 9 72 109
65 34 117 137 26
-73 -130 -153
-11 -92 -27
-75 -47 -159 -90
-90 -72 -5
-17 -79
-54 12
40 42 131
147 132 86 39 89
-93 -128
-32 117 65
18 58 123 14
-123 -85 -38
-89 -72 -9
-100 10 118
17 3 149 41 79 63
1 133 58 155
8 72 9 109 50 147 151 89
112 1 133 70 58 155 44
-43 -118
112 1 70 58 44
90 148 5
-162 -50 -88
34 75 27 92 62
50 147 151 8 109
158 -79
-144 -43 -118
65 137 34 73 26
100 -118
35 4 124 63
11 137 75 27 92 45 62
-145 -41
145 149 85 38 41 123 159
-137 -62 -45 -75
112 1 133 56 155
-123 -38
-89 -72 -109
-1 -58
-47 -162
-159 -90
75 148 85 90 27 139 159
3 149 41 79 63
112 133 56 58 155
-12 -99
147 86 39 89
-11 -45
17 3 4 149 41 79
-112 -56
112 1 70 56 58 155 44
147 151 8 9 109
-65 -26 -34
112 133 56 155 44
-98 -122
56 129
-3 -78
-26 -28 -153
97 2 36 59
-144 -10
17 3 4 149 79
81 132 21 59 61
-137 -27
-72 -9
-47 -85 -90
-18 -145 -41
-81 -59
-89 -50 -8 -9
-34 -137
-61 -59
-65 -91
-120 -68
112 1 133 70 56 58 155
50 147 8 72 89 109 9
-97 -59
86 39 91 11 62
112 56 58 155 44
-38 -84
-89 -8 -9
56 112
-164 -29
71 -150
34 75 11 92 45 62
161 154
-92 -97
-117 -26 -137
-87 -40
-52 -92 -97
-128 -47
-73 -130 -52
-35 -4 -19
13 -85
-23 74 144
66 6 103 79
65 34 117 137
80 154
-81 -2 -21
72 8 5
-75 -47 -85 -148
-52 -97
-10 -14
-114 -93 -22
-132 -2 -21
-39 -132 -89
-38 -149
-14 -1 -18
-85 -145
-162 -151 -40
-39 -81 -89
-78 -42 -6
112 1 70 56 155 44
-149 -3 -63 -79
-39 -81 -147
25 -128
34 11 137 75 27 92 45
112 133 70 56 155
-75 -85 -90
152 -68
-139 -159 -90
-151 -72 -109
57 -62
17 3 63 79
60 -37
144 24 114
-11 -27
112 1 133 70 56
-150 -11
119 -148
-159 -145 -149
111 -70
-134 34 137
-27 -47 -148
80 84 135 154 12
-149 -3 -4 -79
34 137 75 92 62
50 147 151 72 9 109 8
19 35 63
-138 -53
-122 1 58
-27 -90
-27 -159 -148
34 137 75 27 92 45 62
-151 -40
-141 139 47
-18 -85 -145 -149
-123 -85 -38 -41
-24 -46 -22
68 133 120 143
-89 -9
17 3 4 149 41 63
-14 -58
-34 -11 -92 -75
-80 -154
159 75 148 90 27 47
-162 -50 -40
7 -92
34 27 137 11 45 62
112 1 133 58 155
66 6 79
-18 -159 -41
147 132 86 39
-123 -159 -149
-60 37 143
-140 -116
-75 -47 -85
-153 -45
136 -2
68 37 70 120 143
102 -19
53 -93
-91 -11 -39
65 137 73 26
17 4 149 79 63
80 84 154 12
17 66 79
-85 -145 -41
-35 -63
-18 -159 -145 -41
75 148 85 90 27 139 47 159
-99 -116
126 -109
17 3 4 149 63
-128 -87
-147 -50 -72 -9
-61 -132 -59
-120 -38 -135
-130 -52
112 133 70 155 44
72 90 148
-147 -50 -8 -9
-44 -155
-118 -110
160 97 36 59
-150 -62 -86
-110 -58 -18
-95 -96
-105 -67
-130 -143
-81 -21
-4 -63
11 137 75 27 92 45
-130 -37
-159 -145 -41
145 18 149 85 38 123 159
-143 -70 -120
34 75 11 92 62
-118 -46 -14 -94
-89 -151 -72 -109
-5 -12
148 5 8 72
147 151 72 8 109
-47 -90
-147 -50 -109
-27 -139 -90
-89 -151 -109
-58 -133 -155
-9 -140
-34 -11 -45
-147 -50 -9
75 148 85 90 27 159
148 85 90 27 47 159
-81 -59 -21
-40 -42
115 -140
-97 -59 -36
-24 -93 -128
-137 -45
-144 -114
-143 -133 -68
-155 -35
98 -160
34 75 92 45 62
133 56 155 44
147 151 8 109
148 90 85 75 27 139 47
112 1 70 56 44
-37 -70 -68
25 -22
-29 5
112 1 133 70 58 44
-74 -144
-81 -89
-69 36
1 133 70 56 155
4 149 79 63
-26 -130 -52
112 70 56 155 44
9 140
-137 -62 -27
99 116 161
97 52 153 92 45
-143 -133 -120
1 70 58 155 44
-21 -140
29 -5
-81 -2
11 75 27 92 45 62
-43 -129
48 -42
145 18 149 85 38 41 123 159
19 35 4 63
66 131 6 42 78
-128 -139
-68 -145 -135
1 18 110
17 6 103 79
-75 -47 -148
-6 -66
-120 -145 -135
118 14 94 10 93 46
147 151 8 89 109
130 37 143
-123 -38 -41
-151 -72 -9
-99 -116 -161
50 147 151 8 89 109 9
30 -80
137 34 73 26
130 52 73 26 28
-36 -5 -99
-18 -123
-123 -149
-159 -145
-138 86 39
112 1 58 155 44
157 -73
-99 -161
-137 -11 -27
-18 -149
-18 -159 -149
65 117 73 26
-75 -139 -159
17 3 149 79
11 137 75 27 45 62
-153 -92 -97
-123 -159 -38 -41
11 137 27 92 45 62
-89 -50 -72 -109
-88 -42
34 27 11 137 75 62
-144 -43 -10
1 133 70 155 44
-10 -93 -110 -94
-130 -153
1 133 70 56 58
-133 -68
34 11 137 75 27 92 62
81 2 132 21 59
-139 -47
68 133 37 120 143
-114 -128
-142 -115
65 34 117 73 26
1 18 58 123 14
-52 -45 -160
160 97 2 36 59
-137 -11 -45 -75
-128 -139 -87
-3 -63 -79
128 162 22 87 139 47
-13 85 159
-27 -139 -159
1 133 56 58 44
-118 -93 -110
-124 -35
-16 103
34 11 75 27 92 45 62
-128 -139 -162
-46 -14
112 1 70 44
-24 -128
112 56 58 155
-10 -46 -110
-147 -151 -72 -109
-137 -62 -92 -75
72 8 90 148
-51 38 145
19 124 4
-10 -14 -94
-144 -24
-34 -11 -45 -75
-120 -145
-93 -110 -94
-10 -46 -110 -94
-89 -151 -8 -109
158 -17
34 137 75 27 92 45
-158 17 79
-27 -47 -159
81 147 132 39 89
34 11 137 75 27 45 62
34 11 137 75 27 92 45 62
-120 -145 -84
68 133 70 120
141 -47
-102 19
60 -143
-14 -58 -18
128 162 87 139 47
-91 -62 -86
149 41 79 63
-18 -159 -38
138 -39
65 91 117
-137 -62 -75
-61 -81 -59
-50 -9
64 -153
-18 -159 -145
50 8 72 89 109 9
-11 -86
112 1 133 70 56 155 44
1 18 110 58 123 14
-36 -99
-10 -46 -14
-41 -3 -63 -17
133 70 56 155 44
112 56 155 44
1 18 58 123 110
-10 -118
34 27 137 11 92 45
-10 -46
148 85 27 90 139 47 159
146 -161
66 131 6 42
-11 -39
112 1 133 56 155 44
-145 -84
-68 -84
-22 -47
-112 -58 -133 -44
160 97 52 153 92 45
-115 140
120 37 70
1 133 70 58
-104 44 155
-135 -154
19 4 124 63
-123 -145
-89 -50 -8 -109
162 50 87 40 151
56 58 155 133
-147 -89
-86 -132 -89
159 148 85 75 139 47
128 162 22 139 47
130 52 153 26 28
-73 -28 -52
1 133 56 58 155 44
17 3 41 63 79
-86 -81 -89
-28 -130
144 74 43 118
112 133 56 58
50 147 8 89 72 9
-36 -5 -12
148 85 75 27 139 159
-62 -45 -27
-37 -143
130 153 52 73 26
112 1 70 58 155 44
42 66 78 6
-35 -63 -19
-50 -8 -109
-78 -131 -66
-163 94
-34 -62 -45 -27
-75 -47 -159
-135 -12 -80
-65 -150
-135 -84
-18 -85 -38
-151 -8 -9
-22 -47 -162
-163 -67
-89 -50 -8
50 147 151 89 109 9
-118 -110 -94
111 -133
-163 -141
-46 -128
50 147 151 8 72 109
105 -27
-65 -73 -34
-114 -24
-27 -47
-117 -91
10 118 14 94 110 93 46
-149 -3 -63
150 39 86 91 11
145 68 84 38 135 120
-160 -59 -36
-123 -85 -145
148 85 90 75 139 47
136 -59
-137 -11 -45 -27
17 66 6 103 79
-84 -154
-101 -107
112 1 70 56 58
-15 116
-137 -62 -45
-68 -145
68 37 133 143
134 -34
-117 -26 -34
1 58 123 14
3 4 149 41 79
3 4 149 41 63
-110 -14
-88 -40
-162 -40
-27 -47 -85 -148
-75 -47 -85 -90
18 14 123 110
-154 -161
133 70 56 155
-113 129
-75 -139 -159 -90
-147 -50 -72
66 103 79
-75 -139 -85 -148
133 70 56 58 155
-41 -3 -63 -79
-118 -46 -94
145 18 149 85 41 123 159
-42 -66
-145 -135
-94 -78
-159 -38 -41
-151 -50
-121 28 130
-147 -72 -9
-153 -45 -97
-61 -132 -21
72 90 148 5
-109 -9
-90 -8 -5
-37 -133 -120
-22 -47 -87
144 24 74
-149 -63 -79
-27 -139 -85
-144 -43
-85 -149
-162 -88
-118 -93 -94
-70 -133
-62 -92 -27
1 58 155 44
20 -66
-26 -52
-28 -143
-34 -92 -27
144 10 118 74
65 137 117 73 26
85 27 75 139 47 159
147 151 8 89 109 9
17 4 149 41 79 63
-118 -46
-27 -47 -159 -148
-26 -137
-120 -84
-148 -90
-45 -27
112 1 133 58 155 44
-153 -92 -160
-137 -11 -75
-149 -3 -4 -17
51 -145
75 148 85 90 139 47 159
1 14 58 110
-149 -3 -63 -17
-144 -118
-105 -77
-75 -27
17 66 103 79
121 -130
67 -81
-62 -39
112 1 133 70 56 58
1 133 70 56 58 44
21 140 116
-18 -38 -149
-26 -28
112 133 56 155
17 4 41 63 79
1 133 70 58 44
-146 161
-150 -11 -39
-46 -110
-61 -81
164 -41
-61 -132 -59 -21
-147 -151 -72
-27 -85 -148
-18 -85 -145
138 -86
-129 -56
89 147 151 72 9 109 8
-137 -62 -45 -27
-124 -63 -19
-17 -66 -103
56 58 155 44
68 133 70 37 143
104 -44
-10 -93 -14 -94
-149 -4 -79
-91 -11
-57 62 11
23 -144
-123 -38 -149
133 70 58 155
3 4 149 41 63 79
-139 -85 -90
-118 -14 -94
-47 -159 -90
17 4 149 41 63
148 85 90 75 139 159
-27 -139 -159 -90
-125 112 56
108 -87
89 50 147 151 72 9
-123 -159 -145 -149
112 133 56 58 155 44
-89 -151 -72 -9
17 66 6 103
51 -38
-112 -1 -133 -155
50 147 72 89 109 9
-50 -40
3 4 149 63
-34 -62 -45 -75
121 -28
65 137 26 117
89 50 147 151 72 9 8
-71 -23
34 137 75 11 92 62
-158 -15
-46 -22
4 149 41 79 63
-20 6 66
3 4 63 79
144 118 10 43
-147 -50 -72 -109
1 18 14 110
-56 -1 -133 -44
-27 -85 -90
-49 -141
-137 -11
17 66 6 79
-27 -159
68 37 70 120
18 14 58 123 110
66 6 103
-19 -103
101 -99
9 109
160 97 52 153 45
-86 -81 -147
-10 -46 -94
19 103
17 4 63 79
10 118 14 110 93 46
-114 -46 -128
-123 -85 -41
128 114 22 24 46
-34 -11 -75
-139 -159 -148
-147 -50 -8 -109
1 133 70 56 58 155 44
-27 -139 -159 -148
-71 150 91
-24 -22
112 1 70 56 58 155
-101 99
119 -90
81 147 39 89
-91 -62 -39
147 151 8 89 72 109
-34 -11 -92
-65 -26
16 -103
-47 -159 -148
-137 -11 -92 -75
-50 -72 -109
-61 -81 -59 -21
-89 -50 -72 -9
89 81 86 39
-94 -3 -78
81 2 21 59 61
17 103 79
-34 -11 -92 -27
1 110 58 123 14
-38 -145
-58 -123
-53 93 46
82 -35
-78 -42
-8 -72
133 56 58 155 44
-26 -28 -52
-26 -130
-123 -41
-37 -133 -68
133 37 70 143
-39 -81
-123 -85 -38 -149
133 70 56 58
-14 -123
-160 -2 -36
148 85 27 75 139 47 159
-34 -62 -27
34 75 27 92 45 62
-76 -136
71 -91
35 4 19 124 63
81 2 132 21 59 61
-56 -58 -70 -155
-68 -38 -84
34 137 11 92 45 62
17 3 4 149 79 63
-129 -61
128 22 24 93 46
-18 -159
-150 -91
96 -3
81 147 132 86 39
37 70 133 120 143
17 3 149 41 63
148 85 90 75 27 47 159
-43 -129 -61
-100 -57
-111 70 133
-62 -45 -75
50 147 151 8 89 109
34 11 75 27 92 62
50 147 151 8 9 109
162 50 87 151 40 88
-75 -139 -90
-25 22 128
-107 4 63
72 90 5
-93 -46
-90 -72
-64 -113
-11 -92 -75
1 70 56 58 155 44
-123 -85
112 133 58 155 44
112 1 133 70 56 58 44
-59 -36
-148 -72 -5
-22 -162
-50 -88
35 155
-89 -151 -72
112 133 70 56 58
-91 -11 -86
128 114 22 24 93 46
-149 -3 -79
148 85 90 75 139
-117 -65
-39 -132 -147
-123 -159 -38 -149
1 133 56 155 44
-123 -159 -41
-134 -55
163 -94
68 37 133 70 120
63 3 149 79
-114 -46
-74 -43 -10
-118 -14
68 37 120 143
-50 -72 -9
-2 -59
36 5 12 99
33 -50
160 97 52 92 45
50 147 151 8 89 72 109
-87 -151 -88
-34 -45 -75
-150 -39
-89 -50 -109
112 70 56 58 155 44
85 90 75 27 139 47 159
-52 -160
-153 -45 -160
-159 -38 -149
-89 -50 -72
-147 -151 -8 -9
-41 -149
-147 -50 -8
34 75 92 62
113 -129
-132 -59 -21
-91 -39
48 -131
-21 -116
81 132 86 39
148 85 75 139 159
85 90 27 139 47 159
-46 -110 -94
80 154 84 135
-67 132 81
-10 -93 -94
67 -132
-34 -45 -27
137 34 117 73 26
-127 -7
112 1 133 56 58 155 44
81 132 86 39 89
-18 -159 -38 -41
1 18 123 110
77 -110
156 -72
-61 -2 -21
54 -12
-149 -63 -17
32 -65
-156 8 72
-82 124 35
-47 -85 -148
3 149 41 79
148 85 90 75 27 139
-24 -46
-61 -132 -2
-27 -47 -159 -90
110 58 123 14
108 -162
-94 -3
83 -135
-75 -47 -90
-164 41 149
145 68 84 38 135
142 -78
147 132 86 89
19 35 124 4
-78 -42 -66
-132 -81
112 133 70 56 58 155
-159 -38
112 1 133 56 58 155
1 133 70 58 155 44
-68 -38
1 133 70 56 58 155
-52 -45 -97
-52 -92 -160
-24 -93 -22
-36 -5 -12 -99
-45 -160
-18 -145
112 1 133 70 56 44
58 155 44 133
112 1 70 155 44
-132 -59
-87 -151 -40
32 -117
112 1 133 70 56 58 155 44
148 85 75 27 139
19 35 124
112 1 56 58 44
-150 -62 -39
-143 -70 -68
110 118 14 94 10 46
17 149 41 79 63
-123 -145 -149
-85 -38 -41
70 56 58 155 44
-56 -58 -133
105 -75
89 50 151 72 9 8
-42 -6
122 -58
112 1 56 58 155 44
1 133 70 56 155 44
-27 -47 -90
-96 3
72 8 90
-97 -36
145 68 84 38 120
