-82 -96
-3 -85 -31
90 3 85 31
-26 -73
34 119 9 58 108 62
97 100 39 55
83 67 8 106 30
-44 -97 -32
-36 -6 -77
-58 -4
65 25 110 111
67 83 106 28 30
-50 47 10
81 34 119 120 121 44
89 81 34 38 119 120 121
-63 -85 -28 -27
32 97 33 74 75
81 34 38 89 44
-9 -58
83 67 106 8 74 28 30
-44 -33 -97
32 106 8 74 28
-96 -26
89 81 34 38 121
16 121
-7 -96
21 -31
89 38 120 121 44
67 83 8 28
16 121 92
81 34 121 119 89
114 25 106 30
-89 -33 -97 -74
104 -44
10 59 103
-74 -32
32 97 33 89 75 44 14
17 67 85 27 28 63
-31 -111
32 97 33 74 44 14
-16 -70 -63
-30 -110 -40
-80 -39
90 3 85
119 9 58 108 62
16 17 92 63
-72 -46
23 73 26 59
67 83 106 74 28 30
-96 -71
89 74 75 44 14
32 97 33 89 75 44
97 39 55
32 67 74 106 30
81 119 120 89 44
32 83 106 8 74 28 30
17 67 85 28 63
30 40 106 110
16 92 38
32 67 83 8 106 28
81 121 119
89 81 38 119 120 121 44
-7 -11
16 113 4
52 -95
16 17 75 92 63
80 55 39
83 8 74 28 30
81 38 119 121
114 40 25 106 30
-39 -97 -100
15 -33
-18 80 39
81 34 38 119
21 -90
32 67 74 28
32 97 75 44 14
52 -20
32 33 89 44 14
32 83 106 74 30
65 25 57 27 110 111
32 8 74 30
-2 -10
2 51 87 9 58
97 33 89 74 75 44 14
-92 -70 -75 -63
46 -98
37 -14
-43 9 58
-38 -121
10 59 47
18 -39
69 -70
113 51 92
32 97 74 44 14
16 33 17 70 63
16 17 70 75 63
113 51 92 38
119 120 89 44
-103 -59
-64 78 36
113 51 4 92
34 38 119 44
81 38 120 121
16 33 70 75
32 33 89 75 44 14
65 1 85 27 28 63
17 67 27 28 63
67 8 106 28 30
80 97 39 55 14
65 27 110 111
-63 -1 -27
-2 -87
89 81 34 38 119 121
-89 -44
-86 103 59
32 67 106 8 74 28
32 97 33 75 44
32 97 89 75 44
33 97 89 75 44 14
116 6 77 78
89 81 38 120 121 44
81 34 38 121 44
65 27 110
-16 -70 -75 -63
-78 -93 -77
-36 -93 -77
-30 -25 -114
-54 107
90 31 111
89 81 44 120
-2 -51
-92 -70 -33 -17
120 81 44
97 89 74 44 14
67 106 74 28 30
114 40 106 30
33 89 74 75 44 14
97 33 89 74 44 14
32 83 8 74
32 8 74 28
78 36 102
32 67 106 28 30
-17 -85 -28 -27
-114 -40
-61 74 32
72 -27
10 47 87
96 71 24 73 11
80 97 100 39 55 14
80 39 55 14
81 38 119 121 44
1 3 85
120 81 121 89
50 -47
-59 -26 -23
-85 -90
-71 -93
-29 25 110
32 67 83 8 28
-112 4 51
-101 116 77
89 34 38 121 44
81 121 120 89 44
16 113 38 121
-92 -33 -63
-63 -85 -28 -65
81 34 38 119 44
51 4 92
89 121 44
32 89 74 75 44 14
-103 -73 -23
-74 -67 -8 -30
32 33 89 74 44
97 39 55 14
66 -22
67 8 74 28 30
57 27 25 111
12 -11
32 67 83 8 74 28 30
32 97 33 89 74
114 30 25 106 110
81 34 38 119 120 89 44
89 81 34 119 120 121 44
103 10 59 47
33 97 74 75 44 14
-96 -73 -71
-63 -28 -65
-45 108 62
80 97 100 39 14
32 83 74 28 30
16 33 70 92
16 121 4 92
-36 -93
-53 26 73
34 119 120 89 44
32 67 8 28 30
-89 -33 -14 -32
-58 -119
67 83 8 106 28
-14 -97
86 -59
32 97 33 75 44 14
81 34 119 120 121
81 38 119 120 44
-58 -108 -119
-48 100 55
32 89 74 44 14
59 103 47 7
-109 92 16
-16 -33 -17
82 103 7 10 59 47
32 83 8 74 30
-99 41
-106 -110 -114
17 1 67 65 85 27 28 63
-48 -76
27 110 111
89 81 34 38 121 44
16 33 17 75 92
16 113 38
-57 -111
32 33 74 75 44 14
-11 -73 -71
-12 11 96
16 33 17 75 63
-82 -7
32 33 74 44
1 17 67 65 27 28 63
81 34 120 121
32 74 28 30
17 1 65 85 27 63
16 51 38
-58 -34
78 107 102 22
76 -6
-58 -108 -34
65 27 111
-77 -114
33 17 70 63
16 33 75 63
32 89 74 75 44
32 67 83 8 106 30
-70 -3
35 -82
-119 -38 -81 -44
112 -51
17 1 67 85 28 63
10 82 7
49 -63
32 106 28 30
10 59 82 103
89 81 34 119 120 121
-11 -73 -24
-74 -28 -8 -30
32 33 89 74 75
-118 120 81
-11 -96
109 -92
32 33 89 74 75 44
38 81 121
-17 -1 -28 -65
-90 -111
-44 -33 -14 -74
-17 -85 -28 -65
81 34 119
97 100 39 55 14
-47 -7 -59
1 3 85 31
120 121 44 119
65 17 67 85 27 28 63
32 97 33 75 14
-107 -102 -78
-82 -102 -96
8 106 28 30
59 103 7
-32 -28 -83 -30
-17 -85 -67 -65
82 59 103 7
-9 -51
-30 -110 -114
32 67 106 74 28
-74 -28 -8 -106
89 74 75 14
53 -73
20 62
32 97 33 74 75 14
-19 23
-39 -14 -55
-16 -75 -63
-5 38 121
1 17 67 27 28 63
101 -77
57 27 110 111
97 89 75 44 14
16 113 4 121
116 93 6 77
-24 -93
36 102 22
32 33 89 75 44
-74 -28 -83 -30
73 26 59 103
-36 -77
66 -102
57 90 111
121 113
32 83 8 74 28 30
100 55 39
32 83 74 106 28 30
16 33 75 92
68 -119
32 67 74 8 106 30
64 -78
33 17 70 75 63
116 36 6 78
-34 -121 -81 -44
65 27 110 57
80 97 100 55
33 97 89 75 44
34 38 119 120 89 44
33 97 89 75 14
34 38 119 120 121
116 36 6 77 78
32 83 8 30
16 4 92
32 67 74 28 30
89 81 119 120 121 44
-63 -85 -27
32 74 8 106 30
-59 -73
32 97 89 74 75 44
-93 -79
16 33 17 70 75 92
16 113 4 92
-93 -77
17 1 65 67 85 28 63
-42 113
61 -74
94 -67
29 -25
86 -103
121 51 38
33 17 75 63
33 17 70 92 63
116 36 77 78
39
81 34 38 121
83 67 106 74 30
32 97 74 75 14
32 83 67 106 8 74
60 -87
-17 -63
34 119 120 121
16 4 38 92
-4 -51
67 83 106 74 28
-7 -102 -96
83 67 106 74
16 33 17 75 92 63
-78 -6 -77
91 -57
97 33 89 74 44
121 38 113
-15 75 33
81 38 119 89 44
81 38 119 120 121
-17 -85 -27
16 121 38
19 -23
114 40 25 106 110
32 83 106 28 30
80 100 39 55 14
114 25 106 110
-119 -121 -81 -89
-34 -119
-24 -71
33 17 75 92 63
33 89 75 44 14
-37 14 97
89 44 119
17 1 85 27 28 63
81 34 38 119 120 89
81 34 119 120 89
5 -121
-107 -102 -36
13 -30
-18 -66
-106 -110 -40
65 67 27 28 63
89 81 34 38 119 121 44
65 67 85 27 28
80 97 39
-6 -93
121 51 92 38
32 83 67 106 74
-92 -16
-49 -84
45 -62
-69 70
-32 -28 -83 -106
73 59 23
17 65 67 85 28 63
114 30 40 106 110
-17 -85 -67 -27
81 34 121 38 119 120 89 44
32 74 106 30
16 33 70 92 63
97 100 14 39
16 51 4 92
32 97 44 14
16 121 4
83 8 106 28 30
-62 -20
17 85 27 28 63
-63 -85 -65
-1 -28 -27
1 3 90 31
-10 -7 -59
32 83 67 106 8 74 28
10 103 82 7
-106 -30
33 97 44 14
32 97 33 44
15 -75
-17 -85 -28
-108 -62
32 97 33 74 75 44
-109 -66
45 -108
-107 -22 -36
-2 -58
65 57 27 111
40 114 77
-28 -8 -30
97 14 39
-87 -9 -4
-41 -70
89 81 38 121
81 34 121 44
34 38 120 121 44
80 100 39 55
-85 -67 -27
10 82 47 7
-60 2 87
83 67 8 74 28 30
89 121 44 38
97 14 55
89 81 38 120 121
96 71 73 26 11
57 27 111
-63 -67 -27
57 110 27 25 111
32 83 74 8 106 30
33 17 70 75 92 63
1 65 85 27 28
-115 -94
-76 6 93
-36 -93 -116
-84 24 71
32 33 89 74 75 44 14
-78 -36
96 82 7 22 102 11
32 67 28 30
32 83 8 106 30
16 113 4 38
103 23 26 59
16 113 51 4
33 97 75 44 14
-3 -85 -90
73 59 103
81 121 38 119 89
81 38 119 120 121 44
16 33 75 92 63
-58 -51
97 33 89 74 75 14
-32 -28 -8 -30
56 -1
-46 98
36 102 22 78
-44 -33 -97 -32
107 102 22
-2 -58 -4
-44 -75 -14 -32
90 3 31
89 38 119 120 121 44
89 34 119 120 121
-63 -85 -28
81 38 119 120 89
89 81 38 119 121 44
120 121 38 119
81 121 44 119
32 97 33 89 74 75 44 14
78 107 22
88 -3
34 119 58 108 62
-82 -102 -11
-35 82 7
-27 -111 -110
67 106 8 74 28 30
51 4 38 92
17 1 65 67 85 27 63
106 8 74 28 30
1 90 85
89 34 38 120 121 44
113 51 4
120 81 121 119
17 65 85 27 63
83 67 106 8 74 28
32 106 8 74 28 30
-87 -10
-32 -28 -8
-79 -98
71 24 93 79
-94 67 28
-9 -62 -119
121 34 120 89 44
120 34 44 119
81 34 120 89 44
81 34 38 119 120 121 44
-17 -1 -67 -27
38 119 120 89 44
116 36 6 93 78
25 106 114
65 57 27 110 111
-32 -28 -8 -106
-36 -6 -116
-2 -58 -51
1 65 85 27 63
32 97 33 89 74 75
121 38 119
32 83 67 8 74
81 44 119
116 93 36 77 78
-96 -73 -24
5 -38
16 113 121
105 -83
32 67 8 74 30
16 113 92
40 116 77
34 119 9 58 62
121 51 92
-51 -113 -121 -16
10 59 103 7
83 100
25 27 110
121 44 119
32 97 89 74 44
23 98
84 -71
-58 -62 -119
34 38 119 121 44
-33 -97 -32
114 30 40 25 106 110
82 7 103 10 59
108 95
53 -26
107 36 102 22
120 81 44 38
-32 -67 -8 -106
33 97 74 75 44
-117 114 40
10 2 87
-96 -73
-41 -70 -3
-65 -111 -110
49 -17
32 67 74 106 28 30
-27 -111 -25
-7 -102
89 34 44 119
32 67 8 74 28 30
-16 -70 -33
-44 -33 -14 -32
121 4 113
65 25 27 111
81 121 44
25 27 110 111
89 44 121 119
1 67 85 28 63
65 25 27 110 111
90 85 31
32 83 67 106 74 30
-89 -33 -97 -32
-44 -33 -32
-58 -108
-24 -93 -79
-27 -57 -110
83 106 8 74 30
-88 3
51 4 87 9 58
-7 -102 -11
103 7 10 59 47
-30 -25 -40
107 36 78
-75 -33
32 83 67 28 30
-30 -40
32 97 74 75 44
65 57 110 111
120 81 119
1 65 67 27 28 63
32 97 33 89 44 14
32 97 14 33
32 67 83 106 8 74 28 30
1 65 67 85 27 63
32 83 67 8 74 28
83 67 8 74 28
121 4 38
17 1 85 28 63
81
34 44 119
32 97 75 33
96 82 102 7 11
36 93 6 77 78
120 121 44 38
81 34 38 119 120 44
89 120 121 44
120 81 121
32 97 33 89 74 14
83 67 106 8 74 30
57 110 25 111
33 97 89 44
1 65 17 85 27 28
32 97 89 74 75 44 14
89 38 119 121 44
12 -96
-80 -97 -55
1 17 67 85 27 28
-58 -62
32 33 74 75 44
32 67 83 106 74 28
-96 -26 -24
-63 -1 -67 -65
-83 -8
81 34 38 120 89 44
89 81 34 119 121 44
-2 -9 -4
72 -65
1 65 67 85 28 63
121 4 113 92
121 4 38 113
89 121 34 119
81 34 38 120 121
81 34 38 120 121 44
1 17 65 27 28 63
32 67 83 106 8 74 30
-63 -1 -67 -27
-1 -85
32 97 33 89 44
33 97 89 44 14
113 51 4 38
-63 -1 -28 -27
32 67 106 8 74 28 30
73 26 23
16 33 92 63
99 -41
78 107 36 102
32 83 8 106 28 30
32 83 8 106 28
83 106 8 74 28 30
81 34 38 119 120
-77 -40
-82 -22 -96
76 -93
-56 1 85
16 121 92 38
-96 -24
36 6 93 78
32 74 106 28 30
16 33 70 75 92 63
32 97 33 89 75 14
38 121 92 113
121 51 4 113
32 97 89 74 44 14
-7 -22
34 38 119 121
33 97 75 44
113 41
103 23 73 26
32 97 33 44 14
16 121 51 92
48 -100
-90 -57
57 110 111
59 23 103
1 3 85 90 31
-55 -8
-110 -40
81 38 119 120
97 100 55
32 8 28 30
-102 -96
40 25 110 30
16 51
65 17 85 27 28 63
32 83 106 8 74 28
32 83 8 28 30
-52 95 20
32 67 8 106 28
-87 -58
43 -9
-7 -22 -96
32 83 67 74 28 30
1 65 67 85 27 28 63
2 51 4 87 9 58
-102 -36
-63 -1 -28
65 25 27 110 57
107
-71 -6
118 -120
17 65 67 85 27 63
32 97 33 89 75
65 25 27 110
-9 -62
1 90 3 85
89 81 44 38
121 44 38
17 1 67 85 27 28 63
-85 -28 -27
83 67 8 106 28 30
-32 -67 -83 -30
101 -116
10 59 7
-89 -75 -97 -32
81 44 38 121
73 59 103 23
-58 -62 -34
-17 -28 -27
51 4
-62 -34
81 121 119 120 89
-11 -73
-22 -102
81 121 119 89 44
25 110 111
-99 -35
-16 -70 -33 -17
79 98
16 17 70 75 92 63
36 22 107 78
16 33 17 70 92
-49 17 63
-16 -33 -63
32 97 33 89 14
32 97 33 89 74 75 44
81 34 119 120 44
33 97 75 14
40 114 110 30
-44 -75 -97 -32
-47 -10
104 -89
81 34 38 119 121 44
-87 -47
65 57 27 25 111
-108 -119
80 97 14 55
32 67 83 106 74 28 30
97 89 74 75 44 14
20 95
1 67 85 27 28 63
32 83 106 8 74
30 25 106 110
18 -80
81 34 120 44
82 59 7
32 97 74 14
36 77 6 116 93 78
116 78 6
-113 -41
-67 -28
-7 -22 -11
-59 -73 -23
114 30 40 25 110
16 113 92 38
16 121 51 4
65 25 57 110 111
120 81 44 121
83 8 106 30
61 -32
34 38 119 120 121 44
33 89 74 75 44
-17 -1 -28 -27
-2 -9 -51
65 85 27 28 63
32 97 89 74 14
-9 -108 -119
-25 -110
16 121 4 38
81 34 44 119
-63 -28 -27
-31 -90
89 81 34 38 120 121 44
41 70 3
16 33 70 63
81 34 119 120
107 36 102
2 51 4 87 58
16 121 51 113
-32 -28 -30
103 23 73 26 59
100 55
121 92 38
-23 -98
84 -24
32 83 8 28
32 33 74 44 14
32 89 74 75 14
8 67 28 30
97 100 55 14
16 33 17 92 63
121 51
30 40 25 106 110
114 40 25 106
-104 -66
112 -4
-63 -1 -28 -65
108 62
82 59 47 7
16 33 17 70 75 63
16 17 70 63
8 83
89 34 38 119 120 121 44
65 17 67 85 27 28
33 89 75 44
81 119 120 121 44
32 33 89 74 75 14
-26 -71
-73 -71
82 103 10 59 47
-87 -9 -51
89 34 119 120 121 44
33 97 74 75 14
96 82 7 22 102
32 97 89 44 14
118 -81
65 67 85 27 28 63
16 92
-9 -108 -34
17 1 67 85 27 63
33 70 75 92 63
121 92 113
-13 106 30
-63 -85 -67 -65
-105 83 8
-16 -70 -75 -17
32 8 106 28 30
16 51 92
16 70 92 63
38 119 120 121 44
81 34 38 119 121
96 71 24 73 26 11
-91 57 111
121 34 81 89 44
81 44 38 119
-11 -26 -24
-85 -28 -65
32 8 74 28 30
121 34 89 44
-70 -33 -63
13 -106
-82 -22 -11
37 -97
-92 -70 -33 -63
-120 -81
32 97 74 75 44 14
-24 -6 -79
32 83 67 8 30
-10 -82 -59
-41 -3
17 65 67 1 85 27 28
64 -36
1 90 85 31
-68 34 119
35 -7
-21 31 90
81 34 89 44
121 38
89 119 120 121 44
32 67 8 106 30
-96 -26 -71
-44 -75 -97 -74
-116 -40
115 -79
34 38 121 44
56 -85
16 121 51
81 34 119 120 89 44
32 83 67 8 28 30
105 -8
-62 -119
-9 -119
17 1 65 85 28 63
-11 -26 -71
-66 22 102
96 71 24 73 26
36 93 6 77
121 34 44 119
97 89 44 14
81 121 119 89
81 34 119 121 44
-72 65 27
24 93 6 71
32 67 8 106 28 30
-3 -1 -90
89 34 38 119 121 44
-71 -6 -79
34 38 119 89 44
81 34 119 89
10 103 47 7
116 93 36 77
32 97 33 89 74 44
-88 -53
32 33 75 44
-87 -4
78 77 93 36
33 89 74 75 14
116 93 36 6 77
16 33 17 70 75 92 63
32 97 33 89 74 75 14
32 67 83 8 74 30
121 51 4 92
-73 -24
17 1 65 85 27 28 63
-61 -76
16 121 92 113
-102 -11
-116 -77
8 55
-9 -62 -34
121 51 4
16 113 51 92
16 113
89 81 34 120 121 44
16 113 51 38
32 97 33 89 74 44 14
29 -110
10 82 59 7
109 -16
1 67 85 27 28
6 71 93 79
97 89 74 75 14
80 97 100 39
82 7 103 59 47
67 85 27 28 63
65 17 67 27 28 63
33 97 74 44 14
121 34 119 89 44
25 57 27 110
-95 -20
89 81 34 38 120 121
116 93 6 77 78
83 67 106 8 74
51 4 38
32 33 89 44
-10 -7 -103
121 34 119
82 7 10 59 47
17 1 85 27 63
32 97 89 74 75 14
-21 -46
16 33 17 63
120 81 89 119
89 34 38 119 120 121
81 119 89 44
89 81 44 121
73 26 59
81 34 38 119 89 44
32 97 33 74 75 44 14
32 97 74 44
121 51 92 113
32 83 67 74 28
-30 -110
89 81 34 120 121
121 51 38 113
89 34 38 119 121
121 38 119 89
80 97 100 39 55
38 119 121 44
33 70 75 63
-100 -55
-12 -69
89 81 44
54 -107
-65 -27
81 34 119 121
97 33 89 74 75 44
16 113 51
1 3 31
-119 -121 -81 -44
-11 -71
96 7 22 102 11
32 89 74 44
16 121 51 38
32 97 74 33
100 39 55 14
80 97 100 55 14
-22 -96
43 -58
82 10 59 47
81 119 120 44
81 38 119 120 89 44
81 34 119 89 44
10 47 7
32 97 89 75 44 14
81 34 120 121 44
65 1 67 85 27 28
32 67 8 74 28
82 7 103 10 47
32 33 74 75
-87 -51
32 67 83 106 28 30
-104 89 44
6 71 24 93 79
94 -28
117 -114
80 97 14 39
113 51 38
89 81 38 121 44
-71 -93 -79
81 34 38 119 89
32 33 75 44 14
34 38 119 120 44
48 -55
16 33 17 70 92 63
121 51 113
81 38 120 121 44
116 6 93 78
32 33 89 74 44 14
121 4 38 92
38 119 89 44
80 97 39 55
32 83 67 8 106 28 30
-87 -58 -51
81 38 120 89 44
-82 -102
121 51 4 38
-63 -85 -67
-63 -85 -67 -27
67 106 28 30
20
16 33 17 70 75
7 10 59 47
60 -2
-115 79
32 97 33 74 14
-71 -79
83 8 28 30
81 34 38 119 120 121
32 67 8 28
32 8 106 30
-39 -97 -55
16 51 4
32 33 74 75 14
16 51 4 38
83 67 8 28 30
-87 -58 -4
113 51
17 65 27 28 63
117 -40
114 40 25 110
32 97 33 74 44
16 33 70 75 63
32 83 8 74 28
-87 -9
-78 -93 -116
68 -34
-32 -8 -30
50 -10
89 38 119 120 121
-44 -33 -97 -74
81 34 38 120 44
26 23 103
-119 -121 -120 -44
36 102 22 107 78
16 17 70 92 63
16 51 92 38
16 70 75 92 63
91 -111
1 85 27 28 63
34 119 120 121 44
16 33 70 75 92
-32 -67 -8 -30
32 97 89 44
42 -113
-16 -70 -33 -63
-106 -25 -40
81 121 38 119 120 89
