1 : ((5, 5, 4), (10, 5, 2))
2 : (((1, 1, 2), (1, 4, 1)), 1)
3 : (((2, 0, 2), (4, 0, 2)), 2)
4 : ((9, 1, 2), (9, 4, 4))
5 : (((6, 0, 2), (8, 0, 2)), 1)
6 : ((10, 2, 2), (10, 5, 2))
7 : (((12, 0, 2), (12, 2, 2)), 1)
8 : (((9, 1, 2), (9, 4, 4)), 1)
9 : (((12, 10, 2), (12, 12, 2)), 1)
10 : (((0, 0, 2), (2, 0, 2)), 1)
11 : (((4, 9, 2), (7, 9, 4)), 1)
12 : (((5, 5, 4), (5, 8, 3)), 2)
13 : (((10, 2, 2), (12, 2, 2)), 2)
14 : (((12, 8, 2), (12, 10, 2)), 2)
15 : ((0, 8, 2), (3, 8, 4))
16 : ((10, 2, 2), (12, 2, 2))
17 : (((10, 12, 2), (12, 12, 2)), 1)
18 : (((10, 0, 3), (12, 0, 2)), 2)
19 : (((11, 3, 2), (11, 6, 2)), 1)
20 : (((3, 8, 4), (3, 11, 2)), 1)
21 : ((7, 4, 4), (9, 4, 4))
22 : ((8, 12, 2), (10, 12, 2))
23 : ((3, 8, 4), (5, 8, 3))
24 : (((9, 4, 4), (9, 7, 5)), 1)
25 : (((0, 8, 2), (0, 10, 2)), 2)
26 : ((3, 11, 2), (5, 11, 1))
27 : ((8, 0, 2), (8, 3, 1))
28 : (((2, 10, 1), (2, 12, 2)), 1)
29 : ((7, 4, 4), (7, 7, 5))
30 : (((10, 5, 2), (10, 8, 1)), 1)
31 : ((11, 1, 1), (11, 3, 2))
32 : (((0, 2, 2), (10, 2, 2)), 2)
33 : ((12, 0, 2), (12, 2, 2))
34 : ((2, 12, 2), (4, 12, 3))
35 : ((10, 12, 2), (12, 12, 2))
36 : (((4, 0, 2), (6, 0, 2)), 2)
37 : (((3, 1, 3), (5, 1, 4)), 1)
38 : ((9, 7, 5), (9, 9, 7))
39 : (((5, 3, 5), (5, 5, 4)), 1)
40 : (((12, 2, 2), (12, 4, 2)), 2)
41 : ((10, 0, 3), (10, 2, 2))
42 : (((3, 3, 4), (3, 5, 5)), 2)
43 : ((6, 0, 2), (8, 0, 2))
44 : (((10, 2, 2), (10, 5, 2)), 1)
45 : (((2, 0, 2), (2, 10, 1)), 1)
46 : ((0, 5, 2), (3, 5, 5))
47 : ((0, 0, 2), (0, 2, 2))
48 : (((7, 4, 4), (7, 7, 5)), 2)
49 : (((11, 6, 2), (11, 9, 4)), 1)
50 : ((5, 11, 1), (7, 11, 4))
51 : ((4, 4, 1), (4, 9, 2))
52 : ((5, 5, 4), (5, 8, 3))
53 : (((1, 1, 2), (3, 1, 3)), 2)
54 : (((3, 1, 3), (3, 3, 4)), 2)
55 : (((3, 5, 5), (5, 5, 4)), 2)
56 : (((3, 8, 4), (5, 8, 3)), 1)
57 : ((10, 8, 1), (10, 12, 2))
58 : (((10, 8, 1), (10, 12, 2)), 1)
59 : (((5, 8, 3), (10, 8, 1)), 1)
60 : ((11, 3, 2), (11, 6, 2))
61 : ((1, 4, 1), (4, 4, 1))
62 : ((5, 8, 3), (5, 11, 1))
63 : ((9, 1, 2), (11, 1, 1))
64 : (((0, 0, 2), (0, 2, 2)), 1)
65 : (((6, 12, 2), (8, 12, 2)), 2)
66 : (((11, 9, 4), (11, 11, 2)), 1)
67 : (((0, 8, 2), (3, 8, 4)), 2)
68 : (((5, 11, 1), (7, 11, 4)), 1)
69 : (((7, 9, 4), (9, 9, 7)), 2)
70 : ((3, 5, 5), (5, 5, 4))
71 : ((7, 1, 1), (7, 4, 4))
72 : (((0, 12, 1), (2, 12, 2)), 1)
73 : ((1, 4, 1), (1, 11, 1))
74 : (((9, 4, 4), (12, 4, 2)), 2)
75 : (((12, 4, 2), (12, 8, 2)), 2)
76 : (((7, 11, 4), (9, 11, 5)), 1)
77 : ((5, 1, 4), (7, 1, 1))
78 : (((9, 1, 2), (11, 1, 1)), 1)
79 : (((10, 0, 3), (10, 2, 2)), 2)
80 : ((3, 3, 4), (3, 5, 5))
81 : (((9, 9, 7), (11, 9, 4)), 2)
82 : ((9, 4, 4), (12, 4, 2))
83 : ((0, 10, 2), (0, 12, 1))
84 : (((7, 1, 1), (9, 1, 2)), 1)
85 : (((2, 0, 2), (4, 0, 2)), 1)
86 : (((9, 9, 7), (9, 11, 5)), 1)
87 : ((2, 0, 2), (2, 10, 1))
88 : ((7, 11, 4), (9, 11, 5))
89 : ((1, 1, 2), (1, 4, 1))
90 : ((4, 0, 2), (4, 4, 1))
91 : ((5, 8, 3), (10, 8, 1))
92 : (((12, 8, 2), (12, 10, 2)), 1)
93 : ((5, 1, 4), (5, 3, 5))
94 : ((5, 3, 5), (8, 3, 1))
95 : (((1, 4, 1), (1, 11, 1)), 1)
96 : (((7, 4, 4), (9, 4, 4)), 2)
97 : (((9, 7, 5), (9, 9, 7)), 1)
98 : (((9, 11, 5), (11, 11, 2)), 2)
99 : ((1, 11, 1), (3, 11, 2))
100 : (((10, 0, 3), (12, 0, 2)), 1)
101 : ((10, 0, 3), (12, 0, 2))
102 : (((4, 12, 3), (6, 12, 2)), 2)
103 : (((4, 9, 2), (4, 12, 3)), 2)
104 : ((9, 4, 4), (9, 7, 5))
105 : (((3, 11, 2), (5, 11, 1)), 1)
106 : (((6, 0, 2), (8, 0, 2)), 2)
107 : ((4, 0, 2), (6, 0, 2))
108 : (((12, 0, 2), (12, 2, 2)), 2)
109 : (((0, 5, 2), (0, 8, 2)), 2)
110 : (((11, 1, 1), (11, 3, 2)), 1)
111 : (((12, 10, 2), (12, 12, 2)), 2)
112 : ((12, 4, 2), (12, 8, 2))
113 : ((0, 8, 2), (0, 10, 2))
114 : (((4, 9, 2), (7, 9, 4)), 2)
115 : ((3, 8, 4), (3, 11, 2))
116 : ((11, 6, 2), (11, 9, 4))
117 : ((3, 5, 5), (3, 8, 4))
118 : ((9, 11, 5), (11, 11, 2))
119 : (((4, 0, 2), (6, 0, 2)), 1)
120 : (((8, 3, 1), (8, 12, 2)), 1)
121 : (((10, 12, 2), (12, 12, 2)), 2)
122 : ((0, 5, 2), (0, 8, 2))
123 : (((2, 12, 2), (4, 12, 3)), 1)
124 : (((1, 4, 1), (4, 4, 1)), 1)
125 : (((3, 3, 4), (3, 5, 5)), 1)
126 : (((3, 8, 4), (3, 11, 2)), 2)
127 : ((7, 9, 4), (7, 11, 4))
128 : (((7, 4, 4), (7, 7, 5)), 1)
129 : (((9, 4, 4), (9, 7, 5)), 2)
130 : (((7, 7, 5), (7, 9, 4)), 2)
131 : ((4, 4, 1), (7, 4, 4))
132 : ((4, 12, 3), (6, 12, 2))
133 : (((0, 5, 2), (3, 5, 5)), 2)
134 : (((3, 5, 5), (5, 5, 4)), 1)
135 : (((3, 3, 4), (5, 3, 5)), 1)
136 : (((6, 0, 2), (6, 12, 2)), 2)
137 : (((8, 0, 2), (8, 3, 1)), 1)
138 : (((5, 5, 4), (10, 5, 2)), 1)
139 : (((0, 2, 2), (0, 5, 2)), 1)
140 : (((5, 1, 4), (5, 3, 5)), 1)
141 : (((8, 0, 2), (10, 0, 3)), 1)
142 : (((7, 9, 4), (7, 11, 4)), 1)
143 : (((11, 6, 2), (11, 9, 4)), 2)
144 : (((8, 12, 2), (10, 12, 2)), 2)
145 : (((0, 10, 2), (2, 10, 1)), 1)
146 : ((8, 3, 1), (8, 12, 2))
147 : ((2, 10, 1), (2, 12, 2))
148 : (((5, 5, 4), (5, 8, 3)), 1)
149 : ((12, 10, 2), (12, 12, 2))
150 : (((10, 2, 2), (12, 2, 2)), 1)
151 : ((6, 0, 2), (6, 12, 2))
152 : (((1, 11, 1), (3, 11, 2)), 1)
153 : (((5, 3, 5), (8, 3, 1)), 1)
154 : (((9, 9, 7), (11, 9, 4)), 1)
155 : ((3, 1, 3), (3, 3, 4))
156 : ((3, 1, 3), (5, 1, 4))
157 : ((0, 0, 2), (2, 0, 2))
158 : ((0, 12, 1), (2, 12, 2))
159 : (((4, 4, 1), (4, 9, 2)), 1)
160 : (((3, 5, 5), (3, 8, 4)), 2)
161 : (((5, 8, 3), (5, 11, 1)), 1)
162 : ((12, 8, 2), (12, 10, 2))
163 : (((7, 7, 5), (9, 7, 5)), 2)
164 : ((11, 9, 4), (11, 11, 2))
165 : (((0, 8, 2), (0, 10, 2)), 1)
166 : ((2, 0, 2), (4, 0, 2))
167 : ((6, 12, 2), (8, 12, 2))
168 : (((7, 1, 1), (7, 4, 4)), 1)
169 : (((9, 1, 2), (9, 4, 4)), 2)
170 : (((0, 2, 2), (10, 2, 2)), 1)
171 : ((7, 1, 1), (9, 1, 2))
172 : (((0, 0, 2), (2, 0, 2)), 2)
173 : (((4, 0, 2), (4, 4, 1)), 1)
174 : (((7, 11, 4), (9, 11, 5)), 2)
175 : ((4, 9, 2), (7, 9, 4))
176 : (((4, 4, 1), (7, 4, 4)), 1)
177 : ((9, 9, 7), (9, 11, 5))
178 : (((11, 3, 2), (11, 6, 2)), 2)
179 : (((12, 2, 2), (12, 4, 2)), 1)
180 : ((1, 1, 2), (3, 1, 3))
181 : (((9, 9, 7), (9, 11, 5)), 2)
182 : (((2, 10, 1), (12, 10, 2)), 1)
183 : (((0, 5, 2), (0, 8, 2)), 1)
184 : ((8, 3, 1), (11, 3, 2))
185 : ((10, 8, 1), (12, 8, 2))
186 : (((1, 1, 2), (3, 1, 3)), 1)
187 : (((9, 7, 5), (9, 9, 7)), 2)
188 : (((3, 1, 3), (3, 3, 4)), 1)
189 : ((7, 9, 4), (9, 9, 7))
190 : (((8, 3, 1), (11, 3, 2)), 1)
191 : (((3, 1, 3), (5, 1, 4)), 2)
192 : (((5, 3, 5), (5, 5, 4)), 2)
193 : (((6, 12, 2), (8, 12, 2)), 1)
194 : ((4, 9, 2), (4, 12, 3))
195 : ((0, 2, 2), (0, 5, 2))
196 : (((7, 7, 5), (7, 9, 4)), 1)
197 : (((10, 2, 2), (10, 5, 2)), 2)
198 : ((0, 10, 2), (2, 10, 1))
199 : (((0, 8, 2), (3, 8, 4)), 1)
200 : ((5, 3, 5), (5, 5, 4))
201 : (((0, 5, 2), (3, 5, 5)), 1)
202 : (((7, 9, 4), (9, 9, 7)), 1)
203 : (((10, 8, 1), (12, 8, 2)), 1)
204 : (((6, 0, 2), (6, 12, 2)), 1)
205 : (((5, 1, 4), (7, 1, 1)), 1)
206 : (((3, 8, 4), (5, 8, 3)), 2)
207 : (((2, 12, 2), (4, 12, 3)), 2)
208 : (((9, 4, 4), (12, 4, 2)), 1)
209 : (((12, 4, 2), (12, 8, 2)), 1)
210 : ((0, 2, 2), (10, 2, 2))
211 : ((3, 3, 4), (5, 3, 5))
212 : ((10, 5, 2), (10, 8, 1))
213 : ((8, 0, 2), (10, 0, 3))
214 : (((10, 0, 3), (10, 2, 2)), 1)
215 : (((0, 0, 2), (0, 2, 2)), 2)
216 : ((9, 9, 7), (11, 9, 4))
217 : (((11, 9, 4), (11, 11, 2)), 2)
218 : (((8, 12, 2), (10, 12, 2)), 1)
219 : ((7, 7, 5), (7, 9, 4))
220 : (((3, 3, 4), (5, 3, 5)), 2)
221 : ((7, 7, 5), (9, 7, 5))
222 : (((5, 5, 4), (10, 5, 2)), 2)
223 : (((0, 2, 2), (0, 5, 2)), 2)
224 : (((7, 4, 4), (9, 4, 4)), 1)
225 : (((9, 11, 5), (11, 11, 2)), 1)
226 : (((5, 1, 4), (5, 3, 5)), 2)
227 : (((0, 10, 2), (0, 12, 1)), 1)
228 : (((4, 12, 3), (6, 12, 2)), 1)
229 : (((8, 0, 2), (10, 0, 3)), 2)
230 : (((4, 9, 2), (4, 12, 3)), 1)
231 : ((12, 2, 2), (12, 4, 2))
232 : (((3, 5, 5), (3, 8, 4)), 1)
233 : ((2, 10, 1), (12, 10, 2))
234 : (((7, 9, 4), (7, 11, 4)), 2)
235 : (((7, 7, 5), (9, 7, 5)), 1)
