1 : (((8, 0, 3), (8, 4, 3)), 1)
2 : (((0, 2, 3), (0, 5, 4)), 1)
3 : ((12, 6, 1), (12, 10, 2))
4 : (((6, 0, 2), (6, 5, 8)), 2)
5 : (((0, 0, 2), (0, 2, 3)), 2)
6 : ((6, 5, 8), (12, 5, 3))
7 : (((10, 4, 2), (10, 8, 3)), 1)
8 : (((4, 8, 3), (4, 10, 3)), 2)
9 : (((0, 2, 3), (4, 2, 1)), 1)
10 : (((6, 8, 5), (6, 10, 2)), 1)
11 : (((10, 8, 3), (10, 10, 4)), 1)
12 : (((4, 6, 1), (4, 8, 3)), 1)
13 : (((6, 5, 8), (6, 8, 5)), 1)
14 : (((8, 0, 3), (12, 0, 3)), 2)
15 : (((4, 8, 3), (6, 8, 5)), 2)
16 : ((12, 0, 3), (12, 5, 3))
17 : (((6, 0, 2), (8, 0, 3)), 2)
18 : (((8, 4, 3), (10, 4, 2)), 2)
19 : ((6, 10, 2), (8, 10, 1))
20 : (((4, 2, 1), (4, 6, 1)), 1)
21 : (((6, 10, 2), (8, 10, 1)), 1)
22 : (((12, 0, 3), (12, 5, 3)), 2)
23 : ((12, 5, 3), (12, 6, 1))
24 : (((12, 5, 3), (12, 6, 1)), 1)
25 : ((0, 5, 4), (0, 8, 2))
26 : ((6, 0, 2), (6, 5, 8))
27 : ((6, 5, 8), (6, 8, 5))
28 : ((8, 0, 3), (8, 4, 3))
29 : ((4, 0, 1), (6, 0, 2))
30 : (((4, 10, 3), (6, 10, 2)), 1)
31 : ((8, 4, 3), (8, 10, 1))
32 : ((0, 2, 3), (4, 2, 1))
33 : (((6, 5, 8), (12, 5, 3)), 2)
34 : ((4, 2, 1), (4, 6, 1))
35 : ((4, 0, 1), (4, 2, 1))
36 : (((0, 8, 2), (4, 8, 3)), 2)
37 : (((0, 5, 4), (6, 5, 8)), 2)
38 : ((0, 0, 2), (4, 0, 1))
39 : ((8, 10, 1), (10, 10, 4))
40 : ((10, 10, 4), (12, 10, 2))
41 : (((0, 0, 2), (0, 2, 3)), 1)
42 : (((4, 8, 3), (4, 10, 3)), 1)
43 : (((4, 6, 1), (12, 6, 1)), 1)
44 : ((6, 0, 2), (8, 0, 3))
45 : ((0, 0, 2), (0, 2, 3))
46 : (((0, 2, 3), (0, 5, 4)), 2)
47 : (((2, 10, 2), (4, 10, 3)), 2)
48 : (((10, 10, 4), (12, 10, 2)), 2)
49 : (((12, 6, 1), (12, 10, 2)), 1)
50 : (((8, 0, 3), (12, 0, 3)), 1)
51 : (((4, 8, 3), (6, 8, 5)), 1)
52 : (((10, 8, 3), (10, 10, 4)), 2)
53 : (((6, 0, 2), (8, 0, 3)), 1)
54 : (((8, 4, 3), (10, 4, 2)), 1)
55 : ((0, 8, 2), (4, 8, 3))
56 : ((4, 10, 3), (6, 10, 2))
57 : (((0, 5, 4), (0, 8, 2)), 1)
58 : ((4, 6, 1), (4, 8, 3))
59 : ((2, 10, 2), (4, 10, 3))
60 : (((12, 0, 3), (12, 5, 3)), 1)
61 : ((4, 6, 1), (12, 6, 1))
62 : (((6, 8, 5), (10, 8, 3)), 1)
63 : ((10, 4, 2), (10, 8, 3))
64 : ((10, 8, 3), (10, 10, 4))
65 : ((4, 8, 3), (4, 10, 3))
66 : ((0, 2, 3), (0, 5, 4))
67 : (((6, 0, 2), (6, 5, 8)), 1)
68 : (((0, 5, 4), (6, 5, 8)), 1)
69 : (((8, 0, 3), (8, 4, 3)), 2)
70 : (((4, 10, 3), (6, 10, 2)), 2)
71 : ((6, 8, 5), (6, 10, 2))
72 : ((8, 4, 3), (10, 4, 2))
73 : (((4, 0, 1), (6, 0, 2)), 1)
74 : ((0, 5, 4), (6, 5, 8))
75 : (((10, 4, 2), (10, 8, 3)), 2)
76 : ((8, 0, 3), (12, 0, 3))
77 : (((2, 10, 2), (4, 10, 3)), 1)
78 : (((10, 10, 4), (12, 10, 2)), 1)
79 : (((6, 8, 5), (6, 10, 2)), 2)
80 : (((6, 5, 8), (6, 8, 5)), 2)
81 : ((6, 8, 5), (10, 8, 3))
82 : (((0, 0, 2), (4, 0, 1)), 1)
83 : (((4, 0, 1), (4, 2, 1)), 1)
84 : ((4, 8, 3), (6, 8, 5))
85 : (((8, 4, 3), (8, 10, 1)), 1)
86 : (((8, 10, 1), (10, 10, 4)), 1)
87 : (((6, 5, 8), (12, 5, 3)), 1)
88 : (((0, 8, 2), (4, 8, 3)), 1)
89 : (((0, 5, 4), (0, 8, 2)), 2)
90 : (((6, 8, 5), (10, 8, 3)), 2)
