23
2 35
35 12
18 11
8 18 11
35 18 11
35 11
8 35 11
35 11
11 31
8 11 31
35 11 31
18 11 12
8 18 12
18 35 12
11 35 12
8 35 12
35 12
11 12 31
8 12 31
35 12 31
18 11 31
8 18 31
18 35 31
11 35 31
8 35 31
35 31
11 31
8 31
35 31
18 11 14
11 14 23
13
34
21 20 13
21 5 13
26 3 21
26 5 21
26 3 29
26 3 29 14
26 3 29 7
3 7 26 29
3 7 26 29 14
3 7 26 29
3 23 26 29
3 23 26 29 14
3 7 23 26 29
26 3 29
26 29 14
26 29 7
26 3 29 7
26 29 14 7
26 29 7
26 3 29 23
26 29 14 23
26 7 29 23
26 3 29 23
26 29 14 23
26 7 29 23
3 23 7 26 29
23 7 26 29 14
23 7 26 29
26 3 29 23
26 29 14 23
26 7 29 23
26 3 29
26 3 29 14
26 3 29 7
3 7 26 29
3 7 26 29 14
3 7 26 29
3 23 26 29
3 23 26 29 14
3 7 23 26 29
26 3 29
26 29 14
26 29 7
26 3 29 7
26 29 14 7
26 29 7
26 3 29 23
26 29 14 23
26 7 29 23
26 3 29 23
26 29 14 23
26 7 29 23
3 23 7 26 29
23 7 26 29 14
23 7 26 29
26 3 29 23
26 29 14 23
26 7 29 23
26 3 14
26 3 14
26 3 14 7
3 7 26 14
3 7 26 14
3 7 26 14
3 23 26 14
3 23 26 14
3 7 23 26 14
26 3 29 14
26 29 14
26 29 14 7
3 7 26 29 14
7 26 29 14
7 26 29 14
3 23 26 29 14
23 26 29 14
7 23 26 29 14
26 3 14 23
26 14 23
26 7 14 23
3 23 7 26 14
23 7 26 14
23 7 26 14
26 3 14 23
26 14 23
26 7 14 23
3 26 29 14
3 26 29 14
3 7 26 29 14
3 7 26 29 14
3 7 26 29 14
3 7 26 29 14
3 23 26 29 14
3 23 26 29 14
3 7 23 26 29 14
26 3 29 14
26 29 14
26 29 14 7
3 7 26 29 14
7 26 29 14
7 26 29 14
3 23 26 29 14
23 26 29 14
7 23 26 29 14
3 23 26 29 14
23 26 29 14
7 23 26 29 14
3 7 23 26 29 14
7 23 26 29 14
7 23 26 29 14
3 23 26 29 14
23 26 29 14
7 23 26 29 14
3 26 29 14
3 26 29 14
3 7 26 29 14
3 7 26 29 14
3 7 26 29 14
3 7 26 29 14
3 23 26 29 14
3 23 26 29 14
3 7 23 26 29 14
26 3 29 14
26 29 14
26 29 14 7
3 7 26 29 14
7 26 29 14
7 26 29 14
3 23 26 29 14
23 26 29 14
7 23 26 29 14
3 23 26 29 14
23 26 29 14
7 23 26 29 14
3 7 23 26 29 14
7 23 26 29 14
7 23 26 29 14
3 23 26 29 14
23 26 29 14
7 23 26 29 14
3 26 29 14
3 26 29 14
3 7 26 29 14
3 7 29 14
3 7 29 14
3 7 29 14
3 23 29 14
3 23 29 14
3 7 23 29 14
26 3 29 14
26 29 14
26 29 14 7
3 29 14 7
29 14 7
29 14 7
3 29 14 23
29 14 23
7 29 14 23
3 23 26 29 14
23 26 29 14
7 23 26 29 14
3 23 7 29 14
23 7 29 14
23 7 29 14
3 29 14 23
29 14 23
7 29 14 23
26 3 14
26 3 14
26 3 14 7
3 7 26 14
3 7 26 14
3 7 26 14
3 23 26 14
3 23 26 14
3 7 23 26 14
26 3 29 14
26 29 14
26 29 14 7
3 7 26 29 14
7 26 29 14
7 26 29 14
3 23 26 29 14
23 26 29 14
7 23 26 29 14
26 3 14 23
26 14 23
26 7 14 23
3 23 7 26 14
23 7 26 14
23 7 26 14
26 3 14 23
26 14 23
26 7 14 23
3 26 29 14
3 26 29 14
3 7 26 29 14
3 7 29 14
3 7 29 14
3 7 29 14
3 23 29 14
3 23 29 14
3 7 23 29 14
26 3 29 14
26 29 14
26 29 14 7
3 29 14 7
29 14 7
29 14 7
3 29 14 23
29 14 23
7 29 14 23
3 23 26 29 14
23 26 29 14
7 23 26 29 14
3 23 7 29 14
23 7 29 14
23 7 29 14
3 29 14 23
29 14 23
7 29 14 23
2 37
31
37
28
28
34
15
25 15
29 15
25 7
29 7
-35 -12 -2
-12 -11 -31 -35 -18 -31
-12 -11 -31 -35 -11 -8
-35 -18 -31 -35 -11 -8
-11 -14
-11 -18 -23
-14 -18 -23
-13 -21
-13 -20 -5
-21 -20 -5
-21 -26
-21 -5 -3
-26 -5 -3
-14 -26 -14 -29
-14 -26 -26 -29
-14 -26 -23 -3 -29
-14 -26 -23 -26 -7
-14 -26 -14 -3 -7
-14 -29 -26 -29
-14 -29 -23 -3 -29
-14 -29 -23 -26 -7
-14 -29 -14 -3 -7
-26 -29 -23 -3 -29
-26 -29 -23 -26 -7
-26 -29 -14 -3 -7
-23 -3 -29 -23 -26 -7
-23 -3 -29 -14 -3 -7
-23 -26 -7 -14 -3 -7
-2 -37
-7 -15 -29 -25
-12 -35
-18 -11
-8 -31
-23 -14
-20 -13
-10 -34
-5 -21
-3 -26
-7 -29
-4 -28
-25 -15
-9 -19
-1 -17
-24 12 35
24 -12
24 -35
-9 2
9 -2
-30 18 11
30 -18
30 -11
-1 8 31
1 -8
1 -31
-33 23 14
33 -23
33 -14
-19 20 13
19 -20
19 -13
-27 10 34
27 -10
27 -34
-17 5 21
17 -5
17 -21
-22 3 26
22 -3
22 -26
-6 7 29
6 -7
6 -29
-16 37
16 -37
-36 4 28
36 -4
36 -28
-32 25 15
32 -25
32 -15
32
32 1
32 33
32 36
32 6
32 16
32 19
32 22
32 24
32 27
32 30
32 33
33 1
33
33 36
33 6
16 33
33 19
33 22
24 33
33 27
33 30
32 36
1 36
33 36
36
36 6
16 36
19 36
36 22
24 36
27 36
36 30
32 6
1 6
33 6
36 6
6
16 6
19 6
6 22
24 6
27 6
6 30
32 9
9 1
9 33
9 36
9 6
16 9
9 19
9 22
24 9
9 27
9 30
16 32
16 1
16 33
16 36
16 6
16
16 19
16 22
16 24
16 27
16 30
32 17
17 1
17 33
17 36
17 6
16 17
17 19
17 22
24 17
17 27
17 30
32 22
1 22
33 22
36 22
22 6
16 22
19 22
22
24 22
27 22
22 30
24 32
24 1
24 33
24 36
24 6
24 16
24 19
24 22
24
24 27
24 30
32 27
1 27
33 27
27 36
27 6
16 27
19 27
27 22
24 27
27
27 30
32 30
1 30
33 30
36 30
30 6
16 30
19 30
30 22
24 30
27 30
30
