(35)| (12&2)
(12&11&31)| (35&18&31)| (35&11&8)
(11)| (14)| (18&23)
(13&34)
(13)| (21)| (20&5)
(21)| (26)| (5&3)
(14&26)| (14&29)| (26&29)| (23&3&29)| (23&26&7)| (14&3&7)
(2)| (37)
(31&37&28)
(28)
(34&15)
(7&15)| (29&25)
-35| -12| -2
-12| -11| -31| -35| -18| -31
-12| -11| -31| -35| -11| -8
-35| -18| -31| -35| -11| -8
-11| -14
-11| -18| -23
-14| -18| -23
-13| -21
-13| -20| -5
-21| -20| -5
-21| -26
-21| -5| -3
-26| -5| -3
-14| -26| -14| -29
-14| -26| -26| -29
-14| -26| -23| -3| -29
-14| -26| -23| -26| -7
-14| -26| -14| -3| -7
-14| -29| -26| -29
-14| -29| -23| -3| -29
-14| -29| -23| -26| -7
-14| -29| -14| -3| -7
-26| -29| -23| -3| -29
-26| -29| -23| -26| -7
-26| -29| -14| -3| -7
-23| -3| -29| -23| -26| -7
-23| -3| -29| -14| -3| -7
-23| -26| -7| -14| -3| -7
-2| -37
-7| -15| -29| -25
-12| -35
-18| -11
-8| -31
-23| -14
-20| -13
-10| -34
-5| -21
-3| -26
-7| -29
-4| -28
-25| -15
-9| -19
-1| -17
-24| 12| 35
24| -12
24| -35
-9| 2
9| -2
-30| 18| 11
30| -18
30| -11
-1| 8| 31
1| -8
1| -31
-33| 23| 14
33| -23
33| -14
-19| 20| 13
19| -20
19| -13
-27| 10| 34
27| -10
27| -34
-17| 5| 21
17| -5
17| -21
-22| 3| 26
22| -3
22| -26
-6| 7| 29
6| -7
6| -29
-16| 37
16| -37
-36| 4| 28
36| -4
36| -28
-32| 25| 15
32| -25
32| -15
(24&9&30&33&27&17&22&6&16&36&32)| (24&30&1&33&19&27&22&6&16&36&32)
