308 -119
-385 -167 -243
305 389 377 59 143
-46 -14
337 377 389 305
-317 -289
-47 -165
188 326 359
86 326 246 223
-133 147 109
386 275 306 237 30 63
123 -406
307 151 392 266 332
26 380
-332 -215
-25 -164 -346
57 26 84 47
302 139 78
305 291 35 345 315
-352 -253 -385
40 -163
307 392 218 266 332
-320 -16
222 206 213 326
16 243 390 167 282
-8 -381 -5 -73
24 267 221 327
-387 -215 -134
50 86 87 326 223
276 341 232 315 184
344 246 280 379 302
147 292 404 279 253 109
-320 -292
33 243 356 196 378 285
353 403 276 229 232
89 126 305
-334 -106
291 35 89 315 126
-109 -366 -29
210 107 381 142
392 218 332 151
302 73 139 78
-317 -261
-344 -380 -342 -376
-82 -330 -116
280 246 344 139 302 239
96 404 207
403 227 199 333 318
33 196 356 285
371 227 229 199 333
-205 -293
89 321 353
-20 -261
68 206
33 196 356 340 282 285 378
94 -27
280 86 344 379 139
72 187
112 337 65 100 280 153 239
-96 -338
-320 -45 -385
127 29 390 367
-282 -285 -196 -340
344 185 10 380
337 373 389
-181 -393
403 371 74 333 318
210 107 188 213
-12 -156
-45 -253
73 236 222 36
33 356 282 285 378
188 68
337 305 373 389 6 377
-275 -205 -285 -293
-311 -160
339 342 376 185 10 380
-179 -9
245 188 213 326
268 -106
50 326 198 246 87 359
258 103 296 43
-37 -218
-21 -393
245 213 206 359
403 227 229 371 199 318
-11 -330 -295
305 315 291 345 59 126
173 -258
-323 -169
271 -8
89 65 100 293
-330 -295
8 372 334
178 283 92 143
-323 -360
-109 -404 -279
398 343
90 -196
371 229 74 333
200 26 37
33 243 196 378 282 285
326 68 245 206
371 229 199 318
371 199 74 333 318
178 389 150 58 92 143
382 -318
321 353 403 229 232 378
57 50 26 87
-395 -329
287 -230
57 10 380
368 2 341 232 184
245 188 213 359
-106 -55
107 142 83 238
368 2 341 232 315
-339 -331 -195 -131
302 73 36 78
337 305 373 6
280 86 344 139 302 239
403 229 74 318
337 305 6 59 143
-291 -219 -137 -181
50 86 246 223
-254 -225 -46
8 204 334
33 340 378 285
321 353 276 232 378
337 305 373 6 389 59 143
321 322 293 89
256 178 307 150 215
321 100 293 89 126
-78 -205 -153
-189 -167
373 389 6 377 59 143
65 322 353 293 89 126
73 36 236 78
-349 -237 -306
50 86 198 326 359
68 213 206
198 87 326 246 359
402 242 354 163 391 30 63
342 344 185 379 380
-120 -45
-232 -345 -2 -184
318
33 243 196 340 285
-340 -353 -229 -232
198 86 326 359 223
-37 -331 -218
-16 -385
16 385 243 148 390 167 282
353 322 65 100 293 89 126
86 246 344 139 302
371 227 229 199 318
337 389 377 143
57 274 26
280 344 139 239
-378 -340
-45 -253 -385
89 65 293
336 82 116 91 237
-39 -208 -171
339 344 376 10 380
93 -91
188 213 206 359
-339 -369 -195 -172
-387 -134
-31 -248
73 139 222 78
-150 -332
82 275 306 237 30 63
400 -244
403 333 229
289 164 261 20 121 317
321 322 65 100 89 126
-105 190
89 291 35 345
386 306 275 237 63
86 50 198 87
337 305 373 6 59 143
-308 -263
401 79 327
160 401 199 24 311
202 42 109
-354 -236 -205
72 367 390 279
383 387
329 -312
98 163 20 261 402 406
200 50 87
353 321 276 229 232 378
50 246 198 87
379 86 246 139 239
245 188 213 68
226 148 390 279
263 -22
72 148 390 367
16 385 243 390 282
-112 -65 -373
-286 -300
-78 -205 -112
337 65 100 373 280 239
102 -103
127 29 279
50 86 87 246 326 223
24 401 327
-153 -239 -65 -373
65 100 293
-352 -45 -292 -16
-46 -195 -14
65 322 89 126
-335 -393 -358
305 389 143
395 -213
198 86 359 223
280 344 379 239
403 199 74 318
139 36 302
-150 -332 -215
402 163 20 406 231
377 389 6 305
258 103 296 43 95
-391 -78 -112
33 243 340 356 285
16 385 148 282 189
160 225 39 311 399
57 26 10 50
321 353 340 229
-275 -33 -293
-393 -358
-49 -331 -266
72 148 127 367
-401 -160
-109 -292 -366 -279
-264 223 198
242 402 163 5 391 30 63
227 199 74 333 318
401 327 24 221 79
72 148 367
-295 -170 -193
270 -193
292 404 253 109 366
305 291 315 126
305 315 59
166 -218
98 402 20 261 231
291 89 315 126
-164 -261
50 198 86 87 326 359
178 389 150 58 143
342 344 185 379
74 229 318
107 188 213
353 322 293 89
402 163 354 242 30
339 376 342 344 185 10 380
-349 -82
31 -116
289 214 317 255
139 68 302
-121 -289 -261
342 344 185 10 380
-70 -198
49 369 37 22 266 218 331
-8 -210 -242
242 163 354 402 391 63
305 337 389 377 143
368 232 184 345 315
49 369 200 218 266
73 236 222 68
-391 -78 -244 -112
274 198 70 104 223
305 291 35 345 89 59 126
245 68 213 326
114 21 358 393
-159 -95 -254
-291 -137 -335
280 379 344 139 302 239
-40 163 402
41 -336
-378 -321 -403 -232
-112 -280 -100 -337
210 242 5 8 73 381
29 147 292 279 253 109
86 246 139 302 239
402 354 163 5 391 30 63
226 148 29 279
-343 -54 -388
50 223 246 326 87 198 359
386 306 275 237 349 63
-309 -82 -330
161 -262
50 198 86 87 246 359
16 243 148 390 167 282 189
-147 -253 -279
145 258 167 108 189 375
-376 -369 -131
188 68 213 326
243 196 340 285
337 373 389 6 59
-147 -253 -366
278 -267
371 403 199 333
86 198 326 223
-346 -98
8 32 183
302 139 68 78
-5 -242
281 -130
315 305 89 59
305 315 59 35
-100 -65
-61 35 291
368 341 232 345 315 184
258 375 296 167
337 377 389
72 226 148 367
262 184 298 190
-402 -5 -30 -391
211 -79
224 83 398 238
50 326 86 246 223
344 379 139 302
321 322 100 293 126
35 291 181 219 335
279 127 367
148 127 390 367
208 217 249 265
224 83 234 238
-121 -346
-373 -337
258 43 348 103
338 187 207
112 354 244 391 153 205 78
208 75 171 39
-37 -49 -369 -266
-152 2 368
-47 -49
-37 -331 -266
41 -309
-121 -289
16 148 282 189
-89 -305 -315 -291
321 322 65 100 89
258 43 348 95
337 377 6
144 245 70 104 206
321 403 276 229 232
10 26 37 87
-321 -229 -232
-339 -331 -131
403 371 199 74 318
313 -89
50 326 246 87
-317 -214 -120
232 321 340 229
-381 -242 -36
-320 -292 -385
337 305 373 6 377 59 143
-343 -25 -140
188 245 206 359
-78 -244 -112
273 -46
321 340 276 232
390 367
23 -306
258 375 296 108
354 244 391 153 236
147 292 404 279 253 29 366
145 258 167 296 108 189
390 279
321 322 293 353
-232 -315 -368 -341
145 134 262 298 108
89 321 100 126
371 229 199 74 333
68 222 326
-31 -169
379 86 344 139 302
-58 -192
192 97
401 327 24 267 221 79
73 36
3 42 27 109
-274 -26 -47
178 389 150 58 283 92
210 107 188 381 142
337 305 373 389 59 143
344 379 86 239
35 291 181 137 335
-236 -205 -112
3 42 147 202
32 210 242 36 8 381
227 229 199
148 390 279
98 20 406 231
377 389 305
112 337 65 280 153 239
-339 -195 -172
258 43 348
-32 -8
146 -236
399 75 311
305 389 6 59
337 305 373 389 6
-352 -253
389 6 377 143
269 -349
403 340 229 232
98 163 261 231
188 245 326 68
257 129 295 170 28
376 344 185 10 380
-334 -106 -159
-210 -242 -36
-369 -131
258 375 167 189
353 321 403 340 229 232 378
321 65 100 293 89
403 340 229 276 378
225 311 75 399
-336 -237 -91 -116
291 35 137 394 219
-384 304 274
258 348 95
246 198 326 87 86 223
26 50 37 87
50 86 359 326 223
-153 -112
-153 -280 -65
321 403 340 276 229 232 378
112 244 391 153 236 205
267 221 327
53 -160
385 390 167 189
54 343 186 140
50 86 87 223
114 181 358 21 335
370 -153
-302 -246 -239 -344
-313 -363
305 35 89 315
-389 -150
-327 -267 -401
-38 165 122
89 291 35 345 315 126
50 326 198 87 359
2 232 345 315 184
-200 -22 -331 -266
386 82 306 275 237 63
337 305 389 373 377 59 143
188 222 326
-139 -86 -239
-48 11
155 -150
290 -21
242 354 402 391 30
50 86 198 223
-106 -55 -43
375 296 167 108 189
305 291 35 345 59
-160 -399 -75
-292 -253
72 148 390 279
114 21 358 181 393
-234 -312
-309 -91 -116
78 68 236 222
56 -138
-71 189 167
403 371 199 74 333
339 342 344 185 379
2 276 341 232 345 315
-214 -138 -352
42 147 109
-214 -120
-108 -262
210 36 5 8 73 381
68 78
33 306 322 244
379 280 139 302 239
-374 322 293
-354 -244 -153
206 245 326
339 344 376 185 379 380
98 163 20 402 406
392 218 151
-354 -78 -244
337 305 373 389 6 377 143
-177 346
52 -68
-216 87 50
213 107 188 381
-106 -43
296 258 348 95
188 68 222 359
198 359 86 246 326
341 184 298 190
-218 -392 -332
-188 -206 -68 -326
-283 -58 -389 -150
26 50 380 37
210 107 213 142
-339 -369 -195 -131
-403 -229
337 373 6 389 377 59 143
-25 -121
68 326 359
125 -340
305 291 35 345 59 315
10 50 37
-146 236 78
-331 -195 -131
-127 -367
200 10 37 87
280 344 139 302 239
321 322 100 293 89
345 89 291 305
2 341 232 315 184
385 243 148 390 167
229 333 199
178 389 58 283 92 143
-63 -237 -275
321 353 403 229 232
-376 -369 -172
-310 -319
-243 -285 -196 -378
-275 -244 -33 -293
-322 -293
242 354 402 5 163 30
389 150 58 283 143
26 380 50 87
16 385 148 167 189
57 50 37 87
134 262 298 299 108
-346 -362 -98 -283
16 385 243 148 390
198 326 223
29 147 404 279 109 366
10 26 37
401 267 221
388 54 343 140
403 229 199 74 333 318
163 20 261 406 231
225 342 185 46 399
305 389 373 377 143
305 389 373 6 377 143
65 321 126 89
-291 -219 -137 -335
133 -109
401 221 327
114 181 358 21 393 335
65 353 293 89 126
280 379 344 139 302
-168 43
305 315 291 59
372 32 204
65 322 353 293 126
-287 -128
-318 -229 -199 -333
65 321 89 353
-180 265 217
89 59 35 305
403 227 229 199 74 333 318
194 355 21 393
-43 -95 -258 -103
258 348 103
-401 -227 -311
277 -100
76 -317
86 198 326
-200 -22 -218
-217 -364
292 404 279 253 366
16 385 243 167 282 189
50 86 87 359
368 2 341 184
-109 -366 -279
-402 -242 -30 -391
-145 -299 -298
245 206 213 222
57 26
385 148 390 167
367
403 227 371 74 333 318
-32 -381 -5 -36
178 389 283 92 143
-50 -26 -380 -37
302 68 36
227 229 74 333 318
32 210 242 36 5 73 381
353 403 276 378
321 403 340 276 232
89 291 305
356 196 340 285
320 385 16 292 253 45
-320 -45 -292 -385
-386 -82 -275
3 147 109
292 109 279 253 366
33 243 196 340 356 282
86 359 198 87 326 223
50 198 359 86 326 223
194 131 149 172
-301 -325
82 386 349 237 30 63
274 84 47
341 184 345 315
1 -377
403 371 229 333 318
243 196 356 340
-343 -25 -388
403 229 74 333 318
291 35 89 126 315 59
112 354 391 153 205 78
127 29 367
339 342 344 185 379 380
-348 -383
16 385 243 282 189
-37 -22 -218
-131 -149 -355
321 322 293 89 126
339 376 185 10 380
89 65 100
-336 -309
264 -198
112 354 244 236 205 78
321 322 65 100 293
403 229 318
226 279 367
403 340 229 276 232 378
339 376 344 185 10 379
-171 -130
226 29 390 279
206 68 213 326
16 385 243 167
-336 -82 -330
227 371 199 74 318
-327 -221 -401
86 198 246 87 326
217 333
245 206 213 326
208 75 39
-166 266 218
-32 -210 -242 -73
50 86 198 87 326
16 243 167 282 189
321 293 353
-385 -189 -390 -243
-336 -330 -116
209 -392
250 -358
77 -187
258 296 43 95
-200 -22 -369 -218
160 227 311 24
89 315 126 305
86 359 198 87 246 326 223
-35 -219 -137
-309 -82 -116
-70 -198 -304
402 354 5 391 30 63
65 322 100 293 89 126
64 -229
82 116 309 330 237
373 389 6 377 59
50 246 86 87 359
321 322 353 100 89 126
-83 -362
-109 -253 -404
-17 -363
243 356 196 282 378
65 322 293 353
-37 -22
368 2 276 341 232 315 184
136 -144
-344 -185 -339
86 246 280 139 302
392 307 332 151
-131 -355
305 291 59 315 126
-402 -242 -63 -391
-267 -221
-112 -100 -373
-236 -244 -112
200 26 380
72 29 390 127
198 86 246 359 223
246 280 379 302 239
2 276 341 345
50 198 86 87 246 359 223
-369 -195 -172
97 394 219
403 227 229 333 318
197 -170
-217 -364 -249
208 249 130 75
-37 -49 -218
321 65 353 100 89 126
-99 -329
233 -86
222 326 359
-293 -100 -321 -89
305 337 6 377 59 143
-104 -198 -304
321 353 100 293 126
-24 -199 -311
304 26 84 47
196 340 282 285 378
-111 387
-331 -218
353 321 403 276 229 378
305 89 59 126
-214 -138 -320
147 404 292 279 109 366
258 167 296 108 189
208 217 364 265
42 3 109
-153 -239 -373
110 -95
291 35 345 315 126
-320 -253 -385
-243 -33 -356 -340
145 258 167 108
337 305 373 6 377 143
210 242 36 5 8 73
-346 -283
-163 -242 -354
321 353 403 340 276 232
192 388 58 92
280 379 86 344 139 239
-337 -389 -59 -377
-83 -362 -142
74 333 318 199
371 227 318 199
112 354 391 236 205 78
33 356 196 340 285
227 403 229 199
32 242 36 8 73
-326 -198 -86 -87
50 86 87 246 326
227 229 199 74 318
148 390 167 189
305 35 291 59 315 126
-354 -78 -205 -112
388 54 25 186 140
65 353 100 293 126
89 305 291 345 59
-185 -225 -46
32 210 242 8 381
403 340 229 232 378
353 322 65 100 293 89
339 185 10 380
-42 -309
148 29 390 279
72 226 148 279
208 130 39 75 171
-398 -224
360 -137
339 376 342 344 10 379 380
-160 -39
305 389 6 59 143
-312 -95
82 116 330 91 237
86 246 139 239
-202 -309
50 198 86 246
210 188 381
2 341 184 345 315
-352 -45 -385
53 -311
208 130 171
-336 -82 -330 -116
86 246 344 379 139 302 239
402 163 20 261 231
10 380
-8 -210 -73
-181 -21 -358
57 26 47
339 344 342 376 10 380
339 344 185 10 379
-35 -394 -137 -335
327 24 267 221 79
188 245 326 359
50 198 87 223
-375 -258 -108
-147 -253 -404 -279
3 42 147 202 27 109
-37 -49 -369 -218
-276 -232
-49 -369 -218
368 2 276 232 184
227 371 229 199 74 333 318
160 401 227 199 311
-153 -239 -65 -337
210 242 36 5 73
89 305 345 315 59
353 403 276 340 232 378
368 2 276 341 345 315
353 321 403 276 229 340 232 378
200 37
68 222
368 341 184 315
291 181 394 219 335
217 2 333
-238 -362 -107
-401 -199 -160
323 -108
65 321 353 100 293 89
117 -337
392 307 151
-306 -244 -285
305 291 59
-205 -285 -293
326 359
-383 -387
89 321 293
380 26 10 50
363 -399
72 187 79
-75 -208 -130
243 340 282 378
-150 -215
-219 -137 -335
-233 246 86
-130 -193
208 130 39 249
-150 -307
302 73 236 222
-168 -67
35 291 89 59 126
208 249 171 39
-153 -280 -100 -373
44 -24
-91 -257
227 229 199 74 333 318
403 371 199 74 333 318
403 199 74 333 318
188 68 245
203 -214
-30 -82 -306
33 356 340 282 378
89 35 126 305
-388 -92 -192
-153 -239 -100 -373
-124 -69
-309 -82
-280 -65 -373
385 243 390 167 282
-35 -394 -137 -181
385 243 148 390 189
129 114 358 294 170
227 318 199
96 338 207
321 353 100 293 89
305 337 6 377 59
-157 -259
200 57 26 37
65 322 353 293 89
369 331 49 37 200 218 266
-184 -262 -190
49 165 22 122 47
-186 -224
337 6 377 59
-401 -227 -160
243 340 282 285 378
16 243 148 390 282
321 65 293 89
-257 -170
-147 -292 -404 -279
368 2 341 232 345 315 184
-24 -401
73 36 236 68
-49 -22
228 -70
184 298 341 262
321 65 322 353 126
289 164 261 20 121
280 246 344 379 302 239
-205 -285
403 371 229 74 318
-5 -30 -354
65 321 322 353 100 293
379 344 139 302 239
353 321 403 276 378
-92 -389 -150
403 227 229 74 333 318
-336 -82 -91 -116
305 337 389 6 377 59 143
305 291 35 126
337 305 373 389 377 59
148 29 279
379 86 344 139 239
71 -167
337 305 389 373 6 377 59
305 6 377 59 143
135 -75
29 147 292 404 279 109 366
-391 -236 -244 -112
-47 -22 -165
73 139 236 68
139 36 236 78
188 206 326 359
-145 -134 -298
-117 -363
344 339 376 185 379
3 42 202 27
145 134 262 299 108
74 318 199
326 198 86 359
-291 -394 -181
344 342 376 185 10 379 380
33 306 275 322 293 285
86 344 379 139 302 239
305 389 373 6 59 143
-280 -100 -337
339 342 185 380
-153 -239 -337
57 10 380 87
-349 -237 -275
-288 16 385
16 385 243 148 282
198 326 87 223
3 147 42 27 109
210 242 36 5 73 381
112 354 153 236 205 78
-362 -283
291 345 89 315 126
57 26 50
33 196 356 282 285
-42 -27 -109
396 -367
-155 178 150
321 65 322 353 100 89
86 246 344 379 302
337 389 6 377 143
81 -294
33 243 340 356 282 285 378
339 376 185 379 380
89 291 345 59 126
160 225 39 75 311 399
50 223 246 86 359
65 321 100 293
65 322 353 100 89
279 29 367
33 243 356 196 282
112 337 100 373 280 153
89 291 35 305
29 147 292 279 109 366
138 230
86 246 326 87 223
-43 -95 -296 -348
368 2 276 232
-112 -239 -100 -373
321 353 293 89 126
78 139 222
-108 -299
-194 -393
245 326 359
291 181 137 394 219
402 354 391 30 63
243 196 282 285
321 403 229 232 378
50 326 198 246 223
388 343 186 140
-45 -375
-295 -257
337 305 59 143
130 39 249 75
325 -237
60 -134
65 322 353 321 293 89
72 127 279
344 86 280 379 239
242 354 402 5 30
178 150 58 283 92
217 371 265
-306 -285 -322
50 26 87
-306 -244 -285 -322
-67 63 30
-186 -25 -388
196
-126 -305 -315 -291
152 -368
339 376 344 379 380
-87 -50
98 163 20 261 231
50 198 359 223
-256 -134
89 291 315
286 -376
-227 -199
-278 267 221
-254 -225
-114 -358
284 -59
65 321 353 100 126
321 322 353 100 293 65 89 126
321 65 322 100
371 229 199 333 318
388 54 343 186 140
386 82 306 237 63
403 371 229 227 199 74 333
-63 -82 -306
-213 -188
338 366 207
112 354 244 391 236 205 78
305 389 373 59 143
394 219
280 344 379 302 239
21 181 393 335
-153 -239 -100 -337
368 341 184 345 315
-298 -262
-387 -256 -134
32 210 242 36 5 381
72 226 79
339 344 376 10 379 380
72 226 29 390
280 86 246 344 302 239
32 210 242 36 5 8
35 291 181 137 394 219
93 -330
89 321 100 65
291 181 137 394 219 335
50 86 326 246 198 359 223
-376 -331 -172
403 229 199 318
-376 -369 -195
321 322 353 100 293 89 126
-354 -78 -112
291 345 315 59
2 276 341 232 315 184
-310 -146
376 342 344 185 379 380
-306 -33 -293
-307 -215
353 403 276 229 232 378
16 385 148 390 167 282 189
78 68 236 36
-83 -234
-337 -143 -305 -377
73 36 236 302
226 279 390 367
246 198 326 87 223
326 359 198 87 86 246
16 385 243 148 390 189
344 10 339 342 376 185 379 380
-283 -92 -389
-254 -399 -46
38 -165
242 354 402 5 163 391 63
302 139 68 222
-346 -98 -283
243 148 390 167 189
-24 -199 -160
82 275 386 237 349 30 63
353 321 340 229 232
-257 -129 -193
339 376 342 344 185 10
276 232 345 315 184
403 340 229 378
368 2 276 232 315
-360 137
82 309 330 91 237
339 344 185 10 380
252 -354
119 149
-34 -7
265 2 371
16 385 243 390
326 359 86 246
-164 -317 -261
336 116 309 330 91
321 353 340 229 378
337 373 389 6 59 143
-272 332 307
371 227 229 199
321 353 276 229 232
57 26 380 37
65 322 293
65 322 100 89 126
261 406 231
402 406 261 98
336 82 116 309 330 237
-302 -86 -239 -379
-331 -195 -172
50 326 87
147 292 404 279 253 109 366
74 227 333 318
368 217 371
86 246 326 87 359 223
-375 -258 -167
-37 -49 -369
302 68 222 78
194 355 21 393 14
-8 -381 -5 -36
-109 -253 -29
-159 -95
-398 -83
361 -257
-2 -368
187 327
83 238 362 107 142
-354 -236 -205 -153
245 206
80 -26
82 275 306 386 349 30 63
386 306 275 82 237 349 63
304 274 26 84
-362 -98 -283
242 354 163 391 30 63
-244 -285 -293
-281 171 130
-37 -22 -369 -218
337 389 6 143
-44 24 401
-352 -45 -253
125 -378
371 333 229
403 227 229 74 318
-349 -30 -237 -275
40 -402
33 243 356 282 378
302 36 78
-340 -353 -229 -276
68 222 36
337 100 373 280 153 239
244 391 153 236 78
-31 -71
353 322 100 293 89
-150 -256
345 89 315
89 291 126
321 403 340 232 378
98 163 20 261
371 227 229 199 74 333
288 -385
112 65 100 280 153 239
65 322 353 100 293 126
258 296 43 348 95
-340 -321 -232
65 322 321 100 293 126
-361 295 257
385 243 167 282
246 280 379 139 302
305 291 345 89 315 126
72 226 279 367
-289 -261
-310 -329
369 49 37 200 266 331
242 354 402 5 391 63
74 371 333 199
368 2 315 184
339 342 376 185 10 379 380
337 305 389 59 143
89 305 291 35 345 315
208 130 75 171
384 -274
385 243 148 390 167 189
-255 -320
368 2 276 341 232 345 184
388 54 343 25 186 140
33 356 196 340 378 285
-354 -236 -153
-14 -194
403 229 74 333
29 404 279 253 366
96 338 366
368 232 2 184 345 315
32 210 242 36 8 73
321 353 322 100 293 89
25 186 388 343
97 219
-202 -3 -109
-54 -25
226 127 390 367
73 139 78
67 -63
321 353 340 232 378
375 167 108 189
184 298 262
-137 -294
-217 -364 -208
-29 -279
377 6 97
337 305 373 389 6 143
401 227 199 24
210 242 36 73 381
371 227 403 333 318
-217 -249
216 -50
373 389 377 143
145 258 167 296 189
-211 79 327
29 292 279 253 366
407 -208
-331 -195
169 -345
35 291 59 315 126
403 227 371 229 199 333
-275 -285
200 380 37
98 402 261 406 231
188 213 206 68
197 -129
154 -185
368 341 232 345 315
72 226 148 390
258 375 296 167 108
74 333 318
256 178 307 150 215 332
-215 -299
258 167 108 189
33 243 196 340 356
342 376 185 10 379 380
300 -92
210 242 5 8 381
368 276 232 315
-254 -185 -399 -46
210 188 381 142
188 222 206
227 311 24 199
188 245 206 68
226 148 390
305 291 345 315
310 -283
148 279 367
-8 -381 -242 -36
-339 -195 -131
65 321 100 353
-253 -404 -279
-104 -223 -274
224 83 238 234 398
402 261 231
200 57 26 50
10 380 37
403 227 229 371 318
-275 -244 -293
200 50 26 87
107 188 381 142
198 86 246 223
-78 -244 -153
302 73 139 222
50 380 37 87
249 130 171 39
377 219
-254 -185 -46
305 291 35 59
-320 -292 -16
160 227 311 24 199
-356 -196
244 391 153 236
344 139 86 239
305 291 345 89 59 126
-55 -42 -336
-325 237 82
-145 -134
-16 -167 -148 -243
-185 -46
226 29 279
50 87
339 344 10 379 380
16 385 243 390 167 189
89 305 291 345 126
403 227 199 74 333 318
227 229 199 74 333 371 403 318
345 305 315 89
-58 -389 -150
16 385 390 167 282
33 356 196 282 378
202 42 309 55
321 65 353 89 126
319 -5
98 163 402 406 231
124 -320
328 -183
347 -292
228 -104
65 353 100 293 89
-320 -45 -16
368 232 2 341 184 345
242 354 163 5 391 30 63
246 344 379 139 239
322 293 89 126
32 372 334
339 342 185 10 379 380
321 353 403 276 232 378
402 242 354 5 163 30 63
3 42 147 202 27
226 148 390 367
291 345 89 126 315 59
89 291 35
114 181 358 335
148 29 390
-275 -205 -33 -322
33 243 196 340 378 282
-351 227 199
147 292 404 279 253 366
321 403 340 229 232 378
16 243 390 167 189
353 403 340 229 232 378
280 86 344 302 239
-88 379 344
280 86 344 379 302 239
227 371 74 333 318
16 148 390 282 189
-37 -22 -266
-349 -63 -237 -306
388 58 140 92
-225 -46
10 380 50
346 362 98 283
385 243 390 167
-112 -280 -65 -373
72 226
344 185 379 380
-275 -244 -285 -293
-8 -381 -36
-242 -63 -354
302 68 222
305 337 377 59 143
121 164 54 25 346
291 35 181 394 219
-16 -167 -390 -282
73 36 302
-306 -205 -33 -293
10 26 380
-306 -205 -33 -322
276 232 315 184
377 389 6
78 139 236 222
50 198 86 359
-293 -65 -321 -126
-225 -39
350 -195
16 385 243 167 189
54 343 25 186 140
243 196 340 356 282
-36 -68 -78 -139
368 2 371
112 65 337 100 373 280 153
210 242 36 5 8 381
200 10 380
50 326 198 223
305 337 389 6 59 143
68 245 222 359
118 -343
208 130 39 75
50 86 246 198 359
-161 298 262
-224 -83
16 243 148 390 167 189
16 243 390 167 282 189
112 337 65 100 373 239
148 127 390 279
-296 -258
405 -326
385 243 148 390 167 282
62 -331
-304 -274
17 -232
304 274 26 47
-8 -5 -36
188 68 326 359
227 333 318 199
16 385 243 148 167 282 189
246 86 280 139 302 239
57 10 26 87
-54 -121 -346
89 321 322 65
339 376 344 185 380
-121 -20
-172 -131
321 353 403 276 229 340 232
302 73 36 222
-391 -236 -112
-218 -151 -307
-350 195
272 -307
89 321 322 126
-294 -114 -129
-104 -70
82 275 386 306 237 349 30
307 151 392 218
356 196 340 378
305 291 89 126
-126 -89
-308 119
-37 -49 -331
386 306 349 237 30 63
291 35 181 137 394 335
-283 -92 -143 -150
-260 -363
402 163 261 98
162 -121
33 243 340 285
368 232 345 315
33 306 275 244 293 322 205
-375 -296 -167 -108
385 243 167 282 189
101 -372
-257 -170 -28
16 385 243 148 390 167 282 189
72 226 29 367
321 65 100 293 89 126
57 50 380 37
33 306 322 244 205 285
-349 -63 -237 -275
-179 -69
-244 -285 -322
-102 103 348
33 243 356 196 282 285 378
-265 -364 -208
368 341 232 184
72 327
306 275 244 293 322 285 205
16 385 243 390 167 282 189
280 379 246 86 344 139 239
403 229 199 333 318
225 39 75 399
-15 143 389
402 98 20 406 231
57 10 380 37
305 35 59 89 315 126
29 292 404 279 109 366
402 20 261
337 305 377 6
291 35 345 59 315
368 2 345 315
33 306 322 244 293 285 205
-239 -100 -337
196 356 340 378 282
74 229 318 199
339 342 376 185 10
233 -246
291 35 89 315
226 187 327
315 305 89 59 126
-200 -49 -369 -218
339 376 344 185
29 292 109 279 253 366
82 275 306 237 349 30
-333 -368 -217
-376 -195 -172
354 244 391 153 236 205 78
200 50 380
187 79 207
-295 -129 -193
-200 -22 -266
33 340 356 378 285
305 35 59 345 315 126
-287 -201
351 -227
304 274 57 26 47
-252 -110
337 59 373 377
89 305 291 345 315 59
-288 -93
72 226 127
258 375 296 108 189
-212 282 243
96 338 404
-236 -205 -153
200 57 26
26 84 47
-84 -22 -122
-62 369 331
50 246 326 87 359
-253 -366 -29
-306 -285 -293
33 306 322 244 293
271 -32
200 57 26 380
187 404 207
368 276 341 232 315 184
-153 -280 -65 -337
337 373 389 377 59
112 337 100 373 280 153 239
-16 -189 -390 -243
-116 -137
200 57 50 37
388 343 25 186 140
57 274 84 47
49 369 37 22 200 266 218 331
-341 -184
139 36 236 302
371 403 229 199 333 318
-205 -112
-354 -205
-58 -150
336 116 330 91 237
98 163 402 231
26 380 87
307 151 392 218 266 332
227 403 199 74 318
379 86 139 302 239
29 147 292 253 109 366
386 306 237 63
65 337 100 373 280 153
305 345 89 59 126
243 340 356 282 378
321 353 340 232
-66 381 210
-247 398 224
160 39 311 75
210 188 213 142
72 390 127
-153 -100 -337
-323 145 108
27 42 3
-398 -238 -234
-289 -214 -120
-224 -234
306 275 244 293 322 205
-289 -20
-376 -369 -195 -172
-164 -317 -20
305 345 315 59
243 196 356 378 285
72 29 367
-261 -98 -406 -402
98 163 20 406
-25 -388
-31 -397
-407 249 208
-275 -285 -293
191 -10
86 359 198 87 223
337 305 6 59
325 -82
393 114 181 358
145 258 375 108
302 139 36 78
368 2 341 232 345 315
72 148 127 279
105 -190
-197 170 129
368 276 232 345 315
-35 -219 -137 -335
89 321 322 353
33 306 275 244 293 322
-187 -72 -327
65 321 322 353 100 126
65 322 321 89 126
257 295 330 91
65 321 322 293
291 181 137 219 335
-116 -137 -364
403 227 371 199 333 318
339 342 344 379 380
147 292 253 109 366
337 373 389 6 377 59
-104 -274
-358 -129
50 326 198 246 86 87 359
305 373 6 377 59 143
-8 -210 -5 -73
-58 -389
-99 -233
314 -335
65 321 100 293 126
-291 -394 -335
33 243 196 340 282
188 213 222
291 35 345 89 59 126
305 377 6
-349 -30
-275 -205 -285
-112 -280 -65 -337
-163 -242 -63 -391
-309 -237 -330 -116
-376 -339
344 339 376 379
98 402 20 163 231
68 326
401 267 79 327
-8 -242 -36
-163 -5 -30 -391
305 291 89 59 126
296 258 348
344 86 280 239
-349 -30 -237
344 139 302 239 246 86 280 379
-261 -98 -231 -402
-239 -65 -373
379 86 280 139 239
305 389 373 6 377 59 143
305 389 59 143
302 139 222 78
73 139 68
291 35 89 126
369 37 22 266 218 331
-359 -326
-24 -227 -160
-182 355 194
-315 -368 -184
33 356 282 378
-137 -364
65 321 353 100 293
-327 -221 -24
29 147 292 404 279 253 109
321 65 353 100 293 126
290 -393
344 86 280 139 239
221 79 327
-43 -95 -258 -348
-84 -122
186 343
339 344 185 379
89 315 305
305 291 35 345 315 126
33 196 356 378 243 340 282 285
86 344 139 302
-243 -196 -340
160 39 311 75 399
78 139 36 222
33 196 340 282 285
89 305 35 345 315
-111 -324
33 243 196 340 356 378 285
48 -11
71 -189
-8 -381 -242
-385 -167 -390 -243
89 305 345 315 126
128 -72
305 373 6 377 143
147 42 27 109
20 261 406 231
-27 -3
-289 -255
-217 -208
227 403 229 371 199 74
86 139 302 239
-134 -262
-75 -39
114 21 335
49 369 37 22 200 218 331
159 312 95 254
68 245 326 359
227 229 199 74 333
-386 -30 -237
299 387 134 215
208 249 130
-178 -215
-309 -237 -91
-92 -389 -178
179 -120
339 344 185 379 380
320 385 352 45 292 253
89 305 35 345 59
140 54 343
187 366
213 210 107 381
302 73 68 78
337 373 389 143
337 305 373 143
232 2 276 341 184 345
89 65 126
392 218 266 307
-89 -59 -315 -291
117 -373
-37 -369 -218
-291 -394 -137
298 190 262
-142 -107
-14 -194 -393
147 404 279 253 109 366
206 68 213 222
121 54 25 346
243 356 196 282 285
-402 -242 -30 -354
-363 399 225
-139 -239 -344
326 246 198 359
229 199 74 333 318
-312 -95 -254
242 163 402 391 30 63
33 340 356 282 285 378
114 294 358 170
-130 -28
29 404 292 279 253 366
86 246 139 302
236 222 78
83 362 107 142
242 354 391 30 63
377 219 6
-112 -239 -100 -337
-361 -365
369 49 37 200 266
-109 -253 -404 -29
-200 -22 -331
348 103
-309 -82 -91
321 322 100 293 89 126
16 148 390 167 282 189
401 267 221 79
-338 -366 -187
72 187 207
-150 -307 -256
50 86 326 87 359
98 20 261 406 231
50 326 359 223
16 385 167 282 189
148 390 367
337 305 373 377 143
319 -242
-23 306 275
305 291 345 89 126 315 59
-276 -315 -368 -184
-306 -244 -285 -293
202 3 147 109
379 246 344 139 302 239
192 388 58 140
341 232 345 315 184
321 353 403 340 232 378
217 371 333
-266 -218
123 -231
82 275 386 306 349 237 30 63
313 -126
-64 403 229
401 327 221 79
377 219 97
-391 -236 -205 -153
-42 -336
291 35 345 89 59
-143 -389
353 340 229 232 378
226 79 207
139 236 302
305 35 89 59 126
379 86 246 280 139 302
50 87 86 246
402 163 261 406
-109 -292 -404 -279
344 339 376 380
-218 -392 -307
368 2 341 184 315
51 -139
368 2 232 315
32 210 242 36 8 73 381
385 243 167 189
-306 -205 -293
-329 312
194 355 131 149
112 337 65 100 373 153 239
72 226 327
68 245 206 359
354 244 391 153 236 78
226 187 207
403 371 229 227 199 74 318
392 151
200 26 50 37
114 21 358 335
-206 -70
65 100 293 126
89 321 293 353
326 50 198 87
100 373 280 153
368 217 2
-251 383
-236 -78
2 276 341 345 315
-382 74 318
321 403 340 229 276 378
242 163 354 402 5 391
89 315 126 35
265 371 333
305 291 345 315 126
65 321 353 100 89
342 344 185 380
224 234 83 398
225 342 46 185 254 399
291 345 315 126
-85 -329
-18 142 107
395 -188
13 -184
337 389 377 59
349 406 231
-299 -134
65 322 293 126
16 148 167 282 189
50 326 359 87 223
402 98 20 261 406
-159 -312 -95 -254
210 213 107 381 142
243 356 340 196 282 285 378
16 385 167 189
72 127 390 279
220 -238
258 167 296 189 375
363 -225
-8 -210 -242 -73
16 385 148 390 282 189
16 385 148 390
339 342 376 185 380
403 371 229 199 74 333 318
339 131 195 376 331 172
236 78 68
112 354 391 153 236 205 78
-139 -86 -239 -379
16 385 148 167 282 189
-185 -225
-37 -49 -331 -266
404 366 207
302 139 236 222
227 229 199 333 318
334 183
32 210 242 5 8 381
222 188 245 326
72 279 29 367
305 337 389 373 6 377 59 143
324 -394
-346 -362
24 227 311
33 243 196 356 285
-108 -134 -298
33 243 196 340 282 285
-85 73 36
389 377 59 143
16 385 243 148 167
50 326 246 359
-55 -42 -309
-11 -330 -257
-275 -205 -285 -322
147 404 253 109 366
353 403 340 229 232
-251 -277
-354 -78 -244 -153
321 65 353 293 126
344 139 302 239
65 322 100 293 126
-171 -28
307 392 266 332
-232 -315 -184
-292 -385
86 246 280 239
-79 -327
321 353 403 340 232
339 342 344 185
-150 -307 -215
178 389 150 58 283 92 143
147 292 279 253 109 366
50 86 246
305 291 35 345 89 59
333 318 199
-134 -298
-282 -243
321 322 353 100 89
204 334 183
-300 92 58
305 291 35 315 126
-170 -129
196 340 378 285
213 107 188 381 142
111 -387
339 342 376 185 10 379
130 171 28
300 -58
-214 -352
292 404 109 279 253 366
-376 -131
-172 -149 -194
210 381 188 213
-178 -150
305 315 291
-172 -149 -355
145 258 375 296 108
33 306 275 244 322 205 285
-361 -105
160 401 311 199
-344 -380 -342 -339
-215 -134
-376 -331 -195 -131
68 213 206 359
65 100 373 280 153
112 244 391 153 236 205 78
65 322 100 89
368 2 184 345 315
305 6 377 143
35 291 181 137 219
-402 -242 -63
72 148 29 279
-342 -225
-297 45
305 373 389 59
160 401 227 199 24 311
379 86 280 139 302 239
372 204 183
-95 -254
302 36 222 78
72 226 390
274 84 57 26
188 213 222 68
32 210 242 8 73 381
-186 -54 -388
337 305 373 6 143
-385 -390 -243
403 229 199
277 -65
200 26 50
8 32
242 163 354 402 391
139 236 68
298 341 190
-121 -317
368 217 265
339 342 344 185 10
-148 -390
-379 -344
16 385 148 390 189
208 249 39
276 341 232 345 184
89 305 291 35 345 59 315
-239 -100 -373
-232 -315 -368 -184
98 402 261 231
-314 -60
-222 -68
-178 -307 -256
305 337 389 377 59 143
-205 -33 -293
365 -390
-320 -45 -292 -16
32 210 36 5 8 73 381
50 198 86 246 87 326
32 242 36 5 8 73 381
280 86 246 344 139 302 239
304 274 84 26 47
291 35 181 394 219 335
-20 -98 -231 -402
280 246 86 344 139 239
89 65 100 126
-167 -390 -243
-376 -331 -195
-55 -42
-396 127 367
274 26 47
245 213 326 359
244 391 153 236 205 78
-32 -210 -242 -36
-205 -285 -322
-387 -215 -299
208 130 39 171
-261 -98 -231 -163
243 340 356 282 285
98 163 402 261 231
103 296 348 95
368 2 276 341 184 315
-99 -52
-121 -261
32 242 36 8 73 381
321 353 340 378
160 225 399 39
89 305 291 35 345 126
209 -151
68 36
145 167 108 189
305 35 291 89 315 59
-159 -254
305 337 389 6 377 143
-238 -362 -142
52 -222
57 10 50 37
16 385 243 148 390 167 189
321 403 229 232
-46 -195
206 188 213 326
242 354 5 391 30
89 345 315 126
-103 -348
286 -339
-178 -307
-172 -194
-52 222 68
401 24 267 221 79
242 163 354 402 5 63
226 29 390 367
33 306 275 293 205 285
33 243 340 282 285
50 198 223
50 326 87 223
342 344 10 379 380
178 389 150 58 283 143
242 354 402 5 391
-237 -82
50 198 359 87 223
-323 -397
296 258 43
-361 -357
356 196 340 378 285
281 -171
305 35 345 315 126
-159 -312 -254
402 20 261 231
222 188 245 206
326 198 86 87 359
-244 -33 -293
-139 -86 -344
44 -401
258 375 167 108
50 86 359 87 246 223
242 163 354 5 391 30
26 380 37 87
-112 -239 -65 -373
353 321 403 276 229 232 378
385 243 148 167 282 189
127 148 29 279
379 86 246 139 302 239
256 387 134 215
-292 -366 -279
-74 -318
-230 -190
305 389 6 377 59
368 2 276 232 345
243 148 390 167 282 189
337 305 373 389 377 143
-95 -258 -348
-254 -185 -399
243 356 340 378 285
-70 -274
73 236 78 68
206 213 326
305 35 59 345 89 315 126
326 68 206
353 321 403 276 229 340 378
200 26 37 87
-309 -237 -116
-258 -167 -108
-311 -225 -75
368 2 341 232 315 184
336 82 116 309 330 91
114 358 294
89 305 59 345 315 126
49 369 200 266
21 358 181 393 335
337 373 59 389
118 -186
-164 -289 -261
29 404 279 253 109 366
-37 -22 -331 -266
203 -255
-334 -159
-175 -11
50 86 359 87 326 223
50 198 86 87 359
-308 -264
315 35 89 59 126
371 333
-54 -121
-308 -329
339 342 344 185 10 379 380
43 348 103 95
16 385 148 390 167
368 276 232 184
73 36 68
368 2 276 341 184 345
336 82 309 330 91
49 369 37 22 200 266 331
291 35 137 394 219 335
-398 -83 -234
-139 -246 -239 -379
-335 -393 -114
-101 372 334
345 89 291 126
-32 -210 -36
337 373 305
-386 -63 -275
66 -210
289 214 120 317
-45 -385
16 385 243 148 167 189
96 338
246 86 280 379 239
1 -6
336 82 309 330 91 237
33 243 340 282 378
220 -83
65 321 322 100 293 89 126
370 -112
-331 -131
175 11
-51 302 139
178 389 150 283 143
-283 -389 -178
302 236 222 78
403 371 229 199 74 333
151 392 218 266
-349 -63 -275
-322 -65 -321 -89
72 226 29 127
89 305 35 345 59 126
-193 -28
276 340 229 232
368 217 333
-285 -196 -340
-379 -380 -185 -339
-399 -225
337 305 377
232 2 341 184 345 315
-205 -33 -322
200 57 10 87
226 148 29 127
98 402 20 163 261 231
57 380 37 87
-284 59 305
243 196 340 282 378
340 276 232 378
50 223 246 326 87 86 359
-306 -244 -33 -293
320 385 352 45 16 253
8 183
402 406 231
19 -192
8 334
289 214 120 255
130 39 249 75 171
-253 -366 -279
210 188 213
291 35 59 315
-57 -26
-386 -30 -275
139 36 78
-402 -242 -30
-232 -315 -2 -184
-147 -292 -366 -29
-147 -253 -366 -29
50 86 359 87 198 223
-84 -22
-10 -380
188 68 206
50 198 87 86 326 223
32 210 36 5 8 381
336 82 116 330 91 237
373 389 6 377
305 291 89 315 126
342 185 10 380
247 -224
148 390
353 340 276 232 378
-37 -22 -331
-402 -63 -354
-156 280 239
305 389 6 377 143
339 344 185 10 379 380
33 243 282 285
8 372 183
280 86 246 344 379 302
-19 192
243 356 196 340 378
-354 -205 -112
339 376 342 344 185
354 244 391 153 236 205
344 342 376 10 379
128 -226
139 36 222
-246 -86
86 246 344 379 139
224 186
29 147 279 109 366
401 327 24 267 79
50 86 359 87 223
29 147 404 279 253 109
368 2 276 341 232 315
-361 -363
321 403 340 276 232 378
373 389 6 377 143
-252 391 354
73 36 222 78
386 275 306 82 237 30 63
175 406 231
-372 -106 -159
320 352 214 138 255
64 -403
16 243 148 390 282 189
208 130 39 249 75 171
36 222 78
344 86 280 139 302
-320 -45 -253
-170 -28
345 89 59 305
115 -338
305 291 59 126
304 274 84 57 26
16 148 390 167 189
68 245 206
305 389 373 377 59 143
33 340 282 285 378
50 198 86 246 87
113 -202
321 340 229 232 378
65 321 353 293 89 126
371 403 229 199
65 322 353 89 126
57 50 380
72 148 390
402 163 354 242 391 30
402 242 354 5 163 391 30 63
-361 -152
304 274 198 70 104
-232 -315 -368
-304 -26 -47
16 385 243 282
279 148 29 367
160 401 227 199
213 326 359
97 219 6
-17 276 232
258 348 95 103
226 148 127 367
200 50 380 87
385 148 390 167 189
161 -298
200 10 37
385 390 167 282 189
222 68 245 206
339 342 344 185 10 379
-159 -312
377 389 143
266 218 307
337 305 389
368 2 276 345 315
42 202 27 109
404 279 253 109 366
348 103 95
291 35 137 394 335
-22 -165
-310 -154
89 322 293
18 -107
321 403 340 229 276
305 291 35 89 315
145 258 375 167 108
321 65 353 293
376 344 10 379 380
402 163 20 261
112 337 65 100 373 280 239
72 367
321 353 403 340 276 378
178 389 150 283 92 143
321 322 65 293 89 126
-386 -63 -82 -306
368 276 341 232 315
-8 -210 -5
368 232 341 184 315
170 114 294
-186 -25 -140
-339 -131
-200 -49 -331 -218
232 345 315 184
402 163 20 261 406 231
32 210 242 36 5 8 73 381
-352 -292 -16
100 373 280 153 239
-8 -210 -36
16 385 148 390 167 282
-306 -205 -285 -293
73 36 222
-257 -129 -28
99 -140
-226 -72
127 148 279 367
65 353 321 100 293 89 126
89 65 293 126
403 333 318 199
342 344 185 10 379 380
-376 -331
16 385 243 148 390 167
321 276 229 340 232
229 199 333 318
403 229 199 74
-25 -164
-243 -285 -196 -340
73 139 36 78
321 322 65 293 89
368 276 232 345 184
-69 175
-336 -237 -330 -116
-144 -206
402 20 261 406
206 188 213 222
356 196 340 378 282 285
198 359 86 246
280 246 344 379 239
227 371 199 74 333 318
337 389 6 59 143
72 127 367
-42 -3 -147
368 276 341 232 184
-243 -285 -340
-394 -219
86 280 139 302 239
406 231
-83 -107
302 139 222
-33 -285
402 163 354 242 30 63
57 10 50 87
258 375 296 167 108 189
338 366
148 279 390 367
403 229 333 318
-158 98
50 380 87
112 337 65 100 280 239
74 371 318 199
-375 -258 -167 -108
-287 -363
-109 -292 -404 -29
145 258 375 296 108 189
-111 -284
403 371 229 199 318
-151 -392
-354 -78 -153
-207 -187
65 353 100 293 89 126
226 127 29 367
305 337 373 6 377 59
-235 149
272 -332
246 198 326 87 359 223
49 369 22 266 218 331
50 223 246 326 87 359
-296 -167 -108
-99 -66
337 373 389 377 143
89 305 35 345 315 126
-243 -285 -356 -340
-178 -332 -256
187 327 207
210 107 188
243 340 282 285
-22 -122
-287 -278
82 275 306 349 237 30 63
-357 364
-270 193 28
-309 -82 -91 -116
321 353 229 232 378
49 369 200 266 331
371 229 199 74 318
305 337 389 377 59
369 339 131 195 376 331 172
342 376 185 10 379
-349 -63 -82 -306
321 353 403 229
145 258 375 296 167 189
321 322 353 100 293
15 -389
386 406 231
-109 -292 -366 -29
386 349 231
200 26 380 37
304 274 198 70 223
181 137 394 219 335
73 68 78
-181 -393 -114
-273 46
49 84 165 22 122 47
368 265 2
-201 404 366
304 274 84 57 47
-375 -258 -189 -145
57 10 26 37
-30 -275
-89 -305 -315 -35
-116 -364
106 55 43
-316 84 47
57 274 26 47
86 246 344 139
384 -304
-131 -149 -194
-344 -380 -185
-107 -381 -188
242 354 163 5 30 63
305 59 377
402 98 20 163 406 231
32 210 36 5 8 73
115 -96
29 292 279 253 109
-70 -223 -274
341 262 298 190
78 139 68 36
-78 -112
368 2 276 341 232 184
-140 -58 -192
139 68 222 36
257 91 295 330 11
321 322 65 100 293 89
68 213 326 359
226 279 127 367
-342 -399 -46
368 2 276 232 345 315
305 373 389 377 59
16 385 243 148 390 282 189
368 2 341 184 345 315
49 369 331 200 218 266
393 21 181 358
-352 -45 -253 -385
-113 202 42
50 86 326 246 198 87 223
-295 -129
-349 -63 -82 -275
139 68 222
257 129 193 295 170 28
-386 -30 -306
400 -205
-155 -350
-340 -321 -229
-349 -275
-116 -137 -364 -294
144 70 104 206
-302 -86 -280 -344
337 373 389 6 143
201 -366
374 -293
139 36 236 68
-32 -210 -5 -36
392 218 266 332
67 -30
-82 -275
98 402 163 261 406 231
50 86 246 198 359 223
-147 -253 -366 -279
402 354 242 391 30 63
324 -219
72 226 390 127
-9 55
168 -43
65 353 100 89 126
339 376 10 380
193 130 28
-349 -30 -306
-22 -369 -218
50 326 198 86 87 359 223
50 326 86 223
321 353 340 229 232 378
-140 -58
3 147 202 27 109
-144 -206 -70
188 222 326 359
337 100 373 280 153
-285 -293
-276 -345 -368 -184
-210 -242 -73
305 291 35 59 315
-282 -285 -356 -340
339 342 376 10 379
368 276 341 184 345 315
82 275 306 349 30 63
242 354 402 5 391 30 63
402 98 163 261 406
43 348 95
-279 -390 -72 -367
-199 -160
-37 -22 -369 -266
-107 -210 -213
34 -172
322 275 244 293 285 205
339 344 376 185 10 380
305 291 35 345 126
33 306 275 322 293 205 285
386 306 237 30 63
280 379 246 344 139 302
-335 -181
72 79 327
354 244 391 236 205 78
32 210 242 5 8
326 50 86 359
-30 -237 -275
-147 -109
-203 255 214
112 337 65 373 280 153 239
-112 -100 -337
-223 -198
-153 -65 -373
-200 -369 -218
348 383
98 163 20 406 231
-248 353 321
-184 -298 -190
-385 -167 -390
376 342 344 185 10 380
302 68 78
50 198 87
337 305 377 59
98 20 261 231
245 188 213
246 86 280 379 139 239
50 198 87 86 223
50 223 198 326 246 359
33 243 340 356 282 285
305 373 6 389 377
29 279
68 213 326
65 353 322 100 293
243 356 340 196 285
-206 -104
-326 -198 -246 -50
79 327
377 97
-349 -63 -82
49 37 22 200 218 266
-302 -86 -239 -344
49 369 22 200 266 331
96 404 366
305 337 373 6 377
305 373 6 377
139 68 236 302
187 207
266 218 307 151
-361 -64
68 222 359
-265 -208
-402 -5 -30 -354
127 367
344 10 379 380
82 275 386 349 30 63
-349 -63 -237
-342 -185
38 -122
-55 -202 -309
305 291 35 59 126
200 380 37 87
200 50 380 37
89 315 126
345 305 315
305 373 6 377 59
-388 -192
321 322 293 126
258 167 296 189
-320 -45 -292
245 68 213 222
33 356 196 378 285
-183 -119
-112 -280 -65
304 274 26
217 2 265
20 261 231
94 -3
-386 -237 -275
-344 -10 -342 -339
-283 -58 -389
90 -356
29 147 279 253 109
32 210 242 5 8 73
200 57 26 87
-326 -223 -86 -50
371 227 229 74 333
222 245 206 359
-82 -91 -116
402 163 406 231
127 279 29 367
227 333 199
-219 -181
-405 359 326
-200 -49 -331 -266
321 353 403 340 378
-80 57 26
33 243 196 340 378 285
340 229 276 232 378
402 163 20 261 406
72 187 327
-375 -167 -108
-84 -49 -122
-269 386 349
98 163 261 406 231
-12 -146
-7 97
385 243 148 390 282
8 204 183
337 6 377 59 143
-198 -304
26 50
57 10 26 380
291 89 315 59
403 229 199 333
-295 -28
2 276 232 345 315 184
89 305 35 345 315 59
35 181 137 394 219 335
194 355 393 14
305 291 35 89 315 126
337 305 377 143
339 342 376 10 380
50 86 246 326 359
74 371 333 318
27 202 3 109
304 274 84 47
-291 -394 -137 -335
-339 -172
177 -346
147 42 202 109
175 386 231
403 227 199 333
-84 -47
385 243 390 282 189
337 305 389 6 59
86 344 379 139
33 322 275 293 205 285
339 376 185 10 379 380
402 20 261 406 231
227 229 333 318
178 150 283 92 143
345 291 315
124 -352
-283 -58 -143 -150
198 87 326 359
337 305 373 377 59 143
345 291 315 35
-255 -138 -320
-318 -229 -199 -371
175 231
210 213 107 188 142
16 385 243 148 167 282
33 243 356 196 282 378
371 229 333 318
130 75 171 39
392 122
-362 -98
-112 -239 -337
-181 -393 -358
-391 -354
72 226 148
403 227 229 74 333
320 385 352 16 292 253
148 29 390 127
-70 -223
302 68 222 36
242 402 163 5 30
-109 -292 -279
50 86 198 326 223
403 340 276 232 378
403 371 229 199 74 318
371 333 318 199
222 68 245 326
338
336 42 309 202
50 86 326 246 359 223
302 36 236 78
50 326 198 246 86 359
86 246 280 379 302 239
321 353 100 293
-349 -30 -82
50 86 198 246 223
291 345 89 315 59
-402 -242 -354
243 356 196 340 282 378
270 -28
89 305 291 35 345
184 341 190
188 213 222 359
33 306 322 244 205
29 147 404 279 253 366
222 245 206
-346 -362 -283
107 188 142
-195 -131
-153 -280 -65 -373
-70 -198 -274
339 342 344 10 379 380
50 380 37
-153 -280 -337
337 305 373 6 59
-145 -134 -262
326 206
379 86 246 280 139 302 239
-200 -49 -369 -266
-99 140 388
368 232 2 276 341 184 345 315
406 402 163 98
371 403 229 199 333
-385 -189 -390 -282
200 26 10 37
-276 -315 -2 -184
-150 -332 -256
68 236 222 36
33 306 275 244 322 285
368 2 232 184
178 58 283 92 143
388 54 343 25 140
112 354 244 153 205 78
-47 -49 -122
321 340 229 378
326 86 359 223
50 198 87 246 359
57 50 37
200 26 10 50
243 196 340 282 285 378
49 369 331 22 200 218 266
-254 -185
-290 21 393
-291 -219
243 390 167 282
280 344 379 139 239
246 86 280 379 302
-386 -30 -237 -306
188 68 245 222
403 227 371 199 318
243 148 390 167 282
321 65 293 89 126
72 226 207
403 227 229 333
225 342 46 185 254
-289 -255 -120
401 327 24 79
89 305 291 59
322 100 293 89
246 280 139 302 239
89 291 345 315
16 243 148 167 282 189
86 198 87 223
371 229 199 74 333 318
-335 -21 -358
-164 -121
302 68 236 36
-275 -285 -322
339 342 344 185 380
304 57 26 47
-86 -239 -344
-22 -218
147 42 202 27 109
-240 -158
-275 -244 -33
210 242 36 8 73
-99 -328
112 244 391 153 236
-253 -385
-35 -219 -335
188 206 326 68
-22 -331 -266
-320 -45 -253 -16
-56 138
256 134 215 299
65 322 293 89 126
29 390 279
-184 -262
200 50 10 87
98 163 20 402 261
147 292 279 253 109
305 35 345 315
49 37 22 266 218 331
-109 -253 -404 -279
66 -381
16 385 243 148 282 189
-402 -30 -354
402 163 354 391 30
-388 -58 -192
405 -359
-256 -215
-260 371 333
72 226 29
57 26 10
169 -315
386 306 82 237 30 63
294 129 170 358
-346 -362 -98
226 148 390 127
244 391 153 236 205
-320 -45 -253 -385
-265 -364 -249
302 73 236 78
-124 -113
368 2 276 341 232
-354 -78 -244 -112
229 227 333 199
-352 -292 -385
-280 -65 -337
-294 -358 -170
339 376 10 379 380
-386 -349
369 37 22 200 218 331
386 275 306 349 30 63
86 87 326 246
-349 -63 -306
82 275 386 237 349 30
305 35 89 315 126
337 389 59 143
202 3 42 109
82 275 306 386 349 30
337 65 100 373 280 153 239
73 139 36
321 65 322 353
39 311 75 399
-250 114 358
402 20 261 98
86 50 198
321 340 276 232 378
336 82 309 330 237
-339 -331 -195
371 227 229 333
57 50 26 37
339 342 344 10 380
-112 -65 -337
321 353 403 340 276 232 378
-49 -122
246 344 139 302 239
210 213 107 188 381 142
338 187 366
160 225 311 399
353 322 100 293 89 126
-153 -239 -100
394 219 6
50 326 359 198 223
65 322 353 100 89 126
62 -369
-183 -334 -8
49 369 22 200 266
98 402 406 231
321 65 100 89 126
-109 -253 -366
-309 -237 -330
2 276 341 184 345 315
99 -388
29 147 279 253 109 366
-41 -297
306 275 322 293 285 205
385 243 390 167 282 189
321 340 232 378
258 103 296 43 348
402 163 261 231
77 -207
206 213 326 359
50 326 87 359
147 279 253 109 366
-402 -5 -30
33 306 275 322 244 205
160 401 24 199
353 403 276 229 378
200 57 10 380
-238 -107
-45 -292 -385
296 258 348 103
51 -302
-11 -91 -295
-135 75 39
-391 -236 -244 -153
163 20 261 231
145 258 167 296 108
-339 -331 -195 -172
260 -371
321 353 340 276 378
305 291 59 89 315 126
242 163 402 30 63
-73 -36
200 26 380 50
158 -98
10 380 37 87
403 371 229 227 74 318
368 2 276 341 232 345 315
-385 -167 -148 -282
321 353 322 100 293 65 89
257 129 193 295 28
-287 230
-344 -380 -339
182 -194
242 354 402 5 30 63
-35 -219 -137 -181
-283 -92 -143 -178
-404 -366
402 163 20 231
336 116 91 237
296 258 43 348
98 261 406 231
234 312 144
307 151 392 218 266
-153 -65 -337
-163 -402
372 204 334
-291 -219 -137
-309 -82 -330 -116
210 242 36 8 73 381
72 226 127 367
33 243 356 340 378 285
106 372 334
188 213 206
-317 -255 -120
-386 -30 -237 -275
305 35 345 89 126
89 59 305
151 392 218 266 332
-289 -214
227 371 229 199 74 318
-34 172 131
200 57 50 87
35 137 394 219 335
26 10 50
147 404 292 253 109 366
232 368 276 184 345 315
289 164 261 121 317
-41 336 309
139 236 78 68
-391 -78 -153
-35 -137 -181
-314 335 181
73 68 222 78
326 50 86 246
337 389 143
72 390
112 65 337 100 373 153
-354 -78
-401 -199 -311
403 227 229 199 74 333
184 341 262
-160 -225 -39
-376 -369 -195 -131
176 -279
112 354 244 391 153 236 78
-14 -355 -393
-306 -205 -285
-349 -30 -237 -306
162 -164
-385 -189 -148 -243
-283 -58 -143 -178
68 206 222
-303 20 261
74 227 333 199
-14 -194 -21
-104 -198
-70 -304
357 -364
98 163 20 261 406 231
258 167 296 108
-78 -205
243 340 378 285
78 139 68 222
403 227 371 199 333
403 371 229 227 74 333 318
98 402 231
-118 343 186
-239 -65 -337
-353 -321
208 249 265 217 364
166 -266
302 68 78 36
291 89 59 126
294 129 358
-301 375
344 342 376 185 379
10 380 87
368 2 276 341 232 345
57 380 37
160 227 311 199
403 371 229 74 333
331 37 22 200 218 266
280 86 246 344 379
-22 -331
-136 144
-214 -138
50 198 87 86 246 223
107 188 213 142
303 -261
236 222 78 36
-169 345 315
353 403 340 229 276 232
291 35 345 89 315
-258 -189 -108
-112 -65
-254 -185 -225 -46
73 139 236 78
336 116 309 91 237
368 276 184 345 315
-102 -400
4 -25
78 68 222 36
201 -404
98 163 20 402
29 109 279 253 366
-200 -49 -218
-99 -191
145 375 296 167 108
73 139 302
73 36 236
-144 -245 -104
-280 -239
361 -295
371 333 318
-13 341 184
-293 -65 -321 -89
-291 -219 -181
33 243 196 282 285
-359 -198 -86 -50
-116 -137 -294
242 402 163 5 391 30
49 369 37 22 218 331
-386 -63 -237 -306
29 147 404 253 109 366
353 276 340 229 232
296 258 103 95
337 373 6 389 377 143
-153 -239 -65
242 36 5 8 73 381
33 306 322 244 293 285
385 148 390 167 282 189
-380 -185 -339
-186 -388
-340 -321 -229 -276
33 306 322 244 285
-406 -231
61 -291
68 213 222 359
-377 -97 -219
-294 -358 -129
68 222 206 359
321 353 403 276 229
-8 -210 -242 -36
148 127 367
321 322 100 293
86 326 246
-239 -337
-178 -332 -215
72 148 279
388 54 343 25 186
129 170 294
368 2 341 184 345
-209 151 392
144 245 70 206
-375 -296 -189 -108
-303 -268
119 183
89 65 293 353
112 354 244 391 153 236
339 376 342 344 185 380
89 35 59 345 315 126
147 292 279 253 29 366
139 68 78
65 322 321 293 126
188 222 326 68
-53 311 160
243 148 167 282 189
112 65 100 373 280 153
-330 -257
-14 -355 -21
132 -37
33 243 356 282 285
188 326
223 86 246 198 326 359
327 267 221 79
-147 -292 -366 -279
88 -379
305 373 389 6 377 59
-320 -253 -16
-275 -205 -33
49 369 37 22 200 266
337 305 373 59 143
89 35 345 315 59
-313 126 89
336 82 116 309 237
100 293 89 126
-23 -173
98 406 231
380 26 50
50 86 87
9 -55
336 82 116 309 330 91 237
305 59 389
353 293 89 126
368 2
-318 -403 -199 -333
337 373 389 377
33 243 340 282 285 378
33 243 356 340 196 285
188 213 68
-257 -129
368 2 333
403 227 229 371 333 318
200 57 380 37
305 291 35 89 59
393 181 358 335
129 114 358
-144 -70
321 322 353 100 293 126
-253 -16
402 354 163 5 391 30
337 373 389 6
68 245 222
245 213 206
-116 -294
-45 -292 -16
154 -342
243 148 390 282 189
227 403 229 199 333 318
403 227 229 199 333
112 100 373 280 153
26 380 37
389 150 58 283 92
-354 -236 -112
305 373 389 6 59
-352 -45 -16
302 139 36 222
-198 -274
377 394 6
-149 -194
344 185 10 379 380
130 171 39
-391 -205 -153
-19 -62
365 -148
-391 -78 -244
280 246 344 139 239
-306 -244 -293
402 20 406 231
65 321 293 126
98 163 20 261 406
-39 -208 -130
385 243 148 167 189
291 59 345 315 126
377 394 97
33 356 196 340 378
32 210 242 36 8
112 244 391 153 236 78
50 86 87 246 223
403 227 229 199 318
10 26 380 87
305 291 345 59 126
35 291 181 137 394 219 335
122 165
76 -289
-200 -331 -266
-165 -122
274 84 57 26 47
106 334 159
-112 -239
16 385 243 148 390 282
321 403 340 229 232
210 107 188 142
279 367
129 170 358
-58 -389 -178
305 59 377 6
326 222 206 359
-232 -345 -368 -341
-386 -82 -306
-323 -248
33 196 340 285
112 337 65 373 280 239
16 385 148 390 282
-349 -30 -275
-14 -393
-111 -363
182 -355
188 213 359
-37 -22 -331 -218
145 258 375 108 189
403 227 229 199 74 318
3 147 27 109
210 242 36 5 8 73 381
145 258 296 108
371 403 229 318
-25 -346
89 321 100 353
-341 -262 -190
337 305 389 6 143
321 353 403 276 232
402 163 354 391 30 63
68 222 78
18 -142
-312 -144
226 148 29 390
72 390 279
-84 -22 -165
88 -344
380 37
-8 -381 -242 -73
-242 -30 -354
145 375 167 108
-240 -319
269 -386
260 -333
403 227 199 74 333
208 249 217 364
248 -353
-112 -280 -373
321 353 276 229 340
-245 -70
106 372 334 159
96 338 187
-120 -375
-129 -193
-287 -351
73 139 236 36
368 341 232 345 184
304 274 198 70 104 223
-345 -315
-385 -167 -148 -243
32 334 183
8 32 372
246 280 379 139 302 239
4 -54
2 371 333
243 167 282 189
-293 -65 -353 -89
-35 -394 -181
33 196 356 340 282 285
-147 -253 -404 -29
192 388 58 140 92
222 188 213 326
371 333 199
305 373 389 6 143
304 57 274 26
89 65 100 353
305 291 89 315 59
-224 -238 -234
-60 299 134
26 50 10 87
-153 -280 -100 -337
252 -391
184 190 341 262
50 10 87
353 340 229 276 232 378
160 401 311 24
339 342 376 185 379
-32 -242 -36
-391 -78 -205 -153
-232 -315 -2 -341
374 -322
50 37 87
368 2 276 232 345 184
258 375 167 108 189
-317 -214
-200 -49 -331
57 26 380 87
342 376 185 10 380
-275 -244 -322
-37 -22 -369
-291 -219 -335
73 236 222 78
326 359 86 246 87
36 78
33 243 196 356 282 285
403 227 229 371 199 333 318
208 130 249 171
-326 -198 -86 -50
-232 -368 -184
368 276 341 184 315
-323 -363
-223 -274
321 322 353 293 126
-287 -94
305 373 389 143
337 373 6 377 143
-376 -195 -131
337 305 389 143
-275 -244 -285 -322
377 394 219
320 214 138 255
-181 -21 -114
-47 -22 -122
160 225 39 311 75
-402 -5 -354
315 345 89 59 126
401 267 221 327
35 181 137 394 335
-45 -253 -16
-318 -229 -227 -333
73 36 302 68
102 -348
368 2 232 345 315
-354 -236 -205 -112
323 -145
379 86 246 344 139 302
245 213 222 359
-32 -210 -242
-141 245 206
145 258 375 167 189
305 35 89 315 59
148 29 390 367
89 35 345 315
368 276 341 232 345 184
-249 -208
180 -265
291 35 89 59
242 402 163 5 30 63
-160 -225
-370 153 112
-387 -256 -299
403 229 199 74 333
35 291 345 89 315 59
33 243 356 196 340 282 378
-283 -58 -178
-265 -217
188 68 213 359
321 340 229 276 378
321 322 353 89 126
368 2 341 345 315
196 340 356 282 285
344 379 86 246 280 139
8 32 334
243 196 356 378 282 285
403 229 199 74 318
-112 -280 -337
103 296 43 348 95
33 243 196 340 282 285 378
200 10 380 37
72 29 279
-37 -49 -266
32 210 242 36 5 8 73
-32 -210 -5 -73
50 198 326 246
320 352 214 138
-308 -220
86 198 246
379 86 246 139 302
145 134 262 298 299 108
29 292 404 253 109 366
129 114 294 170
-309 -330
29 147 404 279 253 109 366
321 353 403 229 378
337 373 389 59 143
339 376 185 380
-47 -122
321 65 322 353 293
50 198 87 246 223
-115 96 338
-271 -174
-385 -167 -390 -282
146 -78
72 226 279
-289 -120
402 261 406 231
321 322 353 65 89 126
353 403 276 232 378
353 403 276 340 378
82 116 309 330 91
-352 -45 -292 -385
326 68 222 206
32 210 242 36 5 73
72 29 390
73 36 78 68
397 -33
29 292 404 279 253 109
72 148 29 367
-355 -194
86 198 87 326 223
84 165 22 122 47
393 194 21 14
280 86 246 344 239
294 129 114 358
-386 -30 -82 -275
-354 -205 -153
-275 -33 -322
23 -275
337 305 373 389
65 322 353 321 89
200 50 10 380
33 196 340 282 285 378
305 291 35 345 59 126
341 232 315 184
241 -234
27 3 109
369 339 131 376 331 172
242 402 5 30 63
-4 54 25
296 43 348 103
368 276 341 232 345 315
98 20 261
32 210 242 36 5 8 381
280 139 302 239
68 222 326 359
-47 -22
338 404 366
-340 -321 -403 -232
-245 -206
349 231
178 150 58 283 92 143
-83 -142
222 245 326 359
-255 -138 -352
342 185 10 379 380
-109 -292 -366
-339 -369 -131
-354 -244 -112
188 213 326
210 213 107 188 381
-306 -205 -322
112 337 65 373 153 239
-195 -14
-387 -215
326 206 359
305 315 59 126
33 322 275 244 293 285 205
188 68 222
236 78 36
227 229 318 199
321 322 100 89 126
336 116 309 330 91 237
24 401 267 221
33 306 275 244 293 285 205
-234 -144
-308 -141
-224 -238
-276 -315 -368 -341
-311 -225 -39
145 258 375 296 167 108 189
337 373 377
141 -245
112 354 391 153 236 78
243 196 340 378
229 74 333 318
340 229 232 378
26 10 380 37
3 147 42 109
280 86 344 379 139 302 239
-37 -369 -266
50 326 198 246 359
258 43 95
407 -249
26 37
210 242 36 5 8
279 29 390 367
33 196 340 378 285
210 107 188 381
50 326 359
385 243 148 390
-283 -143 -150
371 227 333 318
187 79 327
89 305 315 291
-283 -92 -150
339 185 10 379 380
65 100 293 89 126
321 353 403 340 229 378
65 321 293
188 68 245 359
403 74 333 318
291 35 59 345 315 126
-349 -30 -82 -275
-121 -317 -261
-177 -101
26 50 37
-185 -399
328 -204
-324 394 219
339 376 342 344 379 380
369 339 131 195 376 331
242 354 5 391 30 63
337 305 373 377
33 243 356 340 282 378
336 82 116 309 330
305 377 59 143
72 226 367
402 163 261
-58 -143 -178
305 315 345 59 126
50 246 198 223
50 198 359 87 246 223
72 390 367
-164 -289 -20
72 29 390 279
200 50 37
377 6
-119 -149
3 147 42 27
301 -375
-163 -242 -30
65 322 100 293 89
403 276 229 340 232
148 390 127
-319 5 242
-349 -82 -275
79 327 207
-275 -205 -322
243 196 340 378 285
50 223 198 326 87 359
-244 -205
305 59 373 377
50 326 359 246 223
50 326 198 246 87 223
210 242 36 5 381
-234 -312 -144
-11 -91 -257
32 210 36 8 73 381
50 198 359 246 223
72 226 127 279
208 249 75 39
33 306 275 244 205 285
-328 204 183
369 49 37 200 218 266
57 10 380 50
222 213 326 359
-401 -199
305 389 6 377 59 143
114 21 393 335
-82 -330
120 45 375
339 344 342 376 185 10 379
96 187 207
145 258 375 296 167
50 86 359 198 223
337 305 389 6
371 229 74 318
-362 -107
-58 -143 -150
72 226 390 367
50 198 326 246 87
-160 -399 -39
-283 -92 -389 -178
321 403 340 229
29 147 292 404 279 253 109 366
200 57 37
-84 -49 -165
-81 294
-354 -236 -244 -153
-386 -63 -82
-275 -293
2 276 341 232 345 315 184
32 242 36 5 8 381
208 130 249 75 171
-39 -249 -130
276 341 232 345 315 184
-369 -195 -131
218 307 332
-109 -253 -366 -29
-83 -362 -107
16 385 243 167 282
16 385 243 390 189
32 210 242 36 73 381
65 321 322 353 100
305 291 35 345
305 345 315 126
339 344 379 380
65 322 321 100 293 353 126
-275 -205 -293
264 -223
242 354 5 30 63
-239 -65
-155 -7
326 188 206
73 139 68 78
353 321 340 229 276 232
306 275 244 293 285 205
3 42 147 202 109
50 198 87 359
344 339 342 376 379
210 107 142
341 262 184 298 190
379 246 344 139 302
-76 317 289
72 148 279 367
80 -57
-274 -26 -84
-194 -21
369 37 22 200 266 218 331
-224 -83 -234
-163 -5 -63 -354
54 343 25 140
139 78
368 2 276 341 184 345 315
226 390 367
229 318 199
-336 -82 -116
29 147 292 279 253 109 366
-388 -92
-339 -331 -172
259 -256
-125 378 340
85 -36
-310 -156
372 334 183
326 359 198 87 223
86 246 344 139 239
353 322 293 89 126
114 21 358 393 335
24 221 79 327
339 344 342 376 185 379 380
305 291 35 315
-35 -219 -181
344 339 342 376 185 379
-283 -389 -150
98 163 406 231
-259 256 215
-139 -86 -280 -379
139 236 222 68
353 321 403 340 229 232
276 341 232 345 315
-157 14
206 222 326
160 225 311 75 399
-240 159
-342 -225 -46
-354 -78 -205
32 210 36 8 381
187 366 207
217 333 265
208 130 39 249 75
-30 -82
24 401 221
89 35 345 315 126
-47 -49 -165
392 307 332
33 243 196 340 378
337 373 389 6 377
392 218 307 332
-30 -237 -306
296 258 95
188 68 206 222
68 236 36
379 246 86 344 139 239
226 279 29 367
-116 -364 -294
-302 -139
-123 406 231
403 371 227 199 74 333 318
200 50 37 87
-32 -381 -242 -73
-121 -289 -20
208 130 39
-299 -262
304 57 274 47
-275 -205
402 98 20 261 406 231
57 50 380 87
72 226 148 127
402 163 354 5 30 63
245 206 359
333 229 318
16 385 148 390 167 189
321 353 403 276 229 232
184 190 262
57 26 380
305 337 389 6 377 59
368 232 2 184 345
-291 -394 -137 -181
112 354 244 391 153 205
-49 -331 -218
101 -334
258 103 296 43 348 95
-112 -280 -100
403 227 74 333 318
305 291 35
226 79 327
-378 -321 -229 -232
-274 -57 -47
-220 238 83
337 373 377 143
-8 -210 -5 -36
-395 213 188
-339 -331
337 305 389 6 377
347 -253
-228 104 70
227 371 229 199 74
296 43 348 95
-120 -45 -375
307 151 218 266 332
73 139 68 222
276 341 232 184
69 -175
376 344 185 10 379 380
376 342 344 185 380
305 389 377 59
49 369 37 22 200 331
-386 -30 -82
-55 -202 -336
16 385 390 167 282 189
60 -299
-397 33 285
345 305 291 59
386 306 237 349 63
243 196 378 282 285
194 131 355 149 172
73 139 236 302
-104 -198 -274
65 100 373 280 153 239
305 291 35 89 126
73 36 78
112 354 244 391 153 236 205
-124 352 320
121 164 54 25
73 68 222 36
3
50 246 326 87 223
49 369 22 200 218 266
-109 -253 -366 -279
65 321 100
178 389 150 58 92
227 229 74 318
-144 -245 -70
-402 -30 -391
135 -39
307 151 392 218 332
33 243 282 285 378
339 342 185 379 380
321 353 293 126
96 187 366
242 36 5 8 73
-254 -342 -399 -46
-160 -225 -75
73 139 68 36
258 103 296 348 95
72 226 187
-163 -242 -63 -354
243 148 390 167
86 246 280 302 239
-145 -108
321 353 403 340 229
-310 283
72 279 367
280 379 86 246 344 139 302
72 226 29 279
-352 -253 -16
305 389 6 143
133 -147
339 344 342 376 10 379
-364 -294
321 322 353 100 65 89 126
73 139 68 302
139 36
50 198 87 326 223
212 -243
336 309 55 42
98 261 231
72 367 127 279
68 213 222
326 245 206 359
-275 -244 -33 -322
-140 -92 -192
-70 -223 -304
86 344 139 302 239
160 225 75 39
337 305 373 389 6 59
-391 -78 -205
33 306 275 322 293 244 285
-202 -42
-30 -82 -275
-337 -389 -305 -377
82 116 309 330 91 237
116 137 364 294
389 6 377 59 143
191 -380
392 218 266
152 -2
160 225 311 39
337 373 377 6
337 389 6 377 59 143
385 243 390 167 189
-386 -63 -82 -275
-144 -206 -104
-379 -380 -342 -339
380 57 26 50
242 163 354 402 5
2 276 341 232 345
226 127 390 279
208 39 249 75 171
-340 -321 -403 -276
-283 -58 -389 -178
198 86 246 87 223
-283 -58 -150
243 196 356 285
344 376 185 379 380
-37 -331
-339 -369
-354 -112
-16 -167 -390 -243
89 345 315 59
280 379 86 344 139 302
371 227 229 333 318
368 217
-400 244 205
259 -215
17 -276
257 330 11 295
15 -143
386 306 82 349 237 63
291 315 35
-59 -305
8 334 183
-340 -321 -229 -232
-232 -345 -368 -184
339 376 344 185 10
86 246 344 379
33 196 356 282 285 378
392 218 307
114 21 181 393 335
-112 -239 -100
198 359 86 246 87
231 349 175
112 65 100 373 280 153 239
33 306 275 322 293 244 205 285
35 137 394 335
-31 -363
33 243 196 378 285
32 204 183
242 354 402 5 163 391 30
326 50 86
368 2 276 184 345 315
-139 -246 -280 -344
145 258 167 296 108 375
337 305 373 377 59
305 291 35 345 89 315 126
-108 -299 -298
-94 27 3
402 163 261 406 231
302 68 236 222
-378 -321 -229 -276
326 188 222 206
-191 10 380
50 86 246 359
-92 -58
-131 -149
-48 -347
-117 373 337
-306 -244 -33 -322
114 181 358 393 335
-112 -280 -100 -373
250 -114
200 37 87
65 321 353
32 242 36 5 8
200 26 380 87
322 100 293 89 126
-79 -221 -401
86 246 280 139 239
89 293 126
112 354 244 391 205 78
345 89 126 305
29 292 404 109 279 253 366
337 389 373 377 59 143
10 50 37 87
129 170 358 114
86 50 198 326
49 84 22 122 47
227 403 371 199 74 318
188 245 206
65 321 89
-237 -330 -116
-110 95
-164 -289
-309 -330 -116
-291 -181
386 275 306 349 237 30 63
2 276 341 232 184
307 151 218 332
-145 -262
-98 -283
386 349
-63 -30
26 50 10 37
222 206 245 326
232 368 276 341 184 345 315
-104 -223 -304
86 198 326 87
65 321 100 126
145 167 108 189 375
-391 -236 -205
402 163 98
386 349 175
243 340 356 378 282 285
112 337 65 100 373 280 153 239
65 353 89 126
-354 -236 -244 -112
326 68 206 359
-108 -298
380 37 87
25 186 388 54
82 386 306 349 237 30 63
403 227 199 318
-112 -239 -65 -337
-107 -210 -188
13 -341
232 321 229 353
156 -239
376 342 344 10 379 380
50 198 86 246 326
-163 -5 -30 -354
-145 -299 -262
320 385 352 45 16 292 253
402 163 354 30 63
26 37 87
222 68 213 326
349 175
245 188 213 222
302 236 78
-283 -92 -389 -150
141 -206
-364 -208
16 385 390 167 189
-159 -312 -95
-273 -15
339 342 376 185 379 380
243 390 167 282 189
404 366
321 322 353 293 89
-178 -307 -215
291 59 89 315 126
-243 -33 -196 -340
16 243 148 282 189
386 82 275 306 349 237
24 401 221 79
-32 -381 -242 -36
403 276 229 232
263 -49
24 401 221 327
245 68 213 206
-147 -366 -279
243 196 340 282
-283 -58 -143
-320 -385
401 327 267 221 79
-386 -63 -237 -275
160 311 75 399
369 339 131 195 331 172
-257 -170 -193
194 355 131 172
397 -285
280 246 86 344 379 239
-112 -337
-254 -185 -225
403 371 229 74 333 318
16 385 243 390 167 282
385 148 390 167 282
54 343 25 186
50 380
304 84 57 26 47
73 68 222
-186 -54 -140
165 151
-42 -3 -109
342 376 10 379 380
315 89 59 126
-344 -380 -185 -339
-22 -369 -266
302 139 236 78
337 6 377 143
-352 -45 -292
72 148 390 127
145 258 296 108 189
302 73 68 222
316 -84
226 148 279 367
385 243 148 167 282
-93 91 330
389 150 58 92 143
-138 -230
-91 -330
-257 -28
403 227 229 318
276 341 184 345 315
33 243 340 378 285
198 326 359
-337 -389 -305 -6
188 222 206 359
321 403 276 229 340 232
-352 -385
304 274 84 57 26 47
229 199 74 333
227 199 74 318
305 291 35 89 126 315 59
337 389 6 377 59
337 373 6 377 59 143
-306 -205 -285 -322
247 -398
68 206 359
368 345 315 184
-375 -258 -189 -108
25 186 388 140
-200 -22 -331 -218
-131 -194
339 376 344 10 379
188 213
127 390 279
232 321 276 229
210 107 381
57 50 87
-365 148 390
402 163 20 261 406 231 98
353 100 293 89 126
-132 200 37
257 129 193 170 28
-63 -82 -275
-391 -244 -112
-282 -285 -196 -378
243 148 390 282
291 35 89 315 59
392 266 307 151
-255 -214
240 -159
321 353 340 229 276 378
112 100 373 280 153 239
368 2 232 315 184
-54 -164 -346
-81 -161
-92 -143 -150
245 70 104 206
-154 342 185
16 385 243 390 282 189
86 87 326 359
-340 -229 -232
-200 -22 -369
-142 -210 -188
-340 -353 -403 -232
-336 -82 -91
246 198 326 223
65 100 293 353
326 86 87 359 223
297 -45
-349 -82 -306
-129 -28
-354 -236 -244
-375 -296 -167 -145
280 379 246 344 139 302 239
236 78
-181 -358
-361 -90
-277 100 65
321 340 229 276 232 378
155 -178
339 342 344 185 10 380
337 305 389 59
72 29 390 367
227 371 229 74 318
89 291 35 59 345 315 126
368 333
367 390 279
10 380 50 87
-312 -254
403 371 229 227 74 333
33 322 244 293 205 285
321 353 340 276 232 378
200 57 50 380
-320 -253
173 -296
50 37
57 26 37
200 26 10 380
-286 376 339
210 213 188 381 142
385 243 390 282
-1 6 377
7 -97
32 210 242 5 8 73 381
321 353 100 293 89 126
-376 -331 -131
278 -221
225 342 185 254 399
-308 -209
-263 49 22
-22 -331 -218
371 403 199 333 318
-254 -342 -399
127 390 367
320 352 214 255
204 183
368 232 2 276 184 345 315
-241 234
132 -200
112 354 244 391 153 236 205 78
-376 -331 -195 -172
-402 -5 -63 -391
-349 -30 -82 -306
303 -20
338 187
12 -254
210 242 36 8 381
50 326 198 359
198 86 246 326 223
-12 254
-238 -83
369 331 37 200 218 266
98 402 20 231
321 353 100 89 126
89 305 291 345 315
-11 -330
368 371 333
-386 -30 -82 -306
72 226 390 279
8 32 204
16 243 148 390 167
368 2 276 341 184
226 127 29 279
72 127 29 367
188 206
-186 -25
-402 -5 -63 -354
-355 -393
351 -199
188 68 206 359
-108 -134
305 337 6 377 143
321 353 276 232
227 371 229 74 333 318
371 403 229 199 74
200 57 37 87
337 305 373 389 143
-210 -5 -36
160 401 227 199 24
372 334
-295 -170 -28
-174 362
198 326 359 223
-282 -33 -196 -340
368 2 276 184 315
242 354 402 5 391 30
368 232 2 276 184 315
-295 -129 -28
353 403 340 229 378
305 315 35 59 126
371 227 199 333 318
-391 -205 -112
337 59 305
-137 -364 -294
243 356 196 282
377 59 389 6
246 198 326 359 223
68 245 326
112 337 373 280 153 239
-163 -30 -354
-13 -357
-90 356 196
86 246 344 239
145 167 296 108 189
72 148 29 390
339 376 344 185 10 379 380
368 232 276 184 315
-254 -342 -225
16 243 148 390 167 282
339 344 185 380
-309 -237 -91 -116
-275 -244 -285
176 -29
210 36 8 73 381
86 246 344 379 302 239
-243 -285 -196
86 246 344 302 239
402 261 98
342 376 10 379
130 75 39
-311 -399 -39
49 37 22 200 266 218 331
321 353 89 126
34 -131
82 275 349 237 30 63
321 293 89 126
305 373 377 59 143
401 227 311 24
382 -74
-6 -377
353 321 276 229 340 232 378
403 276 229 232 378
217 265
-77 207 187
338 187 404
50 326 198 86 87 246 359 223
200 57 26 10
68 236 222
174 -362
50 86 326 246 198 223
371 403 333 318
200 10 380 87
336 309 55 202 42
344 86 246 280 139
372 334 159
339 344 10 380
-261 -231 -402
227 371 229 199 333 318
32 210 36 8 73
86 198 326 246
226 127 367
305 373 377 389
33 196 356 340 378 282
-112 -239 -373
188 245 326
389 373 377 59 143
227 229 199 74
-379 -10 -185 -339
389 58 283 92 143
-375 -258 -167 -145
-200 -331 -218
-352 -45 -253 -16
-373 -389 -305 -377
-34 -272
160 401 227 311 24
-306 -275
321 65 353 293 89
157 -14
-343 -186
337 373 6 377 59
321 322 353 293 89 126
112 337 65 100 153 239
353 403 340 229 276 232 378
200 57 10 37
16 385 243 390 167
112 354 244 153 236 205 78
225 46 185 254 399
-139 -246 -239 -344
147 404 279 109 366
248 -321
216 -87
225 39 311 75 399
113 -42
-139 -86 -239 -344
-176 29 279
-291 -137 -181
33 243 196 285
188 68 359
-163 -242 -30 -354
-381 -210
401 327 24 267 221
139 68
353 403 276 229 340 378
385 243 148 390 282 189
50 246 86 87 326 359
-391 -78 -244 -153
-391 -78 -205 -112
-43 -258 -348
-37 -49 -331 -218
304 274 47
72 226 148 29
403 227 371 199 74 333
89 321 126
337 373 377 59 143
180 -217
339 342 376 185
401 227 199 24 311
403 227 229 371 199
46 195 14
-200 -22 -369 -266
-162 164 121
65 321 126 353
321 403 340 229 378
65 322 353 321 293 89 126
368 2 276 341 345
-138 -320
86 280 139 239
72 127 29 279
-306 -205 -33
72 127 390 367
-257 -193
-308 -80
160 225 39 75 399
33 243 356 340 196 282 285
-339 -369 -172
280 246 344 379 139 239
-25 -121 -346
188 326 68
145 258 167 108 189
337 305 373 389 59
73 236 78
-287 -407
148 390 167 282 189
302 68 236 78
245 188 213 206
139 236 222 36
127 29 390 279
-344 -10 -185 -376
72 279
227 371 199 74 333
-254 -342 -46
242 402 5 391 30 63
-258 -167 -145
86 246 344 379 239
288 -16
251 -383
-339 -369 -195
371 227 229 403 333
-11 -257
226 390 279
-200 -37
337 305 373 389 377
33 275 244 293 285 205
187 404 366
24 401 267 327
-192 -97
72 327 207
36 78 68
344 379 139 239
49 369 37 22 200 218 266
139 302
230 190
305 35 345 315 59
289 20 261 121 317
127 148 29 367
-339 -195
29 404 279 109 366
-394 -137 -181
145 375 296 167 108 189
-331 -172
349 406 175
-372 -334
-35 -291
227 403 229 199 74
321 100 293 89
65 322 293 89
371 403 229 333
224 398
29 147 404 292 253 109 366
65 321 322 100 126
385 243 148 390 167 282 189
-344 -10 -185 -339
-214 -320
243 356 340 196 378 285
-31 116
235 -149
326 50 198
402 354 242 30 63
-347 292 253
305 389 377 143
321 403 276 229 232 378
-275 -205 -33 -293
243 390 167 189
-332 -307
-266 -392 -307
-128 226 72
-179 120
-41 -69
86 198 246 87
246 280 379 302
389 150 58 283 92 143
-268 106
33 243 196 340 356 378
-344 -380 -185 -376
86 326 359
289 214 120 317 255
337 389 377 6
276 232 345 315
-204 -183
221
33 243 356 282 285 378
321 322 353 65 293 126
305 315 291 35 345 89 59 126
-231 -175 -349
342 344 185 10 379
-173 296 258
-55 -309
-402 -242 -391
86 246 344 139 302 239
86 344 379 302 239
368 232 315 184
-388 -58
188 213 326 359
274 26 84 47
243 356 340 196 282 285
188 206 359
280 86 246 344 139 302
371 229 74 333 318
-55 -43
57 26 37 87
388 54 25 140
-89 -305 -345 -291
376 342 344 185 10 379
-352 -320
-74 -229 -199 -333
229 371 333 199
91 257 330 11
206 188 245 326
73 139 36 302
291 35 315 126
3 202 42 27 109
402 163 231
-371 -333
-243 -33 -196 -378
2 276 232 345 315
305 291 35 59 345 315 126
211 -327
208 130 39 249 171
336 82 116 309 91 237
2 276 232 315 184
-378 -353 -229 -232
-243 -285 -356 -378
-307 -256
-108 -134 -262
16 385 390 167
284 -305
302 139 68 36
32 242 36 5 8 73
-8 -242 -73
-122 -392
326 50 86 87
50 10 380 37
305 291 35 89 59 126
339 342 376 10 379 380
-242 -30 -391
-271 32 8
200 50 10 37
-65 -337
-219 -137 -181
139 236 36
178 389 150 58 283
-336 -237 -330
339 376 342 344 380
316 -47
86 198 223
139 68 36
-254 -342 -225 -46
156 -280
337 59 373 305
61 -35
121 164 25 346
339 342 185 10 380
-140 -388
2 276 341 184 345
43 348 103
-157 -7
-185 -399 -46
305 291 345 315 59
-354 -78 -205 -153
321 353 340 276 232
314 -181
98 20 261 406
73 139 36 222
321 276 229 232 378
337 389 377 59 143
112 244 153 236 205 78
114 21 181 335
291 35 181 137 219 335
29 390 367
368 265 333
-121 -317 -20
49 37 22 200 218 331
291 35 345 89 126
-99 -174
-320 -45
367 127 390 279
33 306 322 244 293 205
85 -73
321 353 403 340 229 276
-163 -242 -30 -391
-369 -331
280 86 246 344 379 302 239
266 218 307 332
65 322 100 293
86 246 326 359 223
258 103 43 348 95
86 359 198 87 246 223
33 306 275 244 322
-391 -236 -205 -112
-112 -239 -65
258 43 103 95
139 236 78
57 26 87
-108 -299 -262
178 307 150 215 332
371 227 199 333
-109 -253 -279
386 349 406
-379 -380 -185 -376
202 42 3
-139 -86 -280 -344
256 307 150 215 332
-168 -123
256 387 134 215 299
163 261 406 231
-402 -242 -63 -354
321 322 293
243 196 340 282 285
212 -282
396 -127
107 362 83 238
