133 70 155 44
-117 -26 -34
-89 -151 -72 -109
17 3 149 41 63
147 132 86 39 89
133 70 56 58 44
-86 -132 -89
-97 -59 -36
-147 -8 -9
-138 86 39
-56 -58 -133 -44
-75 -47 -159
-24 -46 -128
-38 -145
-163 -67
-147 -151 -72 -9
-52 -92 -160
63 3 149 79
-110 -58 -123
-18 -159 -145
-89 -151 -9
19 35 4 63
-26 -153
-91 -11 -39
1 70 58 155 44
-163 -156
157 -73
73 34 117
-34 -45 -75
-10 -14
134 -34
34 137 75 11 92 45 62
-97 -2
1 133 56 155 44
112 1 58 155 44
50 147 151 8 89 72
17 3 149 41 79 63
141 -47
-73 -26
156 -72
53 -93
148 85 75 27 139 159
65 137 117 73 26
-47 -87
-78 -131 -6
-135 -12 -154
-118 -93 -110 -94
-43 -129 -61
112 1 56 58 155
119 -148
-6 -66
105 -75
31 -114
112 70 56 58 155
-87 -50
-43 -61
-61 -81 -59 -21
-137 -11 -92 -75
1 133 70 56 58 155 44
-95 -96
112 56 58 155
17 4 41 63 79
-118 -110
51 -145
-144 -118
65 137 26 34
-162 -50 -40
147 151 8 89 72 109
17 149 79 63
-27 -85 -148
1 56 58 155
34 75 11 92 62
56 58 155 133
60 -37
56 112
89 50 151 72 9 109 8
112 133 70 56 155
-90 -72 -5
1 70 56 58 155 44
-84 -12 -154
81 2 21 59 61
108 -162
106 -40
34 27 137 11 45 62
50 147 151 8 89 72 109
50 147 151 72 9 109 8
-150 -62 -39
65 34 117 137 26
150 39 86 91 11 62
159 75 148 90 27 139 47
-26 -28
144 24 74
18 14 58 123 110
60 -143
30 -80
-137 -92 -75
1 18 110
86 39 91 11 62
-128 -47
-36 -5 -99
35 4 124 63
105 -27
11 137 75 27 92 45
-145 -135
-61 -81 -21
-149 -63 -79
-89 -50
-125 112 56
4 149 41 79 63
-39 -132 -147
81 147 132 86 89
13 -159
-130 -52
98 -160
-26 -137
-148 -90
-67 132 81
-34 -62 -45
-146 161
118 14 94 110 93 46
-153 -92 -97
17 3 4 149 41 63
19 4 124 63
-137 -62 -45
-135 -154
66 131 6 42 78
-137 -27
50 147 151 89 109 9
-27 -139 -159 -90
122 -1
51 -38
-84 -80
-27 -47 -159 -148
-89 -50 -8 -9
-11 -92 -75
-47 -159 -90
-118 -94
-61 -132 -21
-10 -93 -94
147 151 8 9 109
112 1 70 56 58 155 44
17 3 149 79
-89 -9
-149 -3 -79
1 70 56 58 155
-85 -145 -41
72 8 90
-144 -24
-11 -45 -27
-37 -133 -68
-160 -2 -36
122 -58
-152 120 68
-10 -46
-37 -143
-131 -66
-84 -12 -80
121 -130
112 1 70 56 58 155
50 147 151 8 89 109
145 68 84 38 135 120
-150 -39
-50 -72 -9
-90 -72
3 4 149 41 79
-68 -145 -84
50 8 72 89 109 9
-96 3
-128 -87
-18 -145 -149
34 75 92 62
-130 -143
148 85 75 27 139 47
-34 -11 -92 -75
-137 -11 -45 -27
112 1 56 58
-39 -89
-50 -88
-144 -43 -10
34 11 137 75 27 92 62
37 70 120 143
-147 -151 -8 -9
-34 -11 -92 -27
1 18 123 110
-18 -159 -38 -41
-162 -40
-10 -46 -14
-21 -116
-40 -42
-94 -3
17 4 149 41 79 63
9 109
-89 -72 -109
17 3 4 149 79
-18 -159
23 -74
-33 151 50
-2 -59
9 140
18 58 123 14
35 124 63
-28 -143
-150 -62 -86
-58 -123
-75 -47 -85
7 -45
148 85 90 75 27 47 159
-112 -58 -133 -155
-128 -47 -162
81 2 132 21 59 61
-18 -85 -149
89 147 72 9 109 8
18 14 123 110
147 151 8 9 72 109
-118 -46 -14 -94
-75 -85 -90
145 149 85 38 41 123 159
-27 -47 -85 -148
-34 -62 -27
-89 -50 -72
-36 -5 -12
-151 -72 -109
-27 -85 -90
-87 -50 -88
-78 -66
17 3 149 41 79
-50 -8 -9
-86 -39
-158 17 79
-137 -62 -75
163 -94
-50 -72 -109
-10 -118
-36 -99
130 52 73 26 28
128 162 87 139 47
-92 -45
43 129 61
-118 -93 -14
-89 -50 -8 -109
-108 87 162
-149 -3 -4 -17
94 3 78
118 14 94 10 93 46
-89 -151 -72 -9
148 90 85 75 27 139 47
84 135 154 12
-105 -77
-81 -2
112 1 70 56 155 44
64 -52
34 75 11 92 45 62
-85 -145 -149
-95 21
144 10 118 74
158 -79
145 18 149 85 38 123 159
112 1 133 58 155
21 140 116
-112 -1 -133 -155
-94 -78
-70 -133
-132 -81
-5 -12
112 133 70 56 155 44
-30 80 154
10 118 14 110 93 46
-118 -93 -14 -94
34 11 137 75 27 45
1 133 70 155 44
112 1 133 70 56 58 44
-123 -145 -41
112 70 56 58 155 44
-18 -159 -41
-90 -8 -5
-69 -51
146 -161
133 70 58 155
147 132 86 39
-3 -78
20 -6
-24 -93
1 133 70 58 155
25 -22
-143 -133 -68
-120 -38 -135
11 137 27 92 45 62
-93 -46
121 -28
-87 -162
-73 -52
-151 -72 -9
148 90 75 27 139 47
-159 -38 -149
112 1 56 58 44
-39 -81 -89
-27 -139 -159
-72 -9
152 -68
-65 -26
-22 -47 -162
160 97 52 92 45
-19 -103
-87 -50 -40
-164 41 149
65 117 73 26
-137 -92 -27
-59 -21
-102 19
-127 -77
-14 -1 -123
147 151 72 8 109
-123 -85 -38 -149
4 149 79 63
133 70 56 155 44
-114 -46 -128
-68 -38
-71 -23
49 -147
80 154 84 135
76 -123
-49 147 89
-128 -139 -87
-18 -85 -145
147 151 8 89 109
65 34 117 73 26
145 18 149 85 41 123 159
-150 -91
32 -117
-150 -11 -39
-26 -28 -153
-18 -159 -38 -149
35 155
149 41 79 63
-124 -35
55 -43
-65 -150
-98 160 97
-36 -12
33 -151
-91 -11 -86
-27 -47 -85 -90
-60 37 143
-147 -50 -72
-64 -113
113 -129
75 148 85 90 27 159
-144 -10
128 162 22 87 139 47
-101 99
17 6 103 79
-120 -145 -135
112 1 133 56 155 44
126 -9
-159 -41
-135 -84
-27 -47 -159 -90
-46 -14 -94
-160 -97
-11 -92 -27
1 133 70 58 155 44
-163 -141
70 56 58 155 44
68 133 70 120
107 -63
-61 -132 -2 -21
-137 -45 -27
111 -133
65 137 26 117
-27 -47
-164 -29
-89 -72 -9
-149 -63 -17
150 39 86 91 11
112 133 56 58 155
155 44
1 18 58 123 110
-10 -46 -14 -94
-68 -145 -135
141 -139
66 6 79
125 -112
68 37 70 120 143
1 133 70 56 58
-46 -22
-112 -58 -70 -155
17 4 149 41 63
112 133 56 58
-153 -45
3 4 149 41 63
-75 -47 -159 -148
-140 -116
-101 -107
-123 -159 -38
-151 -40
112 1 70 56 44
34 11 137 75 27 45 62
17 149 41 79
-46 -110 -94
-153 -45 -160
-41 -3 -63 -79
-149 -3 -4 -79
11 137 75 27 45 62
-89 -151 -8 -9
-118 -93 -110
-116 -161
-123 -145 -149
-147 -50 -8 -109
-47 -85 -148
-85 -149
-20 6 66
89 50 147 151 72 9 8
30 -154
1 133 56 58 155
-36 -5
85 90 75 27 47 159
-93 -14
-147 -50 -8 -9
19 35 124 63
144 74 43 118
-10 -93 -14
-73 -130
-81 -59
-35 -4 -19
34 11 137 75 27 92 45 62
-28 -130
144 24 114
4 149 41 63
-128 -162
67 -132
-124 -63 -19
-4 -63
1 18 58 123 14
-14 -58 -18
148 85 90 75 139
-120 -38 -84
100 -118
1 18 14 110
83 -84
68 133 70 37 120 143
-123 -85 -41
11 137 75 27 92 45 62
133 56 58 155 44
65 91 117
56 129
-150 -11
-10 -46 -110 -94
-56 -1 -133 -155
-61 -81 -2 -21
-18 -85 -145 -149
89 50 151 72 9 8
-147 -50 -72 -109
145 68 84 135 120
162 50 87 151 40 88
-73 -130 -52
-139 -47
-138 -53
133 70 56 58 155 44
-91 -11
-56 -1 -133 -44
-41 -3 -63 -17
-73 -130 -153
-142 -115
133 56 155 44
34 27 137 11 92 45 62
148 5 8 90 72
-56 -58 -70 -155
34 11 137 75 27 92 45
-123 -159 -38 -41
-123 -85 -145 -41
-56 -1 -70 -155
34 137 75 92 45 62
-114 -46 -22
-89 -8 -109
3 149 41 79 63
-24 -93 -22
-89 -50 -109
-61 -81 -59
99 116 161
-56 -58 -155
-62 -45 -75
-85 -145
-38 -149
19 124 4
85 90 75 27 139 47 159
-159 -38
-82 124 35
-10 -93 -14 -94
-95 -13
19 35 124 4
-52 -45 -160
-18 -85 -145 -41
49 -89
112 1 133 70 56
-52 -92 -97
-46 -14
57 -11
1 133 70 58
147 132 86 89
-62 -92 -27
-143 -133
-71 150 91
112 1 133 70 155 44
112 1 70 44
-147 -50 -8
66 103 79
-73 -28 -153
158 -17
130 153 52 73 26 28
68 133 70 143
37 70 133 120
-114 -46
-159 -145 -41
-36 -12 -99
77 -14
65 34 117 73
112 1 133 70 56 155 44
19 35 124
65 91 150
-61 -81 -2
112 1 56 58 155 44
112 1 70 155 44
-130 -37
68 133 70 120 143
-162 -50 -88
-21 -140 -116
112 1 133 70 58 44
-8 -72
57 -62
-147 -50 -9
-75 -47 -90
-11 -45 -75
-87 -40
112 1 133 58 155 44
1 133 70 58 44
-137 -11 -45
112 1 133 70 58 155 44
110 118 14 94 10 46
-14 -58
160 97 36 59
-145 -84
-9 -140
35 4 19 124 63
-118 -14
-10 -46 -94
-10 -14 -94
-81 -89
148 85 27 90 139 47 159
-47 -159
-55 43
-39 -81 -147
-159 -90
119 -90
-82 -54
126 -109
-7 92 45
-83 135 84
-137 -11 -92 -27
-75 -159 -148
-137 -11 -45 -75
17 66 6 103
112 133 70 56 58 44
75 148 85 90 27 139 47 159
-68 -38 -135
-77 110 14
148 85 75 139
112 133 58 155 44
-26 -130 -153
-153 -52
128 162 22 87 47
-118 -46 -110 -94
-127 -7
25 -128
50 147 151 8 109
-50 -40
130 28 143
112 133 70 56 58 155 44
112 133 70 56 44
85 90 27 139 47 159
71 -150
-136 2 59
-65 -26 -34
69 -36
-99 -116
162 50 87 40 151
-163 94
34 137 75 27 92 45 62
-111 70 133
72 90 148
112 133 70 58 155
148 85 75 139 159
-27 -47 -90
-123 -85 -38 -41
-159 -145 -149
-123 -149
-126 109 9
-34 -11 -27
42 66 78 6
-123 -145
1 18 14 58 110
89 50 151 72 9 109
-34 -11 -45 -27
-86 -81 -147
-75 -139 -159
-47 -85 -90
-40 -131
-75 -159 -90
-155 -35
-75 -139 -159 -90
17 149 41 79 63
160 97 2 36 59
-37 -133 -120
16 -103
-123 -41
68 37 120 143
-144 -43 -118
-22 -47
-46 -110
8 148 5
-114 -93 -22
-137 -62 -92
-129 -61
-14 -123
-92 -97
-24 -128
-75 -47 -85 -90
-61 -59
-12 -154
-62 -11
128 162 22 139 47
148 85 90 27 47 159
17 66 79
-11 -27
-11 -86
112 133 56 155
81 147 39 89
-27 -139 -85 -148
-159 -38 -41
-27 -139 -90
-145 -149
160 97 52 153 92 45
32 -65
1 133 70 56 155 44
50 151 72 9 109 8
-130 -153
-123 -85 -145
34 75 27 92 62
8 72 9 109 50 147 151 89
90 148 5
-120 -145 -84
112 133 70 56 58 155
-110 -14
-32 117 65
-65 -91
-17 -66 -103
81 132 86 39 89
-18 -145 -41
-85 -38 -149
-65 -73 -137
81 147 132 39 89
100 -10
-89 -151 -8
-81 -59 -21
112 1 133 70 56 58 155 44
-121 28 130
-88 -42
3 4 41 63 79
-26 -52
-68 -135
112 56 155 44
160 97 2 59
81 147 86 39 89
-139 -162
34 137 75 11 92 62
-153 -92 -160
-68 -145
-139 -85 -90
-147 -72 -109
-74 -24
-104 -51
-58 -133 -155
89 81 86 39
-26 -28 -52
34 117 73 26
-147 -89
-112 -56
-74 -43 -10
-118 -93
65 137 34 117 73 26
80 84 154 12
-93 -128
138 -86
50 147 151 8 9 109
48 -42
112 1 133 56 58 155 44
-50 -9
64 -153
-100 -57
68 133 37 120 143
58 155 44 133
-143 -133 -120
-52 -160
-114 -128
-56 -58 -70 -44
-75 -47 -148
-107 4 63
-45 -97
65 137 34 73 26
-89 -50 -8
-34 -62 -45 -75
-123 -159 -149
-89 -72
72 90 5
34 75 27 92 45 62
-137 -11
112 1 70 58 44
-86 -81 -89
-159 -149
-85 -38 -41
-61 -81
-31 114 24
-42 -66
112 1 133 70 56 58
-78 -131 -66
-137 -62 -45 -75
72 8 90 5
-118 -93 -94
-147 -151 -9
-137 -62 -27
107 -4
1 58 123 14
148 5 8 72
162 50 87 40 88
130 52 153 26 28
-18 -85 -38 -41
-102 -146
17 6 103
53 -46
-14 -58 -123
-34 -62 -45 -27
-65 -73 -34
-27 -139 -148
-37 -70 -68
68 37 133 70 120
-91 -39
148 85 90 75 139 47
-74 -118
-128 -47 -87
-134 -55
97 2 36 59
81 147 132 86
17 3 63 79
-18 -85 -38 -149
-147 -50 -109
112 1 70 56 58 44
137 34 73 26
80 154
156 -8
76 -18
8 90 148 5
-41 -149
115 -140
3 4 149 79 63
-34 -11 -45
130 153 52 73 26
81 132 86 39
75 148 85 90 27 139 159
-123 -159 -145 -41
137 34 117 73 26
-97 -2 -36
-120 -145
-79 -66 -103
34 137 11 92 45 62
-78 -42
112 1 133 56 58 155
-45 -160
144 118 10 43
-74 -144
-43 -129
-52 -97
-43 -118
-18 -123
-123 -38
-122 1 58
13 -85
112 1 133 70 56 44
-34 -11 -45 -75
-142 78
-23 74 144
-18 -38 -149
-137 -62 -92 -75
37 70 133 120 143
-18 -149
1 18 110 58 123 14
-75 -47 -85 -148
20 -66
-118 -14 -94
67 -81
56 58 155 44
-34 -45 -27
-39 -132 -89
-48 131 42
162 50 151 40 88
34 27 11 137 75 62
-149 -3 -63 -79
134 -137
-123 -159 -41
-24 -22
112 1 133 70 56 58 155
-74 -43 -118
-162 -151 -40
-117 -73 -137
89 147 151 72 9 109 8
68 37 70 120
17 3 4 149 41 79 63
-91 -62 -39
10 118 14 94 110 93 46
-117 -91
-61 -132 -59 -21
-75 -139 -85 -148
33 -50
66 6 103
-61 -59 -21
-13 85 159
112 1 70 56 58
-22 -47 -87
148 85 75 27 139
17 3 4 41 63 79
-18 -38 -41
-75 -47 -159 -90
1 133 70 56 58 155
128 114 22 24 46
159 75 90 27 139 47
1 18 14 123 110
-153 -45 -97
128 114 22 24 93 46
-61 -132 -59
-112 -58 -133 -44
-22 -139 -87
-113 129
95 -21
96 -3
-147 -72 -9
-144 -43
-160 -59
-11 -45
152 -120
-118 -110 -94
-137 -11 -92
-11 -39
50 147 72 89 109 9
-56 -58 -133 -155
-59 -36
108 -87
-56 -58 -133
-132 -59
138 -39
-99 -161
112 56 58 155 44
-109 -9
50 147 8 72 89 109 9
112 1 133 70 58
-81 -2 -21
-145 -41
-15 116
120 37 70
159 75 148 90 27 47
-38 -84
148 85 27 75 139 47 159
124 44
-27 -139 -85 -90
-123 -159 -145
-61 -132 -2
1 56 58 155 44
19 35 63
-27 -47 -159
34 137 75 92 62
133 70 56 58 155
148 85 90 139 47 159
-27 -47 -85
130 37 143
147 151 8 89 109 9
-47 -159 -148
-120 -84
-147 -151 -72
-137 -62 -92 -27
-106 88 40
1 133 58 155 44
19 4 63
-26 -130 -52
-89 -8 -9
-21 -140
-18 -145
-91 -86
-139 -159 -148
48 -131
-118 -46 -14
3 4 63 79
-68 -38 -84
-39 -81
-61 -2 -21
-132 -2 -21
1 133 70 56 155
-65 -137
102 -19
-16 103
-158 -15
72 8 5
-150 -11 -86
-143 -68
-129 -56
-162 -151 -88
-18 -159 -38
148 27 90 139 47 159
81 2 132 21 59
-46 -128
-137 -45
-36 -5 -12 -99
80 84 135 154 12
-18 -85 -38
-53 93 46
-149 -3 -63 -17
-89 -151 -109
35 124
-115 140
-135 -12 -80
144 10 118 74 43
128 114 24 93 46
133 70 58 155 44
97 52 153 92 45
-89 -151 -8 -109
111 -70
1 133 58 155
-41 -63 -79
-157 73 26
-34 -11 -75
-14 -1 -18
1 14 58 110
-143 -70 -68
-94 -3 -78
50 147 151 8 89 109 9
17 103 79
-22 -128
-52 -45 -97
-104 44 155
112 133 70 56
148 85 90 75 139 159
-91 -62 -86
159 148 85 75 139 47
160 97 52 153 45
-137 -11 -75
-41 -3 -4 -79
81 2 132 59 61
-93 -14 -94
-162 -50
-35 -63
-27 -139 -85
-64 153 52
-156 8 72
72 8 90 148
150 39 91 11 62
-151 -50
1 133 56 58
-120 -68
125 -56
-12 -99
112 1 56 155 44
54 -12
29 -5
-147 -151 -8 -109
-117 -26 -137
-153 -97
-118 -46 -94
-139 -159 -90
-75 -139 -85 -90
-123 -38 -41
-18 -159 -145 -41
-27 -90
-147 -50 -72 -9
-35 -63 -19
17 3 4 149 41 79
-45 -27
-26 -130
-65 -26 -137
-80 -154
23 -144
112 1 133 70 58 155
-5 -12 -99
-50 -8 -109
-134 34 137
136 -2
65 137 73 26
-10 -93 -110 -94
-27 -159
101 -99
-24 -46
82 -35
-147 -151 -72 -109
104 -155
98 -97
-123 -159 -145 -149
-34 -11 -92
148 85 75 139 47
164 -149
81 147 132 86 39 89
-141 139 47
-10 -110 -94
112 133 70 58 155 44
17 66 6 79
1 133 56 58 44
-114 -24
-117 -65
-68 -84
-46 -94
-84 -154
-14 -94
-52 -92
-24 -93 -128
-118 -46
-148 -72 -5
142 -78
-149 -4 -79
-123 -85 -149
68 133 70 37 143
112 133 56 155 44
3 4 149 63
-123 -159 -38 -149
-10 -46 -110
-132 -59 -21
17 4 149 79 63
112 133 56 58 44
-89 -50 -72 -109
-75 -139 -90
112 133 56 58 155 44
34 27 137 11 92 45
-34 -62 -92 -27
-44 -155
106 -88
-123 -85 -38
-22 -162
15 -116
-22 -139 -162
-151 -8 -9
1 133 70 56 58 44
-34 -62 -92 -75
112 1 133 56 155
-18 -159 -149
-91 -62
-29 5
17 3 41 63 79
-89 -50 -9
-34 -92 -27
110 58 123 14
-133 -68
-97 -59
1 110 58 123 14
31 -24
-119 148 90
-52 -45
-24 -46 -22
50 147 8 89 72 9
82 -124
81 147 132 89
-89 -50 -72 -9
-56 -133 -155
17 3 4 149 63
-84 -12
-49 -141
34 11 75 27 92 62
147 86 39 89
-87 -151 -88
17 3 4 149 79 63
-144 -114
-27 -159 -90
-87 -151 -40
-79 -6 -103
137 34 117 73
-57 62 11
66 6 103 79
-47 -90
17 3 4 63 79
-137 -45 -75
-123 -85 -145 -149
3 149 41 79
112 133 70 155 44
40 42 88
-143 -70 -120
-123 -159
-78 -42 -6
-100 10 118
-76 18 123
34 11 75 27 92 45 62
89 50 147 151 72 9
136 -59
145 68 84 38 135
164 -41
83 -135
-149 -3 -63
-162 -88
1 58 155 44
7 -92
147 132 86
17 4 63 79
3 4 149 41 63 79
17 66 103 79
34 137 75 27 92 45
133 37 70 143
34 75 92 45 62
-75 -27
157 -26
81 147 132 86 39
-110 -1 -123
-10 -93 -110
112 1 70 58 155 44
-123 -85
-114 -93 -128
1 133 56 58 155 44
147 151 8 109
35 4 63
-27 -47 -148
127 -61
73 65 34 117 137
-105 -67
40 42 131
-137 -62 -45 -27
-98 -122
-76 -136
71 -91
128 22 24 93 46
65 34 117 137
148 85 90 75 27 139
50 147 151 8 72 109
133 70 56 155
112 70 56 155 44
17 3 149 79 63
66 131 6 42
-123 -38 -149
112 1 133 56 58 44
-128 -139
-89 -151 -72
112 133 70 56 58
-88 -40
-105 75 27
-18 -159 -145 -149
68 37 133 143
-62 -45 -27
72 90 148 5
3 149 41 63
145 18 149 85 38 41 123 159
-137 -11 -27
-118 -46 -110
-62 -39
-162 -151
85 27 75 139 47 159
-99 -116 -161
68 133 120 143
-1 -58
19 103
-95 -29
66 131 42 78
112 1 133 70 44
-3 -63 -79
133 70 56 58
-97 -36
-154 -161
-28 -52
-18 -85 -41
75 148 85 90 139 47 159
-51 38 145
81 132 21 59 61
1 18 58 123
-93 -110 -94
145 68 84 38 120
36 5 12 99
1 18 58 110
11 75 27 92 45 62
112 1 133 56 58
-73 -28 -52
-47 -162
-42 -6
-78 -42 -66
-85 -159
-127 61
17 4 149 41 79
77 -110
-160 -59 -36
-159 -145
-54 12
34 27 137 75 92 62
112 1 133 70 56 155
104 -44
-25 22 128
-5 -99
-128 -139 -162
-17 -79
17 66 6 103 79
50 147 151 72 89 109 9
161 154
-27 -139 -159 -148
-75 -139 -159 -148
-81 -21
-50 -72
-110 -58 -18
-27 -159 -148
-34 -137
-69 36
-131 -42
145 18 149 38 41 123 159
-79 -66
89 81 132 39
