-182 -92 -111
180 -186
104 -129
-67 -232 -126 -206
41 -214
-1 -104
148 39 55 138 12 222
224 129 208 8 169 74 24
-83 227
220 125 54 135
81 66 217 154 143
144 17 121 58
-13 -108 -40
-210 -27
-67 -160 -126 -206
160 232 67 20 199 56 206
192 39 138 12 222
3 85 10 172
-109 -165 -67
149 -9
133 134 55 232 201 42
226 191
186 188 37
-3 -119
81 154 97
-36 -106
-199 -160 -20 -56
-192 -12 -138
157 -10
-56 -148 -161 -59
-229 -214 -100
65 193 228 102 136 204
48 176 168
5 229 137 106
192 39 153 140
160 232 201 42 125
25 145 165
-46 -87
229 214 141 79
192 226 39 153 220
-52 148 12
127 -234
140 226 39 135 220
-30 -58 -203
-208 -74
192 226 220 135
217 49 143
-224 -8 -129 -208
24 129 235
-16 -31
-222 -30
-165 -25
-180 -87
-150 -108 -179
-103 -11
-184 -4
-210 -90
160 133 232 42 125
-54 -125 -220
220 54 42 188
97 187 163
-144 -121
-159 -103 -114
62 -161
160 133 134 201 42 125
219 -130
154 187 69
42 220 125 54
-79 -197
81 187 69 86
-55 -192 -222
-32 -214 -44
130 196 69 234 11 142
209 203 75 14
-59 -30 -58
160 67 232 56 206
-176 -168 -48 -224
160 133 55 232 42 125
-78 -110
33 -108
-108 -179
130 114 196 69 202 11
160 134 55 201 42 125
-74 -179 -209
130 163 235
-144 -58 -121
103 230 102 123 207
192 55 39 138 222
144 17 58 121 218
32 64 215 170 139 223
-2 -95 -124
-156 -90
83 -227
24 97 187
-133 -125 -160 -55
192 148 55 134 39 138 12 222
-139 -183 -201
64 172 215
-183 -133
228 102 103 123 207
-114 -130 -69
-228 -136 -65
-96 -169 -24 -74
154 187 69 181
114 230 103 11
65 193 228 102 136
-81 -143 -66
-45 -28 -182
67 199 56 126 206
228 230 123 207
38 -187
159 114 11 103
42 188 54 135
53 54 186 188
-2 -95
-45 -28
-84 -8 -78
-1 -146
46 -133
81 154 181
160 133 134 55 232 125
160 67 20 126 206
-40 -75
-55 -39 -148 -222
-218 -58 -121
96 168 176
130 114 202 234 11 142
202 69 86 154
-183 -165 -199
-186 -54 -37
-186 -54 -191
161 148 56 59 12 206
160 133 55 232 125
-132 228 102
-71 168
192 153 226 140
133 55 232 201 42
76 174 86
-150 -7 -40
160 133 232 201 42
130 69 202 234 11 142
140 226 39 153 220
-134 -192 -222
81 217 49 143
192 134 39 138 12 222
160 67 20 199 56 126
228 102 230 123 207
-233 -164
-74 -40 -75
49 66 217 154 143
171 -84
220 54 188 125
225 98 76
96 129 208 8 169 74
217 98 225
123 28 207
192 148 55 39 12
97 154 187
-165 -67
-10 -3
-45 -182
179 150 40 108 13
-38 97 187
192 220 39 135 153 140
-124 -173 -159
48 128 168
130 114 196 202 234 11
-66 -217
192 153 226 135
27 -137
202 187 69 154
-32 -79
81 202 181
-105 -161
-73 95
-109 -67
-194 230 103
-82 208 74
97 202 69 154
-56 -12 -161
133 134 55 201
160 67 20 232 56 126
-216 154 81
-163 -129 -187
-64 -32
160 67 56 126 206
192 148 55 134 39 12 222
-168 -84
-64 -215
-74 -179
-210 -93
160 67 199 56 126 206
-67 -232 -20 -56
48 130 235
217 98 66
114 196 69 234 11 142
230 103 123 207
96 129 208 8 169 74 24
212 -30
67 56 199 232 126 206
113 -25
-54 -42 -220
-154 -143 -217
-32 -214 -197 -13
35 -17
160 133 55 201 42 125
161 56 59 206
114 69 202 234 11
187 69 181 86
234 76 142
-170 -79 -150
130 114 196 69 202 142
220 54 135 188
-133 -42 -160 -134
-14 -9
-119 -136
160 133 55 232 201
-96 -169 -129 -74
160 133 55 232
96 129 208 8 169 24
192 220 135
96 129 208 24 8 74
-144 -58 -17
-175 11 114
134 55 232 201 42 125
-10 -172
-85 -173 -36
3 36 85 119
97 187 86
140 226 39 135 153 220
-96 -169 -24
53 54 186 188 191
53 54 37 188 191
-157 10 172
-47 64 215
-32 -13
96 48 176
-36 -136 -106
160 134 55 232 42 125
205 37 191
-72 -207
-5 -106
-25 -227 -145
-205 -168
160 134 55 201 42
192 153 220 135
153 226 140 39
-134 -12 -222
48 224 176 168
67 165 199 25 109
96 129 224 24 169
130 114 196 69 202 234 142
153 137 120 190
-206 -148 -59
81 202 69 181
81 202 187 154
140 226 39 220
-161 -68
-228 -102
228 230 103 123 207
96 129 224 208 24 169
130 114 196 202 234 142
-199 -232 -126 -206
81 69
-233 -62
-171 -27
-224 -8 -24 -74
-130 -234 -69
-172 -45 -85
-215 -170
-124 -159
130 114 196 69 202 234 11 142
151 -204
-214 -13
-218 -144
160 134 55 232 201 42 125
192 148 55 134 39 222
-153 -190
160 133 134 55 201 42 125
160 133 134 55 232 201 125
-108 -40
130 235 196
-201 -125 -160 -55
67 165 183 25 199 109
-109 -25
-15 -87
-145 -45
96 129 224 208 8 169 24
-179 -75
205 226 37
160 67 199 232 56 206
-37 -191
81 181 97
-118 -57
192 148 39 138 12 222
-215 -10
77 -205
-213 141 229
160 133 134 55 201 42
192 226 220
81 66 49 217 143
42 220 135
-124 -173 -159 -176
225 76 86
-184 190
-89 2
-177 86 181
155 -188
226 220 135
-24 -129
97 187 69 86
160 232 42 55
3 10 172 45
-75 -14
81 97 154 181
192 153 226
-119 -204 -5
-67 -232 -126 -56
221 -163
81 202 69 86
-178 -143
208 129 24 169 74
96 224 48 128
-36 -204 -5
160 67 20 232 126
96 224 48
114 130 69 202 234 11 142
96 224 168
133 134 55 201 125
81 181 86
107 -36
-114 -130 -202
-174 -181 -98
192 226 39 135
140 39 135 153 220
133 55 232 42 125
-233 -146
228 102 103 230 207
134 55 42 125
-145 -45 -28 -182
115 -126
81 154 49 143
-106 -137 -141
18 100 229 141 79
160 133 55 232 201 42
192 226 39 135 153 140
148 134 55 138 12 222
97 202 187 69
192 39 135 153
70 -134
81 66 217
160 133 201 42 125
-79 -150
-138 -44 -30
192 148 55 134 39 138 222
-119 -106
39 135 153 140
160 55 201 42 125
-136 -65
-159 -103
160 134 55 232 201 125
-99 -147
133 183 139 109 223
-82 -60
228 103 230 102
-105 -161 -68
-212 30
-53 -54 -191
-109 -199
163 196 235
-170 -197 -13
-233 -127
-101 100 18
-221 235 163
15 -67
80 -125
133 55 201 42 125
-100 -18
-59 -30 -58 -203
167 -193
-8 -169
-79 -44 -13
202 69 181 86
128 48 130
-121 -9
160 67 20 199 56 126 206
-67 -232 -20 -206
-103 -102
96 224 208 24 169 74
228 103 230 102 123
-232 -160
160 133 134 232 201 42 125
-228 -204 -65
81 49 143
97 154 187 86
157 -172
192 226 220 39
96 129 8 169 74 24
234 76 174
96 129 224 169 74
-170 -214 -197 -13
-33 7 108
-224 -96
-220 -226 -192 -153
101 -100
96 48 128 224 168
133 183 201 109 223
-231 179 40
-210 -87
114 130 69 202 234 11
-96 -129 -74
202 187 69 181
18 100 229 141
-172 -45 -3
-48 -130 -163
-206 -148 -161 -59
97 154 187 181
29 -128
36 5 119 136 106 204
-192 -12 -222
226 135 153 140
160 133 232 201 125
192 55 39 12 222
117 -160
97 202 187
-222 -197 -30
53 54 37 186 188
-102 -136 -65
118 -98
-49 -143
-150 -7 -179
188 220 54
-146 120
-223 -183 -201
-233 182
130 163
161 148 12 206
-190 -110 -19
-206 -12 -161 -59
49 178 143
-133 -42 -232 -55
-36 -136
148 59 12 206
-96 -169 -208
-1 -151
67 20 199 56 126 206
144 65 218 193
129 187 163
96 224 128 168
24 129
100 18 108
179 150 7 40 108 13
154 181 86
202 69 181
128 48
186 53
43 -5
-96 -8 -129 -208
-23 56 206
-25 -145
189 -69
166 -3
219 -196
226 39 135 153 220
-134 -39 -12 -138
1 -138
-170 -197
-32 -214 -197
160 232 67 199 56 126 206
-98 -217
35 -121
-139 -109 -133
-56 -12 -59
-153 -120
208 209 179 40 74 75
192 39 135 153 220
81 202 187 69
160 232 67 56 126 206
-133 -42 -160
-65 -218
-74 -209
192 226 135 153 220
185 -203
160 67 20 199 126
-13 -7 -179
-139 -183 -133
25 145 227 165
159 114 230 103
179 7 40 108 13
-106 -141
81 69 97 86
93 -140
188 54 42 220 125
124 173 159 176
207 123 102 103
81 154 86
-204 -65
-232 -126 -206
98 181 174
81 154
-228 -65
112 -75
187 69
-67 -160 -20
130 196 69 202 234 11
-141 -79 -18
48 163 235
-223 -183
-207 -230 -228
202 69 86
114 130 196 69 234 11
226 140 37
-104 24 129
81 187 69 181
-134 -192 -12
128 48 163
-137 -190
225 181 86
198 -145
63 -78
-206 -12
81 97 187 69
96 129 208 169 74
209 75 92 14
-173 -159
192 226 39 153 140
-18 -108
-170 -214 -44
-13 -40
228 102 230 123
175 -114
-196 -234 -69
-18 -7
129 8 169 74 24
192 55 134 39 138 12 222
-96 -8 -129 -74
-125 -42
2 53
160 133 134 55 232 42
8 169 84 78
97 154 69 181
-16 150 13
231 -179
-64 -172
32 64 215 170 223
227 72
-167 193 65
178 19 143
81 202 154
105 161 68
128 235 196
-139 -109 -201
-64 -139 -170
18 229 214 79
96 128 176 48 224 168
-65 -120 -218
162 -14
-153 -137
-3 -173 -119
37 186 188 191
96 129 8 169 74
-32 -214
133 134 55 232 201 125
-206 -12 -161
-137 -120 -190
-183 -67
-159 -103 -11
160 134 55 232 125
103 230 102 207
208 179 40 74 75
-220 -140 -192 -153
-123 -103 -228
61 -124
-203 -209 -14
-225 -217
96 129 224 208 24 169 74
-195 139 223
-222 -44 -30
192 148 55 12 222
140 226 153 220
192 226 135 140
3 85 10 172 45
81 154 66 143
-59 -203
192 226 220 140
-55 -39 -12 -138
49 217 154 143
67 20 199 232 126 206
-200 39 192
-25 -67
42 188 54
25 145 227
205 168 84
-215 -139 -32
96 129 24 169 74
-116 49 143
18 229 141 79
197 138 44 222
-176 -168 -128 -96
96 224 48 176
97 187
100 229 214 141 79
-144 -17
81 154 217 49
188 54 135 42 220 125
192 134 55 12 222
-64 -223
56 148 12 206
114 69 234 11 142
160 133 134 55 201 125
-114 -142 -69
-228 -136
97 202 69
-3 -173 -36
-11 -234 -69
-171 84
-109 -165
-88 -146
-13 -7 -40
-203 -75 -92
-82 -6
-92 -111
-28 -182
192 55 134 39 12
228 102 103 230 123 207
-9 -111
50 -68
234 174
-141 -229
-61 -80
-14 -111
160 67 20 199 232 126
134 55 232 42 125
-81 -49 -217
-159 -114
97 202 187 86
160 133 134 232 201
-229 -79 -18
-206 -12 -59
224 129 96 8 169 74 208 24
-176 -168 -48 -96
-188 -42 -220
-133 -125 -160 -134
-77 205
160 133 55 42 125
96 48 168 176
34 -123
-79 -197 -13
81 217 154 143
-209 -14
160 134 55 232 201
-203 -75 -14
-53 -54
37 53 186 188 191
67 20 56 199 232 126 206
96 129 224 208 24 74
-74 -179 -75
6 -44
81 154 143
128 163 235
18 100 229 214 79
-207 -230 -102
-134 -192 -148 -138
-91 -151
160 56 232 126 206
-134 -39 -148 -222
148 55 138 12 222
130 114 234 11 142
34 -207
-201 -42 -160 -134
4 -8
-150 -13
88 -76
-222 -197
164 -66
192 55 134 39 138 222
148 39 134 55 138 12 222
81 217 143
226 140
65 193 102 136 204
81 154 97 86
131 -176
-175 -151
3 36 85 119 173
-13 -108 -179
41 -79
81 66 49 143
-32 -79 -197 -150
-11 -196 -142 -69
160 67 20 56 199 232 126 206
-112 209 75
192 140 220 39
-97 -187
-99 152
-180 186 53
-190 -178
-120 -190
-220 -226 -192
189 -202
-218 -58 -17
-199 -67
96 224 8 169 74
-173 -159 -176
122 -109
-134 -192 -12 -222
-138 -197 -30
-32 -197 -150
-230 -114
96 208 8 169 74 24
-145 -182
-32 -197
192 148 55 138 12 222
123 228 230
-210 -89
16 -150
69 181
209 203 75 92 14
161 148 56 59 12
81 154 187 69
42 125 54
96 224 208 24 169 74 8
-84 -169
-141 -214 -18
-55 -148 -222
96 224 176
-186 -188 -191
96 129 224 24 74
177 -86
160 133 55 201 42
154 187 69 86
24 129 163
52 -12
100 141 214
116 -143
96 129 224 8 24 74
128 130 163
48 224 128 176
-221 -146
81 187 69
-79 -44
194 -230
160 133 134 201 42
121 9 111
-215 -139 -170
-191 -226 -205
72 123 207
73 -95
-182 -92 -9
-138 -222
-207 -103
-32 -214 -44 -13
96 129 224 8 169 74 24
-91 -219
96 48 128 176 224
-229 -214 -18
160 56 20 199 232 126 206
-207 -102
160 56 199 232 126 206
-126 -105
-136 -5
192 134 55 138 12 222
97 69 181
18 100 214 141 79
175 -11
160 133 134 55 232 42 125
21 -96
-153 -137 -120 -190
-170 -79 -197
161 56 59 12 206
202 187 181 86
-173 -36
81 187 97 86
-144 -58
-152 -126
-183 -25 -67
-170 -79 -44 -13
48 130 196
-224 -169 -129 -208
-10 -45 -85
-62 161
192 140 226 39 220
-61 124
133 232 201 42 125
229 137 106 141
-235 -163
37 191
-119 -204 -106
97 235 187
-26 -194
195 -139
-208 -179 -209
234 142
160 55 232 201 42 125
160 133 134 55 232 201 42 125
197 30 138 222
96 129 224 208 8 24 74
-34 123 207
97 202 86 154
-215 -139
52 -148
161 148 59 12
-214 -44 -150
195 -223
96 224 176 168
54 135 42 220 125
192 140 226 39 135 153 220
114 130 69 234 11 142
160 133 134 55 42
184 -190
-79 -197 -150
226 205 191
97 202 69 181
225 98 181
133 55 201 42
-233 -57
-214 -79
-46 201 133
-36 -204 -106
-15 -73
155 -54
140 205 191
-5 -229
-159 -230 -11
-64 -223 -170
-68 -234 -174
160 134 55 232
178 19 190
42 220 125
-11 -196 -234 -69
-197 -13
-201 -133
68 174
160 55 232 201 42
24 187 163
-64 -139 -32
22 -218
-199 -160 -206
-172 -45
-13 -7
-172 -3
233 -182
54 135 42 125
224 129 8 169 74 24
98 174
130 114 196 234 11 142
192 148 39 134 55 12
18 108 7
130 196 69 234 142
192 39 135 220
-27 137
-150 -108 -40
-170 -79 -44
68 174 76
97 202 69 86
96 208 8 169 74
-56 -12 -161 -59
-230 -103
160 134 55 232 201 42
-189 -146
153 220 39 135
-145 -28
67 183 25 199 109
4 -169
-32 -214 -44 -150
144 121 218 17
160 133 134 232 42 125
-204 -106
160 20 232 126 206
-216 -57
-172 -85
163 235
23 -206
81 69 97 181
160 232 42 125
-67 -160 -126
-102 -65
-208 -179 -75
192 220 39 153 140
48 128 176 168
-53 -191
-106 -229
130 196
133 134 55 201 42 125
160 133 201 42
134 55 232 201 125
-55 -39 -12 -222
130 114 196 69 202 234
81 154 187
96 128 176 48 168
226 39 135 220
-210 -151
81 97 187 181
160 133 134 55
18 100 229 79
-21 -146
21 -224
-72 -28 -207
142 76 174
-197 -150
96 128 176 224 168
81 181
178 19 110
121 17 111
-139 -109
70 -55
-72 -28 -123
-169 -78
96 129 224 208 74
-76 -174
-134 -39 -12 -222
160 133 134 232 201 42
-59 -30 -203
-11 -114
160 55 232 42 125
-203 -75
81 97 202 154
234 68
25 227 165
-85 -173 -119
-21 224 96
36 5 136 106 204
147 -28
-123 -103 -102
208 129 224 24 169 74
160 67 199 232 126 206
32 197 150 170 44 13 79
192 148 55 39 138 12
167 -65
97 187 181
-150 -40
142 68 174
144 65 193 120
211 -135
-204 -136
-36 -136 -5
-215 -32
96 129 224 208 169 74
-198 -73
200 -39
133 55 42 125
160 67 20 199 56 206
-182 -111
-170 -79
203 75 92 14
-11 -130 -69
192 148 134 55 138 12 222
-205 -84
160 67 199 232 206
-74 -75
81 202 181 154
-67 -232 -206
-124 -173
-223 -109 -133
-199 -160 -126 -56
148 56 59 12 206
-88 76 174
-11 -130 -142 -69
133 134 55 232 201 42 125
112 -209
-114 -130 -234
197 30 138 44 222
-85 -36
-95 -124
226 37 191
82 -208
178 190 110
-96 -129 -208
211 -220
202 69
-170 -197 -150
81 97 202 181
-128 -48
192 55 134 39 12 222
160 134 232 201 42 125
97 202 181 86
-109 -25 -199
-55 -192 -12
-39 -192
26 -105
-67 -126 -56
-30 -58
-224 -169 -129 -74
81 66 49 154 143
-209 -75
130 114 69 202 234
-124 -159 -176
148 55 134 39 12 222
130 114 196 69 234 142
-13 -108
-218 -121
234 142 174
37 54 186 188 191
-164 66 217
81 187 97
32 197 214 150 170 44 13 79
-156 37 191
-208 -40
217 66 143
160 67 20 199 126 206
156 -37
192 153 220 39
-123 -230 -102
97 187 69 181
133 134 232 201 42 125
114 196 69 202 234 142
-185 203
-169 -129 -208
-96 -169 -24 -208
-106 -137
49 66 217 143
146 -120
160 133 55 201
208 129 224 8 169 74
18 100 229 214 141
-224 -169 -24 -74
-147 28
-140 -226
96 129 224 208 8 169 74
160 67 199 126 206
166 -85
187 69 181
-139 -133
-55 -192 -12 -138
-96 -8 -24 -208
228 102 103 207
-50 68
130 69 202 234 142
-170 -44 -150
127 -142
48 130 163
-19 -178
160 20 56 126 206
-32 -197 -13
149 -111
-84 -169 -78
57 -58
-127 142 234
152 105 20 126
-223 -170
96 129 208 24 169 74
160 133 134 55 232
192 148 134 55 12
87 -45
-114 -196 -234 -202
160 134 232 42 125
-114 -234 -202
202 69 154
-57 58
49 81 217 154 143
145 45 28 182
-5 -137 -229
32 197 214 170 44 13 79
225 98
3 85 172 45
148 134 55 12 222
69 181 86
-96 -169 -74
-214 -197 -150
-123 -207
-102 -136
81 202 187
65 228 102 136 204
-131 -200
-170 -13
-208 -75
-94 153
-106 -137 -229
-4 8 169
187 181
81 154 217
160 67 20 232 126 206
-13 -179
8 169 78
130 114 69 202 11
-145 -45 -182
192 148 134 39 12 222
-154 -81
-137 -120
-224 -8 -129 -74
48 163
133 201 42 125
37 54 188 191
-7 -108
-208 -40 -75
210 -32
38 -97
151 -136
234 68 174
160 133 134 232 201 125
-183 -25 -199
36 119 136 106 204
-176 -48 -96
160 67 20 199 232 56 126
-109 -165 -199
-119 -136 -5
161 56 12 206
-25 -199
160 133 55 232 201 125
98 76 174
-170 -214 -150
-54 -191
-79 -44 -150
22 -144
76 174
-131 176
-178 -49
96 48 128 176
226 39 135 153 140
160 133 134 55 232 201 42
-32 -79 -44 -13
81 69 86 181
-51 159
33 -7
144 65 120 218
160 133 134 55 42 125
-10 -45 -3
-67 -126 -206
-100 -108
-139 -32
48 163 196
-130 -234 -202
-77 -151
-32 -79 -13
-70 134 55
96 224 8 169 74 24
160 133 55 232 201 42 125
-117 232 160
71 -168
-65 -120
76 181 86
-1 -29
82 -74
72 28 207
-225 -98
-44 -13
-58 -203
182 92 14 111
-170 -79 -44 -150
-214 -44 -13
-90 173
130 163 196
114 130 69 234 11
48 130
-114 -234 -69
-86 -181
95 152
130 114 196 69 202 234 11
133 134 55 201 42
-153 -120 -190
-91 59
213 -141
-203 -14
96 208 224 8 169 74
3 36 85 173
235 163
192 140 226 153 220
-32 -79 -150
-40 -209
160 133 232 201
-183 -165 -67
-6 44 197
192 148 55 39 138 12 222
-98 -66
160 67 199 232 56 126
-133 -42 -160 -55
97 187 69
107 -119
-32 -79 -44 -150
81 187 86
96 129 224 8 169 74
-7 -40
220 135 42 188 125
160 134 55 42 125
-15 199 67
160 133 55 232 42
202 187 181 154
-139 -223
59 30 58 203
97 154 187 69
-166 85 3
42 220 125 135
-148 -12
160 56 20 232 126 206
96 129 208 24 74
192 140 135 153 220
-93 140 226
129 163
32 197 214 150 170 13 79
97 235 163
-109 -25 -67
-190 -110 -178
228 102 123 207
164 -217
-134 -192 -12 -138
-142 -234
-223 -183 -133
192 153 220
116 -49
-121 -111
-110 -178
81 202 69 154
24 129 187
31 -110
-114 -196 -142 -202
-94 -151
90 -173
-36 -5
-32 -214 -197 -150
10 172 215
97 181 86
81 66 217 49
-61 -87
130 114 196 69 11 142
-55 -39 -222
133 55 232 201 42 125
182 9 92 14 111
-169 -129 -74
158 -72
-197 -30
81 187 181 86
-223 -109
130 114 196 69 234 11 142
231 -40
192 226 220 135 140
113 -165
156 -191
104 -24
-96 -8 -74
-224 -169 -24 -208
-193 -144
-220 -226 -39 -153
81 154 69
-211 135 220
-102 -204 -193
192 148 39 12 222
-135 -226 -192 -153
161 59 12 206
-105 -68
225 98 174
-44 -197
-224 -169 -129
96 48 128 168
-179 -40
160 67 20 232 56 206
18 229 214 141 79
160 133 134 232 42
-201 -42 -160 -55
-74 -40 -209
133 201 139 109 223
-175 -62
5 229 137 106 141
37 53 54 191
192 148 55 39 12 222
81 97 202 69
-30 -203
43 -106
180 -53
-95 -152
-79 -13
161 148 59 12 206
96 128 176 168
96 48 168
18 100 214 141
-92 -14
96 224 128 176
-223 -32
-124 -176
-122 183 109
-60 19 178
-36 -204
-109 -133
-199 -232 -20 -206
192 148 134 138 12 222
24 235 163
-11 -130 -142 -202
-214 -197 -13
2 95 124
134 55 201 42 125
-11 -130 -234 -69
96 224 48 168
-59 -58 -203
132 -102
169 84 78
-208 -40 -209
53 54 37 186 191
67 20 56 126 206
-193 -120 -218
-32 -44
-131 -151
96 48 128
-12 -161 -59
225 98 86
192 148 55 134 39 138 12
133 134 201 42 125
192 226 39 153
128 48 196
220 135 42 188
23 -56
96 129 8 169 24
-113 165 25
-206 -148 -161
-114 -196 -234 -69
-170 -44 -13
130 114 69 202 11 142
-3 -173
188 53 54 191
-67 -160 -206
-170 -79 -197 -13
105 20 126
46 -201
-91 -38
80 -42
208 129 8 169 74
-136 -106
-133 -125 -232 -55
81 154 187 86
-160 -126 -206
226 205
140 135 153 220
-229 -79
-39 -12 -222
-96 -24 -74
160 20 199 56 126 206
134 55 138 12 222
208 209 40 74 75
-152 -20 -105
-96 -8 -129
128 48 235
6 -197
-210 -71
-223 -133
192 226 140 39
97 187 181 86
-5 -137 -141
47 -215
-114 -130 -142 -69
202 69 181 154
133 134 55 232 201
-53 -54 -37
101 -18
-222 -44
1 -222
60 -19
16 -13
-114 -130 -234 -202
-2 -53
-134 -192 -148 -222
-120 -144
225 181 174
-229 -79 -100
-32 -150
-202 -69
192 148 134 55 138 222
226 220 140
81 69 181
-32 -214 -150
-3 -36
117 -232
154 187 181 86
129 187 97
-182 -14 -111
-215 -223 -170
-170 -214 -13
-228 -204 -193
54 135 42 188 125
187 69 86
128 130 196
81 97 202 187
-102 -136 -193
-63 78
-114 -196 -142 -69
130 114 69 202 234 142
192 140 39 135 220
-196 -130
129 187
-214 -197
153 220 135
160 133 232 42
192 226 39 135 140
-32 -79 -197 -13
-67 -160 -126 -56
-189 202 69
154 69 181
88 -174
182 9 14 111
48 128 176
-75 -92
133 134 55 232 42
192 134 55 138 222
-59 -58
37 53 186 191
208 129 8 169 74 24
160 133 134 55 201
98 174 86
-165 -227 -145
-17 -111
-141 -79 -100
-32 -44 -150
81 154 69 97
15 -199
81 154 217 66
-206 -161 -59
133 183 201 139 109 223
-199 -160 -126 -206
192 226 39 135 153
67 20 56 232 126 206
100 229 214 141
-223 -109 -201
192 226 39 135 153 220
226 140 205
192 148 134 55 12 222
160 42 125 55
160 42 134 55
118 -225
160 133 42 125
-85 -3
-114 -130 -142
160 133 134 42 125
56 59 12 206
130 114 196 234 11
-65 -144
192 55 134 39 138 12
32 197 214 150 44 13 79
225 76 174
-109 -201
-28 -207
192 55 138 12 222
72 123 28 207
202 187 69 86
160 134 55 232 42
-41 214 79
192 140 226 39 153 220
54 135 42 220
55 134 39 138 12 222
-119 -136 -106
-35 17 121
81 66 49 217 154
-70 -51
132 -228
99 -152
-55 -192 -12 -222
96 129 224 208 8 74
-23 -51
174 181 86
96 129 224 208 8 169
-114 -196 -234
-137 -229
140 226 220 135
129 163 97
36 5 119 136 106
154 187 181
-170 -214 -44 -13
81 187
130 114 196 234 142
48 128 176 224 168
97 154 181 86
-210 -155
-159 -230 -114
133 134 55 42
-170 -214 -44 -150
-160 -20 -206
-215 -172
192 148 138 12 222
160 67 20 56 232 126 206
-115 20 126
-55 -192 -148
134 232 201 125
-32 -44 -13
9 92 14 111
81 97 154 187
81 202 187 86
153 226 140
226 140 191
-210 170 32
91 -59
-32 -79 -197
97 202 187 181
-199 -160 -20 -206
98 181 86
-31 110
114 69 202 234 142
-29 128 48
160 20 199 232 126 206
-150 -108
-149 9 111
-183 -25
-55 -192 -138
96 129 224 8 169 24
81 154 69 86
209 179 40 74 75
-199 -160 -126
-124 -173 -176
-130 -142 -69
-55 -39 -12
81 49 66 217 154 143
202 181 86 154
186 53 54 191
144 65 193 120 218
94 -153
-55 -192 -148 -138
192 55 39 138 12 222
130 196 69 202 234 11 142
205 191
-133 -160 -55
-138 -197
-119 -36
152 20 126
192 39 134 55 222
-118 225 98
96 224 48 176 168
-69 -187 -181 -81
150 7 40 108 13
226 135 153 220
202 181 86
8 169 84
51 -159
194 -103
200 -192
130 114 196 69 234
81 154 181 86
-184 -6
216 -154
-67 -160 -20 -56
130 196 69 202 234
100 214 141 79
161 148 56 59
-91 -146
192 220 39
110 178 19 190
-32 -79 -44
-67 -232 -126
192 226 135 153 140
-133 -42 -55
-55 -39 -148 -138
81 202 181 86
-188 -54
18 100 229 214 141 79
216 -81
-145 -45 -28
163 235 187
81 202 86 154
160 67 20 199 232 206
192 140 226 135 153 220
-170 -32
47 -64
93 -226
60 -178
162 -92
114 196 69 202 234 11
98 181
-102 -204 -65
152 105 126
-233 -177
-170 -79 -197 -150
192 140 153 220
-11 -130 -234
-54 -42 -135
-53 -188 -191
153 226 220
-215 -223
29 -48
160 67 199 56 206
-219 196 130
48 224 128 168
-152 -126 -105
192 226 153 220
32 215 170 139 223
130 114 69 234 142
160 133 55 201 125
-20 -126
24 97 235
-185 -116
96 129 224 8 169
181 174
-63 -41
-53 -188 -37
-114 -130 -142 -202
-114 -130 -234 -69
160 42 133 55
160 134 232 201 125
81 187 181
133 134 55 232 42 125
-65 -120 -144
-103 -114
192 140 135 220
-133 -42 -232 -134
-59 -30
220 54 135 42 188
210 -170
-170 -79 -13
-199 -126 -206
-183 -109
-192 -148 -222
115 -20
-173 -176
-168 -48 -96
192 226 140
-87 45
-199 -232 -126 -56
-22 218 144
130 114 196 69 11
153 226 220 39
192 226 39
202 187 69
-74 -40
-81 -143 -217
-55 -12 -138
-45 -3
160 133 134 55 232 201
187 163
-227 -72
160 67 20 56 126 206
-223 -201
32 64 215 139 223
-58 -121
3 36 119 173
-55 -192 -148 -222
81 202 187 181
213 -229
202 187 181
81 66 217 143
89 -2
-80 125 42
-67 -160 -56
-210 -4
114 69 202 234 11 142
-160 -126 -56
81 202 69
160 133 134 55 125
18 100 214 79
81 154 69 181
161 148 56 59 206
181 86
76 181 174
160 67 199 232 126
140 37 191
129 235 187
-46 -73
-94 -71
192 148 134 39 138 12 222
130 114 196 69 202 11 142
192 226 220 39 135 140
-207 -103 -102
-96 -169 -129
97 202 187 154
-153 -137 -120
177 -181
98 76 181
-134 -55
-107 119 36
134 232 201 42 125
-207 -103 -228
81 69 86
42 220 54
192 226 39 135 220
154 69 181 86
67 20 199 126 206
160 133 232 201 42 125
-96 -8 -24 -74
-64 -223 -32
-135 -220
130 196 69 202 234 142
-193 -65
160 67 20 199 232 126 206
-182 -14 -9
-32 -214 -13
130 114 196 202 234 11 142
114 230 103 11 159
97 69 181 86
-162 92 14
-203 -209 -92
-233 -194
-17 -121
-205 -168 -84
42 188 220 125
-11 -130 -234 -202
-153 -137 -190
-170 -214 -197 -150
234 68 142
-145 -28 -182
220 54 135 188 125
-26 105
114 196 69 202 234 11 142
-102 -193
53 54 37 186 188 191
-224 -129 -74
37 54 186 188
-67 -160 -20 -206
-233 -151
-79 -18
221 -235
-8 -129 -74
192 148 134 55 138 12
192 153 39
161 148 56 12 206
81 154 187 181
106 5 229 141
-233 -115
192 39 135 153 140
-193 -120 -144
-96 -169 -129 -208
-55 -12 -222
-211 -90
-182 -14
-224 -169 -74
81 69 97
-43 5 106
-155 188 54
192 148 55 39 138 222
234 68 76
96 129 224 24 169 74
140 226 135 153 220
-159 -176
-67 -20 -206
133 134 232 201 125
187 181 86
-186 -53
66 217 154 143
-25 -227
129 235 163
-11 -196 -234 -202
-56 -206
-151 204 136
78 110
-229 -18
122 -183
42 188 125 54
228 230 103 123
96 224 208 169 74
24 129 97
-114 -196 -69
-169 -24 -74
220 54 135
-201 -42 -232 -55
-158 72
-1 138 222
-215 -223 -32
-228 -136 -193
-198 145
81 181 97 86
160 67 232 126 206
67 165 183 25 109
144 121 218 58
-170 -214 -197
-136 -193
-19 -143
-42 -160 -55
-2 -124
37 53 186 188
-102 -204
-50 -151
197 30 44 222
133 134 55 42 125
130 114 196 69 202
