99 102 40 106
-109 -14
-16 -99
-67 79
-16 -100
-51 69 27
12 -52
-12 52 7
-102 -94
-5 -3
91 -74
-105 -65 -116 -108
19 116 101
-8 -29
92 -41
8 105 74 75
76 -37
67 -79
104 116 101
-108 -60
40 106 102
97 115 70 28 13
4 45
-114 -44
52 6 7
25 52 97
48 98 84 21
-84 -20 -4
16 17 99 100 56 75
-108 -36
19 37 101
64 1 98 100 56
-43 -87
-44 95
-113 -20 -86
-94 -30 -32
47 -86
77 -100
58 -102
-29 -18 -35
53 -108
17 8 105 74 75
64 98 100 54 56
104 101 38
104 19 38
38 70 104 13
-45 -4
-19 -101
78 -20
72 11 28 71
-99 -17
65 18 116 37 74 108
83 -48
104 37 38
97 27 69
-103 -1
-35 -112
16 99 100 56 75
-50 -11 -79
27 52 69
-28 -97 -13 -115
-74 -65 -37 -108
-86 -85 -43
70 71 28 13
-74 -37 -108
109 -104
85 55 57 93 9
110 -61
83 -84
25 27
27 7
116 37 105 74 108
-94 -72 -32
65 18 116 37 105 74 108
-74 -116 -108
37 116 101
-61 -36
85 55 88 57 93
43 87
46 -45
61 6 7
-30 -11 -28
-29 -18
111 -32
-28 -70 -115
-86 -87
96 -11
42 -55
-22 -40 -99
48 4 45
43 45
39 -72
-113 -55
-72 -30
115 70 71 25 13
36 61
-88 -93 -9
-109 104 38
101 38
88 41 113 55
16 99 22 40 106
65 18 116 105 74
55 88 57 9
1 100 54 56
-86 -85 -87
-74 -18 -116 -108
-74 -65 -108
-97 -25
65 37 105 108
52 61 7
-34 93 57
105 74 75 17
-108 -36 -60
113 20 86
32 30 72 94
-100 -75
-115 -95 -21
40 102 22
68 -50
-53 108
-105 -116 -108
85 86 87 9
-10 -30
18 116 105 74 108
99 102 22 40
-105 -74
102 22
88 41 55
64 100 54
116 37 38
-99 -100 -75
85 55 88 9
-115 -41
25 69 7
97 70 25 28 13
104 116 38
97 115 25 28 13
28 30 71
64 56 100
65 18 116 37 108
-103 -27
-16 -100 -17
-115 -95 -21 -41
91 -105
115 70 25 13
23 54 103
27 69 103
-28 -25 -13
-15 60
-38 -116 -101
-79 -38
48 20 84 4
1 98 100 54 56
25 27 52
-71 -25 -70 -115
6 95 7
-18 -37 -108
-16 -56 -17
55 88 9 93 57
-32 -8 -29
109 -38
19 101
-77 56 100
-55 -93 -85
-62 65 18
97 115 70 25 13
-104 -38
72 28 30 71
-112 -57
8 17 75
65 18 116 105 74 108
48 98 64 21
64 1 98 54 56
26 -98
24 -1
-49 13 70
-1 -100 -64
114 -29
-99 -56 -17
116 101
48 20 4 45
-13 -38
116 37
-16 -100 -75
-107 -96
-74 -18 -116
16 102 22 40
8 17 74 75
-5 115
27 69 7
-11 -79
-46 45 4
71 11 28 30
-9 -43
88 85 93
-54 -100 -98
1 54 103
85 88 57 93
64 98 84 21
16 99 102 22 40 106
-89 35 112
3 -8
97 71 25 28 13
-103 -69
101
102 94
80 -85
42 -88
65 18 116 37 105 74
-92 -62
-74 -65 -116
40 99 102
-79 -70
19 116 38
-69 -27
8 105 74 17
24 -54
-55 -57 -85
-105 -65 -116
65 18 116 37 105 108
-94 -72
63 -17
-70 -104
11 28 30
-71 -28
104 19 37
-86 -9
-102 -106 -99
64 1 98 100
34 -57
72 11 30 71
112 57 35
-67 -77
-113 -20
-32 -29
40 16 99
116 38
89 -35
112 57 93
27 23 103
40 50
-14 21
16 99 102 22 106
85 55 88 93
72 11 71
-91 105 74
-105 -18 -108
-2 113
64 98 21
89 -112
80 -9
38 70 104 79
104 116 37
-89 -90
17 99 100 56 75
-70 -38
-59 -73
48 45 84 20
85 55 88 57 9
97 115 70 71 25
97 115 25 28
-88 -57 -9
107 -99
-30 -28
85 57 93 9
-20 -86
40 106 99
64 1 54
104 19 101
64 98 100
-75 -8 -74
-29 -112
30 72 10 94
115 71 25 28 13
19 116 37
-71 -25 -13 -115
64 98 56 54
33 -101
-73 23 103
-102 -40 -16
-36 -60
-102 -40 -99
-100 -17
88 113 55
65 18 105 74 108
-56 -75
48 98 64
8 17 75 105
48 84 20
112 65 18 29
31 -43
-28 -97 -70
-18 -116
-88 -55
66 -71
-91 -14
-47 86
97 115 70 25 28
32 30 10 94
-28 -25 -70
-10 -94
26 -64
27 69
-84 -48
97 115 71 25 28 13
61 95
-105 -18 -37 -108
18 116 37 74 108
48 4 45 84
112 65 18 35 29
-90 36
-98 -64
-31 43 87
64 98 54
-21 -41
-24 1 54
25 28 70 97
-54 -56 -64
-68 50
65 18 37 105 74 108
-30 -11 -71
-23 -103
1 100 54
-53 -2
85 88 9 93
112 65 18 35
-74 -18 -37 -108
58 -22
-68 -73
50 11 79
-10 -72 -32
52 61 95
-94 -30
71 72 11 28 30
7 61 95
-47 -15
5 -115
-63 -49
-79 -13 -104
64 1 98 54
-28 -25 -115
16 99 40 106
-50 -11
-7 -95 -61
19 101 38
-71 -97 -70 -115
-93 -57
-17 -75
-57 -9
-114 29
-32 -8
-13 -70
64 56 100 54
-75 -74
16 99 102 22 40
62 -18
-48 -4
-79 -70 -104
-106 -40
-23 -27
-33 -78
11 28 71
-105 -65 -37 -108
-72 -11 -28
-39 72 30
-65 -18
10 22
82 -106
-86 -9 -43
-29 -18 -112
-115 -95 -41
16 102 40 106
97 70 25 13
85 55 88 57 93 9
-25 -70 -115
64 1 56 54
-1 -54
-107 16 99
-81 97 25
64 1 100 54
72 11 30
38 70 13 79
64 1 98 100 54
48 64 21
82 -40
73 -103
25 27 7
40 16 99 22
17 74 75
-63 17 75
85 86 87 9 43
-28 -25 -70 -115
-29 -65 -35
-55 -57
65 18 116 74 108
-74 -18 -37
52 95 7
-9 -87
99 102 22
115 70 25 28 13
-94 -32
16 99 102
115 70 71 25 28 13
40 16 99 102
64 98 56 100
-85 -87
-82 106 40
-16 -75
-110 6 61
25 28 13 70
-88 -57 -85
-74 -18 -108
-29 -65 -112
-74 -116
16 99 102 106
61 7
8 105 74
-98 -21 -48
-26 98 64
-55 -9
97 71 25 28
115 70 71 28
-65 -116 -108
-105 -18 -116
99 102 22 40 106
-95 -41
16 17 99 100 75
97 115 70 25 28 13
115 70 25 28
-64 -21 -48
-3 8
-64 -21 -84
56 100 54
-113 -86
97 115 70 71 25 28 13
-103 -54
-58 22 102
-10 -30 -32
-42 88 55
-65 -112
65 18 37 105 108
116 101 38
1 98 100 54
-16 -56 -75
-37 -116
59 -10
59 -94
76 -116
48 64 98 84 21
-74 -65 -116 -108
8 17 105
8 74 75
112 18 35 29
-95 -21
57 85 9 55
48 84 21
97 52 69
32 30 72 10 94
-99 -100 -17
-78 20
18 116 37 105 74
65 116 37 105 108
32 8 29
27 52 7
48 64 84
95 7
106 99 102 22
16 99 102 22
16 102 22 40 106
40 106
-22 -102
-6 -61
60
52 7
45 4 20 84
-107 -73
64 1 98 100 54 56
-115 -95
-40 -50
61 6
-23 -54
115 70 71 25 28
113 41 55
25 28 70 71
85 55 88 9 93
49 -70
4 87
-79 -13 -38
-59 10 94
45 84 20
-17 -8 -74
66 -28
-64 -48
97 115 71 25 28
97 115 70 71 28 13
38 70 104 13 79
55 88 57 93
-28 -25 -13 -115
-48 -20 -4
85 88 57 93 9
45 4 20
-115 -21
-41 -113 -88
55 57 93 9
46 -4
-99 -75
97 70 71 25 28 13
-55 -93 -9
-105 -18 -116 -108
25 7
107 -16
97 27 7
65 37 105 74 108
52 69 7
-41 -55
39 -30
73 -23
-55 -57 -9
110 -6
25 97
-95 -21 -41
51 -69
52 61 6
61 6 95
-52 -7
48 64 84 21
51 -27
115 95 21 41
-79 -70 -38
-99 -100
-27 -25 -7
-35 -57
15 -60
-75 -8 -105
-74 -18
108 36 60
48 20 4 84 45
-99 -56 -75
-66 71 28
-76 37 116
90 -36
97 52 7
115 70 71 28 13
64 1 100 54 56
97 115 70 71 28
-28 -97 -70 -115
115 70 28 13
25 27 97
48 4 20
-71 -25 -70
85 87 9 43
56 98 100 54
18 116 37 105 74 108
49 -13
64 1 56 100
77 -56
97 115 70 71 25 13
-74 -65 -37
115 71 25 28
64 98 48 84
12 -7
97 70 71 25 13
-111 32
-105 -18 -37
65 116 37 105 74 108
10 94
72 28 30
81 -25
63 -75
14 -21
105 74 75
72 11 28 30
-80 85 9
31 -87
97 70 71 25 28
65 18 116 37 74
48 84 4
-83 84 48
25 27 69
-56 -100
-112 -93
-30 -32
34 -93
-92 41
-99 -56
-86 -9 -87
-41 -113 -55
70 71 25 28 13
102 22 40 106
81 -97
44 -95
64 98 100 54
16 99 102 40 106
98 84 21
97 70 71 28 13
97 115 70 25
-18 -35
97 69 25
-54 -100 -64
-4 -87
-85 -9
-48 -20 -45
62 -65
97 25 7
-111 -81
37 101 38
-18 -112
86 87 9 43
-33 19 101
40 106 99 22
97 115 70 71 25 28
2 -113
25 52 7
104 38
-96 11
-50 -79
-115 -21 -41
33 -19
-42 -90
-18 -116 -108
