83 8 28 30
-63 -85 -67 -27
32 83 8 28 30
32 106 28 30
1 17 67 27 28 63
-87 -58 -4
-112 4 51
89 81 34 119 120 121
-96 -73 -71
16 121 51 113
91 -111
16 92 38
32 67 106 28 30
32 83 8 74 30
-25 -110
65 57 27 111
89 121 34 119
-96 -24
80 97 100 39 55 14
-56 1 85
29 -110
-38 -121
-31 -90
81 34 120 121
16 113 121
113 41
-28 -8 -30
-68 34 119
18 -39
39
32 97 33 74 75 14
16 92
32 67 8 106 28 30
89 38 119 120 121 44
32 97 33 89 74 75 44
-36 -6 -116
67 83 8 106 28
81 34 38 119 120 89 44
94 -67
-88 3
121 4 38
89 81 34 38 121
-17 -85 -67 -65
90 3 31
8 67 28 30
-37 14 97
76 -6
54 -107
81 34 119 120 44
32 74 106 30
32 67 83 8 106 28
-32 -28 -83 -106
86 -103
121 51 92 38
115 -79
65 27 110
-16 -70 -33 -17
32 67 8 106 30
34 119 9 58 108 62
45 -62
68 -34
16 51 38
34 119 120 89 44
16 33 17 70 75 92 63
32 97 89 74 75 14
-63 -1 -67 -65
-99 -35
118 -81
97 100 39 55 14
-44 -75 -97 -32
-6 -93
-71 -93
96 82 7 22 102 11
53 -73
32 97 33 74 75 44
-41 -3
-85 -28 -27
-63 -1 -28 -27
-32 -8 -30
81 119 89 44
114 40 25 106
-89 -33 -14 -32
-75 -33
65 27 111
-107 -102 -78
34 38 119 121 44
32 97 33 74 75
59 23 103
40 116 77
-72 65 27
105 -8
33 89 75 44
34 38 119 89 44
16 33 70 75 92
-107 -102 -36
-92 -70 -33 -17
65 67 85 27 28 63
117 -114
65 17 67 27 28 63
34 38 119 120 44
-33 -97 -32
81 34 121 38 119 120 89 44
-22 -96
80 97 100 39 14
-78 -93 -116
-36 -93 -77
-1 -85
-47 -7 -59
32 33 74 75 14
-16 -33 -17
32 97 74 14
121 51 92 113
116 93 6 77 78
121 51 38
-87 -9 -51
-34 -119
-109 -66
12 -11
16 121 51 4
51 4
-106 -25 -40
-89 -33 -97 -32
81 34 119 121 44
1 65 67 85 27 63
32 97 33 89 75 44
-58 -51
89 34 38 119 120 121 44
61 -32
32 97 75 44 14
116 93 36 6 77
32 83 74 8 106 30
-32 -67 -8 -30
97 89 44 14
1 65 85 27 63
48 -100
97 89 74 75 44 14
32 97 75 33
-44 -33 -97
-63 -85 -65
36 93 6 77
-30 -110 -114
81 38 119 120 121
83 100
99 -41
32 67 74 28 30
-16 -70 -33
16 113 4 92
-16 -70 -75 -17
32 67 74 28
32 97 89 44 14
121 38 113
103 23 73 26 59
69 -70
16 121 4 38
-54 107
32 33 74 44 14
116 36 6 78
120 81 89 119
16 113 38
33 97 89 75 44 14
-119 -121 -81 -89
16 121 51 38
32 67 74 106 28 30
19 -23
81
-74 -28 -8 -106
-48 100 55
120 34 44 119
16 121 4 92
81 44 38 121
89 34 38 119 121
-63 -85 -28 -65
16 33 70 92
16 33 17 70 63
1 3 85
56 -85
83 106 8 74 28 30
16 113 92 38
33 97 75 44 14
16 33 17 75 92 63
17 1 67 85 27 28 63
-58 -108
13 -30
73 26 23
66 -102
104 -89
32 83 67 106 74 30
-63 -67 -27
36 77 6 116 93 78
-102 -36
15 -33
-36 -6 -77
112 -4
120 81 44 121
-12 -69
68 -119
1 3 85 90 31
32 97 33 74 14
32 67 106 74 28
-91 57 111
-21 -46
-88 -53
32 67 83 8 74 28 30
34 38 119 121
33 17 75 63
81 34 38 120 121
119 120 89 44
-41 -70
25 27 110
16 70 92 63
1 17 65 27 28 63
32 97 33 44 14
1 3 31
-7 -102
-27 -57 -110
114 25 106 110
-63 -28 -27
81 121 44
16 121 38
34 38 119 120 121
32 83 67 8 106 28 30
113 51 92 38
33 97 74 75 44
-58 -62
38 81 121
80 97 100 39 55
-44 -33 -97 -74
16 51 4 38
81 34 38 119 120
121 34 81 89 44
-79 -98
107 36 102 22
10 82 47 7
1 65 67 85 28 63
-7 -11
82 7 103 59 47
-58 -108 -119
89 121 44
116 93 36 77
83 67 106 8 74
114 40 25 106 110
32 67 83 106 28 30
89 81 34 38 120 121 44
-7 -22 -96
81 121 119 89
-11 -71
114 30 25 106 110
12 -96
32 67 8 106 28
83 67 8 28 30
-78 -93 -77
38 119 89 44
121 44 119
24 93 6 71
16 33 70 63
-66 22 102
-14 -97
10 59 103
16 121
89 81 38 120 121 44
-32 -28 -8 -106
89 44 119
-36 -93
-47 -10
-74 -32
121 34 89 44
97 39 55 14
-58 -108 -34
89 81 38 119 121 44
83 67 8 74 28 30
81 38 119 120 44
32 97 89 75 44 14
-72 -46
-74 -67 -8 -30
81 34 38 121
10 47 87
100 39 55 14
-11 -73 -71
119 9 58 108 62
116 78 6
33 70 75 63
65 67 85 27 28
32 67 28 30
-16 -75 -63
1 67 85 27 28
34 38 119 44
89 81 119 120 121 44
-9 -51
67 83 106 74 28
-64 78 36
-26 -71
40 114 110 30
-16 -33 -63
-80 -97 -55
32 106 8 74 28
32 97 74 44
32 67 83 8 28
113 51 38
38 119 120 89 44
32 33 75 44 14
-50 47 10
43 -9
33 97 74 44 14
81 34 38 120 44
17 1 67 65 85 27 28 63
32 89 74 75 44 14
89 44 121 119
65 25 27 110 57
108 62
81 34 89 44
114 40 25 106 30
25 106 114
65 57 110 111
10 82 7
80 97 39
121 4 113
16 33 17 70 75 92
-85 -67 -27
-77 -40
81 34 38 89 44
32 33 89 74 44 14
-71 -79
34 38 120 121 44
121 51 113
-82 -102 -11
89 81 34 38 120 121
89 38 119 121 44
116 6 93 78
121 34 120 89 44
-39 -97 -100
-106 -30
113 51 92
65 67 27 28 63
25 110 111
49 -17
-96 -73
116 93 36 77 78
100 55
-85 -90
16 121 92
16 51 92
6 71 93 79
-9 -108 -119
-32 -67 -83 -30
-48 -76
107 102 22
81 34 121 119 89
34 119 120 121 44
16 121 92 113
81 44 38 119
81 34 119 120 121 44
83 67 106 74 30
32 97 33 89 74 75 44 14
33 97 89 75 44
32 83 8 74
1 90 85
104 -44
-63 -1 -67 -27
33 17 70 63
89 121 44 38
-17 -85 -28 -65
81 119 120 121 44
-7 -22 -11
81 34 38 119 89 44
32 33 74 75
-105 83 8
97 33 89 74 75 44 14
117 -40
32 33 89 75 44
17 1 85 28 63
-96 -73 -24
16 121 4
17 1 65 85 28 63
1 67 85 28 63
32 8 106 30
83 67 8 74 28
65 17 85 27 28 63
16 17 70 75 63
16 121 51
103 10 59 47
32 67 83 106 8 74 28 30
16 33 75 92 63
32 83 67 8 28 30
-2 -51
121 34 119
33 97 75 44
82 103 10 59 47
103 23 26 59
81 38 120 121 44
59 103 47 7
65 17 67 85 27 28
81 34 121 44
80 97 100 55
-17 -85 -67 -27
89 81 34 119 120 121 44
32 33 89 74 75
83 8 106 28 30
-87 -58
16 4 38 92
-32 -28 -8
-108 -62
89 34 38 120 121 44
16 17 70 92 63
97 33 89 74 75 14
67 85 27 28 63
-87 -51
45 -108
89 119 120 121 44
-117 114 40
121 113
16 51
2 51 87 9 58
114 30 40 106 110
-107 -22 -36
65 25 27 110
56 -1
-11 -26 -24
32 67 106 8 74 28
-82 -96
25 57 27 110
8 83
114 40 25 110
97 14 55
-44 -33 -32
1 90 85 31
16 113 4
82 7 103 10 59
106 8 74 28 30
66 -22
-103 -73 -23
-62 -20
32 97 33 75 44
89 34 119 120 121 44
32 97 89 74 44 14
96 71 73 26 11
17 1 67 85 28 63
-5 38 121
17 67 85 27 28 63
114 30 40 25 106 110
121 34 44 119
32 97 33 44
-119 -121 -120 -44
-92 -16
-90 -57
16 121 92 38
-67 -28
73 26 59 103
-58 -119
5 -38
-76 6 93
-1 -28 -27
-22 -102
81 34 38 119 121 44
-92 -70 -33 -63
16 17 92 63
81 34 119 120 89 44
-87 -4
-109 92 16
65 27 110 57
32 97 33 89 74
89 81 44 121
-7 -96
101 -116
32 67 74 8 106 30
36 6 93 78
1 65 67 85 27 28 63
32 97 33 89 44
32 33 89 75 44 14
81 34 119 89
65 1 85 27 28 63
82 7 10 59 47
-2 -87
32 97 14 33
-44 -75 -97 -74
21 -31
-24 -93
-11 -73 -24
33 17 75 92 63
32 97 89 74 75 44
32 97 33 89 75
96 71 24 73 26 11
67 106 74 28 30
-2 -9 -4
-96 -26 -24
-16 -70 -33 -63
89 34 44 119
78 77 93 36
17 65 67 85 28 63
34 44 119
89 81 34 120 121
-4 -51
-89 -44
33 97 75 14
32 83 67 8 30
30 40 106 110
16 70 75 92 63
-17 -85 -27
1 90 3 85
-17 -1 -28 -65
65 17 67 85 27 28 63
-63 -85 -67 -65
81 44 119
32 89 74 75 44
80 39 55 14
32 83 67 106 8 74
-82 -102
-82 -7
17 1 65 85 27 28 63
16 33 70 92 63
7 10 59 47
-17 -1 -67 -27
32 97 33 89 75 14
51 4 38 92
81 34 119 120 121
121 92 38
-74 -28 -83 -30
-84 24 71
13 -106
81 121 120 89 44
17 65 67 85 27 63
-11 -26 -71
120 81 44 38
81 34 38 119 120 121 44
16 33 17 75 92
32 83 106 8 74 28
5 -121
-78 -6 -77
72 -65
57 27 25 111
38 121 92 113
32 97 89 74 75 44 14
32 89 74 75 14
116 6 77 78
-63 -85 -28 -27
-10 -82 -59
-77 -114
65 25 57 110 111
-85 -28 -65
121 38 119 89
53 -26
81 34 120 89 44
112 -51
-13 106 30
121 4 38 113
34 119 58 108 62
16 113 51 92
-10 -7 -103
-80 -39
81 34 119 121
97 33 89 74 44 14
16 113 51
89 74 75 14
81 38 119 120 121 44
30 40 25 106 110
32 97 33 89 75 44 14
-24 -6 -79
16 4 92
-100 -55
34 119 120 121
89 38 120 121 44
32 97 33 74 44
49 -63
-119 -121 -81 -44
10 2 87
-9 -119
35 -7
-114 -40
16 17 70 63
103 7 10 59 47
81 34 44 119
96 82 7 22 102
32 8 74 28 30
-58 -62 -34
-96 -26 -71
32 97 33 89 74 75
81 34 38 119 120 44
32 67 8 74 30
-31 -111
46 -98
32 8 74 30
71 24 93 79
57 110 27 25 111
73 59 103
-92 -70 -75 -63
81 34 38 120 89 44
82 59 103 7
78 107 102 22
81 38 119 120
73 59 103 23
67 83 106 28 30
1 65 85 27 28
83 8 74 28 30
52 -95
50 -10
89 81 34 38 119 121 44
-71 -6 -79
16 33 17 70 75 63
51 4 87 9 58
82 59 7
89 81 34 38 119 121
33 97 89 44
-87 -9 -4
-30 -40
-118 120 81
36 102 22 107 78
-2 -9 -51
43 -58
61 -74
67 83 8 28
36 93 6 77 78
33 70 75 92 63
76 -93
17 1 65 67 85 27 63
-58 -34
67 106 8 74 28 30
20 62
60 -87
17 1 85 27 63
34 119 9 58 62
109 -16
32 33 89 44 14
73 26 59
65 85 27 28 63
81 34 38 119 44
90 3 85 31
32 33 89 74 75 44 14
17 85 27 28 63
97 89 74 44 14
57 90 111
32 67 83 106 74 28 30
57 27 110 111
-16 -70 -75 -63
32 97 33 74 75 44 14
-96 -26
-63 -28 -65
-69 70
-120 -81
81 34 38 119 120 121
121 51 92
32 83 67 8 74
16 113 51 38
97 100 55 14
81 34 38 119 89
32 8 28 30
80 97 100 39
81 34 119 120 89
-106 -110 -114
-45 108 62
120 81 44
116 36 6 93 78
-82 -22 -11
17 1 65 85 27 63
116 36 6 77 78
81 34 120 121 44
-42 113
32 33 74 75 44
32 89 74 44
83 106 8 74 30
81 121 38 119 89
83 8 106 30
-96 -71
-10 -7 -59
113 51 4 92
-82 -22 -96
32 67 83 8 74 30
73 59 23
-70 -3
33 97 89 75 14
34 38 121 44
-73 -71
121 51 4 92
33 89 74 75 44
37 -97
-119 -38 -81 -44
-93 -77
32 83 67 28 30
109 -92
32 97 33 89 44 14
113 51 4
1 17 67 65 27 28 63
83 67 106 8 74 28
32 97 33 89 14
89 81 34 119 121 44
83 67 106 74
-82 -102 -96
89 34 38 119 120 121
89 34 38 121 44
10 59 103 7
10 103 82 7
33 17 70 75 63
33 97 89 44 14
17 1 67 85 27 63
-3 -85 -90
-3 -1 -90
81 38 119 121 44
-65 -27
32 83 8 106 28
36 22 107 78
48 -55
-17 -63
97 89 75 44 14
80 97 14 55
16 33 75 92
-49 17 63
81 121 44 119
-19 23
80 100 39 55 14
-94 67 28
80 97 39 55 14
32 97 33 75 14
38 119 120 121 44
-63 -1 -28 -65
-95 -20
8 55
33 17 70 75 92 63
33 89 74 75 14
-36 -93 -116
-57 -111
103 23 73 26
94 -28
1 65 67 27 28 63
8 106 28 30
52 -20
32 97 74 75 44 14
16 33 17 63
-51 -113 -121 -16
97 33 89 74 44
32 97 33 74 44 14
97 100 14 39
81 38 119 89 44
-92 -33 -63
-9 -62 -119
-104 89 44
-116 -77
83 67 8 106 28 30
34 38 119 120 121 44
120 121 44 119
82 7 103 10 47
80 97 100 55 14
-12 11 96
-30 -110 -40
121 51
32 97 89 44
32 67 8 28 30
16 51 92 38
97 100 39 55
35 -82
-59 -26 -23
-65 -111 -110
-26 -73
81 38 120 121
23 98
30 25 106 110
16 33 92 63
-87 -58 -51
81 38 119 120 89 44
80 100 39 55
1 3 90 31
81 34 38 119
89 81 34 38 121 44
-17 -1 -28 -27
89 34 119 120 121
82 103 7 10 59 47
10 59 82 103
-2 -58
121 51 4 38
32 83 67 8 74 28
16 113 4 121
-41 -70 -3
-11 -96
-43 9 58
-63 -85 -27
90 31 111
97 89 74 75 14
-101 116 77
81 38 119 121
-44 -97 -32
-86 103 59
97 39 55
-89 -75 -97 -32
96 82 102 7 11
114 25 106 30
-17 -28 -27
-18 80 39
16 33 17 70 75
32 74 8 106 30
32 83 67 106 74
32 97 33 89 74 75 14
107 36 102
17 65 27 28 63
81 34 38 119 121
121 51 38 113
97 100 55
89 81 38 121 44
81 34 38 120 121 44
-115 79
97 14 39
17 67 85 28 63
32 67 8 28
51 4 38
96 7 22 102 11
-90 -111
-53 26 73
-83 -8
-115 -94
17 65 85 27 63
120 81 119
79 98
10 47 7
32 97 74 75 14
-17 -85 -28 -27
118 -120
-63 -85 -28
65 27 110 111
32 97 44 14
-7 -102 -96
96 71 24 73 11
-32 -28 -8 -30
-44 -33 -97 -32
105 -83
-15 75 33
32 33 74 44
32 8 74 28
82 10 59 47
33 17 70 92 63
32 67 8 74 28
116 93 6 77
-49 -84
16 113 4 38
-35 82 7
32 97 74 75 44
2 51 4 87 9 58
32 97 33 89 74 14
32 97 33 89 74 44 14
1 17 67 85 27 28
81 121 119
32 67 106 8 74 28 30
16 33 70 75 63
86 -59
81 34 38 119 120 89
81 121 119 120 89
89 120 121 44
32 97 89 75 44
80 55 39
-16 -70 -63
-63 -85 -67
32 74 106 28 30
1 65 17 85 27 28
16 33 17 70 92 63
32 67 74 106 30
16 33 17 75 63
-34 -121 -81 -44
-39 -97 -55
-9 -58
-30 -110
-9 -62
25 27 110 111
17 1 85 27 28 63
18 -80
-7 -22
65 25 27 111
121 51 4 113
89 81 44 38
83 67 8 106 30
-87 -9
89 74 75 44 14
78 36 102
-74 -28 -8 -30
-58 -62 -119
89 81 44 120
57 110 111
-9 -62 -34
114 30 40 25 110
-46 98
81 119 120 44
-7 -102 -11
84 -24
67 83 106 74 28 30
-59 -73
-9 -108 -34
81 34 38 121 44
-24 -71
32 83 67 106 8 74 28
-113 -41
-102 -96
32 97 33 75 44 14
83 67 106 8 74 30
-104 -66
-61 -76
29 -25
32 83 106 74 30
-3 -85 -31
10 82 59 7
33 89 74 75 44 14
27 110 111
50 -47
-62 -34
32 67 83 106 74 28
-93 -79
-27 -111 -25
32 89 74 44 14
32 83 8 28
16 113 51 4
32 67 8 74 28 30
121 38
32 83 8 106 28 30
-61 74 32
89 81 34 120 121 44
67 106 28 30
-11 -73
89 81 38 121
33 97 74 75 14
72 -27
81 34 119 89 44
16 51 4
121 92 113
10 59 47
16 33 17 70 92
100 55 39
88 -3
-106 -110 -40
32 33 74 75 44 14
38 119 121 44
-44 -33 -14 -32
16 113
101 -77
65 1 67 85 27 28
81 34 120 44
78 107 36 102
116 36 77 78
64 -36
57 27 111
36 102 22 78
37 -14
107
-71 -6
-2 -10
41 70 3
-99 41
-62 -119
32 67 83 8 106 30
-71 -93 -79
23 73 26 59
83 67 106 8 74 28 30
32 74 28 30
-39 -14 -55
65 25 27 110 111
81 34 119
-36 -77
17 65 67 1 85 27 28
-55 -8
32 97 89 74 44
113 51 4 38
32 83 106 8 74
17 1 65 67 85 28 63
32 83 106 8 74 28 30
32 83 67 74 28 30
32 97 74 33
-70 -33 -63
32 83 74 28 30
-102 -11
16 17 75 92 63
108 95
80 97 39 55
-2 -58 -51
-116 -40
81 38 119 120 89
-108 -119
81 119 120 89 44
36 102 22
-89 -33 -97 -74
120 81 121 119
-29 25 110
10 59 7
107 36 78
1 3 85 31
82 59 47 7
40 114 77
-32 -28 -83 -30
17 67 27 28 63
-87 -10
78 107 22
32 83 8 30
81 121 119 89 44
26 23 103
51 4 92
32 97 33 89 74 44
90 3 85
21 -90
89 38 119 120 121
84 -71
-103 -59
120 81 121 89
6 71 24 93 79
121 34 119 89 44
120 121 44 38
1 85 27 28 63
-78 -36
16 51 4 92
60 -2
32 83 8 74 28 30
59 103 7
16 113 92
89 81 34 38 119 120 121
2 51 4 87 58
-2 -58 -4
32 83 8 74 28
-44 -33 -14 -74
64 -78
90 85 31
32 33 89 74 44
15 -75
32 83 106 28 30
32 33 89 44
32 33 75 44
121 4 38 92
67 8 74 28 30
-63 -1 -27
96 71 24 73 26
32 106 8 74 28 30
40 25 110 30
-24 -93 -79
80 97 14 39
-23 -98
81 121 38 119 120 89
16 33 70 75 92 63
-27 -111 -110
91 -57
-44 -75 -14 -32
16 33 75 63
121 38 119
65 25 110 111
-30 -25 -40
65 57 27 110 111
-18 -66
81 34 119 120
-110 -40
-30 -25 -114
16 121 51 92
16 17 70 75 92 63
-73 -24
81 38 120 89 44
1 67 85 27 28 63
32 8 106 28 30
97 33 89 74 75 44
32 97 89 74 14
89 81 44
-58 -4
121 4 113 92
20
89 81 38 120 121
-21 31 90
32 97 74 44 14
-32 -28 -30
-60 2 87
65 57 27 25 111
34 38 119 120 89 44
33 97 44 14
-87 -47
32 33 89 74 75 44
121 44 38
89 81 38 119 120 121 44
-17 -85 -28
16 33 17 92 63
89 34 38 119 121 44
16 33 70 75
20 95
33 97 74 75 44 14
32 83 74 106 28 30
114 40 106 30
32 83 8 106 30
-63 -1 -28
67 8 106 28 30
120 81 121
120 121 38 119
32 83 67 74 28
-52 95 20
42 -113
113 51
16 113 38 121
10 103 47 7
32 33 89 74 75 14
-32 -67 -8 -106
-59 -73 -23
33 89 75 44 14
65 25 57 27 110 111
121 51 4
32 67 83 106 8 74 30
57 110 25 111
