25 19 12 23
17 50 51 36 12
25 19
3 23
-10 -52
53 14 31
25 50 41
32 13 14
-43 -5
10 19 52
52 15 7
19 25 3 23
3 22 23
-18 23 3
51 43 36
11 -52
10 39 15
-55 -26 -13
38 17 22
3 19 12
25 42 19 12
17 50 51 12
17 50 12
25 50 19 41
39 7 10 15
25 19 41
50 51 36
42 19 12 50
-50 -3 -19 -25
-42 -52
-8 53
-38 -22
25 3 41 23
17 50 36 38
-49 -4
25 42 19
3 25 19 12
3 50 19 12
-16 51 36
9 34 14
3 44 22
42 3 50 23
9 53 14
35 -17
24 3 22
-6 2 43
-32 -14
25 50 3
25 50 19 12
2 43 30
42 19 50
48 -12
41 50 19 23
25 50 41 23
25 42 12 50
24 44 22
25 42 3 41
54 -32
25 50 12 41
-42 -19
17 51 36 38
41 3 12 23
1 -39
15 52 39 7
25 50 3 41
52 7 10 15
-17 -51 -50
-29 31 9
50 19 12 23
17 51 36
25 19 12 41
52 39 7
50 36 12
50 19 23
50 3 12
25 42 3 50
-35 38 17
52 39 7 10 15
17 36 38 12
19 3
-44 -22
25 42 3 12
-36 -2
46 -19
9 34 31
-11 10 52
-54 32 13
3 41 19 23
50 12
9 34 53
3 25 19 41
41 50 12
37 -14
32 26 13
41 50 3 23
-22 -3 -24
24 3 44 23
47 -7
25 3 12
25 42 19 23
25 42 19 41
53 14
16 -36
6 -2
-24 -33
2 43 36
11 -10
25 50 12 23
15 39 7
-9 -14 -53
42 3 23
-28 44 22
19 42 3 23
-38 -36 -50
25 42 3 23
25 50 12
3 19 23
-17 -44
3 42 19
42 19 23
-22 -23 -24
3 41 19 12
50 12 42
37 -34
24 3 44 22
-12 -50
42 3 12 23
-52 -7
40 -33
43 5 30
54 -13
2 43 5 30
19 25 42 3
49 -24
50 3 23
50 51 36 38
-13 -34
-19 -10
34 14 31
24 3 22 23
8 -53
41 42 12 23
18 -23
25 50 19 23
-36 -43
-44 -3 -24
17 51 36 12
41 3 23
9 53 31
25 3
17 50 51 36
-39 -53
-43 -30 -5
-22 -3
13 55
41 42 19
39 53
-47 15 7
33
50 51 36 38 12
26 13
-10 -7 -39
17 50 12 38
25 42 41
25 42 12 41
25 42 50 23
41 50 19 12
9
-2 -43
-34 -14
24 3 23
-27 5
3 25 50 19
34 53 14
35 -38
27 -5
25 19 12
10 52 15 39
-17 -36 -12
41 42 3 23
41 50 3
25 12 41 23
-40 33
42 12 50 23
-48 12 50
17 50 51 36 38 12
50 51 36 12
9 31
55
25 42 19 50
25 50
25 50 23
3 42 19 12
29 -31
19 41 42 3
-1 39
-13 -14
19 50 3
-20 -21
4 -26
32 26 55
2 43 5
-17 -22
41 50 19
16 -51
17 50 36 38 12
42 19 50 23
50 12 23
34 14
50 3 12 42
20 -41
50 3
-52 -7 -39
22 23 24 44
-41 -25
-49 24
20 -25
-21 30
41 50 19 42
41 50 3 42
50 19 12
-26 -30
26 30
17 36 38
-2 -30 -5
17 50 38
19 50 3 42
26 55
25 42 41 23
25 19 41 23
9 14
50 3 42
25 41 23
42 19 12 23
6 -43
-15 -7
17 51 36 38 12
25 41
41 50 3 12
41 50 12 23
-37 34 14
-51 -43
25 50 42 41
32 13
-19 -52
-20 41 25
-51 -36
19 41 3
-23 -3
24 33
17 50 51 36 38
50 36 38 12
17 50 51 38
-38 -17
47 -15
25 50 3 23
25 42 3
5
9 14 31
25
42 19 52
25 3 12 23
-11 -21
29 -9
17 44 22
-52 -15 -39
34 13 14
3 12 23
50 3 12 23
42 19
41 42 19 23
45 -55
42 19 12
18 -3
52 39 7 10
17 50 36
32 13 55
41 42 19 12
25 3 41
-46 42 19
50 19
24 44 23
25 3 23
3 22 23 24 44
17 50 36 12
26 13 55
25 12 41
19 3 12 23
-32 -13
48 -50
17 50 51 38 12
25 42 50
7
10 52 7
3 25 19
-17 -36 -50
21 -30
3 41 50 19
3 44 22 23
25 50 19
-4 26
28 -44
28 -22
46 -42
10 52 39
3 50 19 23
41 50 12 42
-45 55
9 53
-43 -30
25 50 3 12
-31 -9
25 3 12 41
25 19 23
