3 9 19
-16 -2
16 9 3
-13 4 16
-14 7
-18 6 19
16 19 6
8 2
-11 1
5 -2
7 17
1 19
16 19 4
-19 -9 -16
16 9 3 4
16 3 4
3 19 6
-17 -2
-19 -3 -4
10 3
-6 -3 -16
16 3 4 6
-4 -16
3 19 4 6
16 3 4 6 9
16 9 19 4
16 19 3 4
-12 17
18 -6
16 19 3 6
10 3 7
16 4
3 19 4 6 9
9 10 3
-9 -3
16 3 4 19 6
10 7
-19 -3 -16
16 3 19 6 9
9 3 7
16 9 3 6
13 -4
14 -7
16 9 3 19
13 -16
16 3 19 4 9
5 -8
18 -19
-20 10
-10 -3 -7
16 3 19
17 2
9 3
-1 -19
16 2
20 -10
11 -1
16 9 19 6
-8 -2
3 7
12 -17
19 6
3 9 19 6
-5 8 2
3 9 19 4
-7 -17
8 4
16 19 4 6
-1 -10
15 -9
-15 9 3
1 10
16 3 19 4 6 9
15 -3
9 10 7
16 19 4 6 9
-6 -19
