-56 30 70
-9 -83
-70 -10 -21
51 10 13 79 15
-86 -52 -48
2 68 37 57 46
9 2 5 46
-18 -7
41 5
-5 -82
10 90 62 79
36 8 42 12 15
-70 -79
51 90 10 79 15
56 -70
80 10 62 90 79 15
80 90 13 62 15
80 51 10 90 13 79
32 -9
75 7 90 11 62
55 -88
89 36 57
-51 -80 -79 -90
80 51 10 13 62
51 10 15 62 79
11 90 75 52
-65 42 8
51 10 13 62
31 -85
65 -42
63 -7
-8 -70
80 51 79 62 15
80 51 10 13 62 79
-25 57 89
16 -60
80 51 90 62 10 79 15
-13 -80
80 10 79 15
80 10 90 13 79
-21 -86
51 36 88 8 12 15
9 2 46 41
80 90 15 13 79
78 52 86
-73 -67 -53
-20 -43
51 36 88 12 15
-17 -69
-67 -17
80 51 10 79 15
25 -89
52 7 11 90 75 62
10 90 13 79 15
-30 -79
-12 -8 -51
-77 -47
51 8 42 12 15
10 79 90 62 15
21 85 86
2 5 41 9
9 83 20
28 -1
-38 82
22 14
-8 -15
89 68 37 46
-67 -4
-88 -36
51 36 88 8 42 15
-74 -34
36 88 8 12 15
-70 -21
-17 -69 -14
51 88 42 12 15
80 51 10 90 13 62 15
65 -8
-51 -80 -79 -62
1 50 69 14
80 51 90 15 79
82 83 73
25 -57
-53 -69 -50
1 18 85 54
80 90 10 79
51 10 62 90 13 79 15
-27 13 80
-90 -75
-21 -85 -86
81 -62
21 70 10 79
17 50 69 14
-15 -80 -79
24 33 22
52 7 11 62
-57 -89
2 68 37 89
84 -15
27 -80
80 90 15 62 79
56 -30
19 -21
-12 -8 -15
36 88 8 42 15
-36 -12 -42 -51
-5 -46 -9
45 -5
-82 -73
-62 -75 -11
7 90 75 62
-15 -80 -10 -62
33 22 87
18 85 69
-60 -22
73 17 67 4
60 22
80 90 62 15
2 68 37 89 46 57
-79 -21
80 51 90 13 79
51 36 8 42 12 15
-6 -63
39 -86
50 60
-82 -83
-66 2 46
-21 -85
88 89 36
-15 -80 -79 -62
-53 -17
-69 -85 -18
-87 -22 -24
-82 -83 -73
-75 -52
-43 -24
-48 -49
48 86
80 10 13 79
2 37 89 46 57
36 88 8 42 12
51 88 42 12
90 75 52 7
-46 -89 -68
80 90 15 13 62 79
-43 -49
33 60 22 87
-85 -86
68 37 89 46 57
17 67 4 53
80 10 90 15 13 62 79
-6 87 33
89 2 37 57
-80 -79 -90
-7 -75
-17 -1 -14
-62 -90
-24 -49
-1 -85 -18
-33 -22 -24
70 8 30 47
-43 -24 -49
41 2 9
80 10 90 13 15
-42 -8
80 10 13 79 15
-33 -60 -24
17 1 69 53
10 30 70 79
71 -79
-36 -12 -42 -15
-54 -75
80 51 90 10 62 15
-61 -27
1 50 53 69 14
80 51 90 13 62 15
-36 -12 -8 -15
80 51 90 15
24 33 60 22
-5 -2 -9
17 1 69 53 14
16 -22
89 37 57
8 42 77 30
-53 -69 -14
1 50 53 14
-68 -37
80 51 15 79
6 -33
-17 -14
80 51 10 15 13 62 79
24 33 87
-36 -42 -15
89 37 46 57
10 90 13 62 79
-36 -12 -8 -51
1 17 50 69 14
-61 43
-3 49
41 5 9
-69 -18
-90 -7 -52
68 89 46 57
-32 9
1 85 69 54
80 51 90 10 15 13 62 79
-2 -89 -37
-64 11 52
89 2 37 46
59 -77
70 8 42 77 30 47
24 60 87
-47 -42 -70
-73 -4 -53
80 51 90 13 15
8 42 77 30 47
-5 -46
44 -53
75 52 90 11 62
-15 -13 -10 -90
-59 77 47
1 50 53
33
51 10 90 62 15
61 -43
-90 -52
11 52
40 -78
76 -50
-36 -12 -51
70 8 42 30 47
-53 -1 -14
-4 -53
80 51 90 10 15
80 51 90 15 13 79
-89 -88
-36 -8 -51
33 60 22
-47 -8 -70
80 51 10 90 62 79
51 36 88 8 42 12 15
-88 -12 -8 -51
-35 83
26 -4
51 36 88 8 15
-90 -7 -11
26 -67
-36 -12 -15
63 -75
-70 -79 -21
64 -11
23 -24
-44 53 17
51 90 10 13 62
-10 -79
51 36 8 12 15
80 10 90 79 15
80 90 13 62
80 51 90 10 13 79 15
41 2 5 46
24 60 22
33 22 87 24 60
51 62 90 79 15
-36 -8 -15
80 90 13 62 79
-77 -8 -70
-73 -4
-18 -75
-62 -7 -52
-15 -79 -90
80 10 90 13 62
-16 60 22
51 10 15 13 62 79
51 90 10 62 79
48 49
-71 10 79
79 90 13 62 15
52 7 75 11 62
-9 -20
6 -87
51 90 62 15
9 5 46
1 85 69
71 -10
44 -17
48 52 86
59 -47
11 52 78
51 10 13 62 79
80 51 10 90 13 62
-12 -43
11 52 86
51 90 79 15
7 11 75 62
51 90 10 13 79 15
70 8 42 77 30
52 7 75 11
-41 -46 -9
1 18 69
89 46 57
-36 -12 -8
51 88 8 42 12 15
80 51 90 10 79 15
80 51 62 13 79 15
51 36 8 42 88 12
29 -73
1 18 85 69 54
57 2 37 46
-15 -80 -79 -90
-87 -33
80 10 90 13 62 15
80 90 13 79
70 8 42 30
80 51 90 62 79
17 69 53 14
70 8 77 30 47
72 -18
-40 78 48
80 10 90 13 62 79
-9 -83 -20
17 67 4 53 73
-4 -17
-20 -12 -43
80 15 13 62 79
48 11 86
-20 -12
17 50 53 14
89 2 46 57
37
80 90 13 15
-47 -42 -30
-15 -13 -79 -90
2 5 9 41 46
-17 -1 -50
-14 -22
81 -90
80 10 90 15 13 79
89 68 37
-61 -63
80 51 10 13 79
55 -36
33 87 24 60
-90 -75 -52
17 50 1 53 14
-36 -42 -51
-51 -80 -10 -90
-73 -4 -17
48 52
24 33 22 87
80
52 86
-26 67 4
90 75 52 62
80 51 90 10 13 15
52 7 90 11 62
-78 -48
-45 41 5
66 -46
34 -20
-88 -8 -15
-50 -14
48 78
79 90 62 15
50 14
-36 -15
51 10 13 62 15
-41 -5
-30 -70
17 50 1 53
51 90 13 79 15
-34 20
80 51 90 13 62 79
48 52 78
-77 -8 -30
48 11 78
1 50 69 53
74 -68
-61 -31
-36 -12 -42
51 90 10 13 62 15
-15 -80 -90
27 -13
80 90 15 79
3 -49
-88 -12 -42 -15
18 85 54
-30 -79 -21
-69 -14
-90 -75 -11
51 90 10 13 62 79
52 7 90 75 62
28 -69
89 2 68 46
51 36 88 42 12
80 10 13 62 79
-62 -75 -52
-15 -13 -79 -62
18 85 69 54
80 51 90 15 62 79
2 68 89 46 57
2 68 37 46
51 36 88 42 12 15
82 5
74 -37
-23 24
-39 86
-31 85
20 12 43
21 70 10 30 79
52 90 11 62
58 -12
-58 12
-57 -36
-88 -12 -8 -15
-89 -36
-47 -8 -30
-47 -70
80 51 13 79 15
-55 88 36
-46 -57 -37
-72 54 18
41 5 46 9
80 62 10 13 79 15
-88 -42 -15
80 51 90 15 13 62 79
2 68 37 89 46
51 36 8 42 15
-77 -42 -70
80 51 10 13 62 15
80 10 90 62 15
-47 -8
1 85 54
48 78 86
-11 -52
51 10 15 79
43 24 49
80 13 79 15
24 60 22 87
-69 -85 -54
-88 -12 -42 -51
-81 62 90
45 -41
-76 50 14
11 62 7
18 75 54
80 51 13 15
-73 -67 -17
-63 7 75
-88 -12 -15
89 2 46
89 37 46
-30 -10 -21
72 -54
70 8 42 77 47
68 37 46
57 68 37 46
17 50 1 53 69
-70 -10
47
-73 -17
80 51 10 90 79
51 8 42 88 12
-36 -8
51 62 90 13 79 15
36 88 8 42 12 15
-12 -42 -15
84 -51
-88 -12 -8
80 51 13 62 15
-28 1 69
30 21 70 79
-29 73
18 69 54
10 79 90 13 62 15
35 -83
9 2 46
10 90 79 15
80 51 90 10 13 62 79
73 17 4 53
2 5 46
64 -52
42 77 30
18 75 7
-33 -22
-83 -20
70 8 77 47
-54 -18
4
41 5 46
70 42 77 30
17 50 1 69 53 14
2 37 46
8 42 77 47
38 -82
-15 -80 -10 -90
80 51 90 62 15
-6 -31
51 10 62 90 79 15
-19 21
75 52 7 90 11
-1 -69
-83 -73
-88 -8 -51
48 11 52
80 51 10 13 79 15
-84 51 15
-81 -31
42 77 30 47
-51 -15
-74 68 37
7 90 11 62
1 17 69 14
-2 -46
-46 -89 -37
70 77 30 47
70 42 77 30 47
2 68 37 89 57
40 -48
76 -14
80 10 90 62 79
-17 -69 -50
51 90 13 62 15
80 51 90 13 62
1 18 69 54
80 51 10 13 15
80 62 10 79 15
-51 -13 -79 -90
66 -2
80 51 62 10 79 15
17 50 69 53 14
1 18 85 69
89 68 37 57
80 90 62 79
70 8 42 47
