-23 -26 -29
18 11 12
-32 25 15
19 -13
26 29 14
11 31
3 23 7 26 29
-14 -3 -29
-30 18 11
13
7 29 14 23
25 15
6 -29
25 7
26 5 21
-11 -23
-4 -28
35 11
26 14 23
-8 -31
26 3 29 14
11 12 31
11 14 23
-10 -34
-18 -14
29 15
-18 -11
-9 2
3 7 23 26 29 14
22 -3
-27 10 34
-22 3 26
17 -5
-25 -15
26 3 21
-13 -5
-11 -14
33 -23
8 18 12
-7 -29
30 -18
-19 20 13
-36 4 28
17 -21
-14 -26 -29
7 26 29 14
30 -11
-21 -26
2 37
33 -14
3 23 7 29 14
7 23 26 29 14
32 -15
8 31
-13 -21
26 3 14 23
18 11 14
1 -8
19 -20
8 11 31
1 -31
-12 -35
3 29 14 7
24 -35
-16 37
-20 -21
-21 -3
27 -10
35 31
21 20 13
35 12 31
18 35 12
24 -12
8 12 31
9 -2
16 -37
-5 -26
23 7 26 29
15
35 12
18 11 31
21 5 13
18 35 31
-3 -26
-29 -15
-6 7 29
3 23 26 29 14
8 35 11
-1 -17
-33 23 14
26 3 14
28
26 3 29
29 14 7
8 18 11
27 -34
3 29 14 23
18 11
3 7 26 29 14
-23 -14
35 11 31
23 26 29 14
3 7 26 14
26 7 14 23
36 -28
32 -25
3 23 26 29
26 29 7
29 7
11 35 12
-20 -13
29 14 23
37
-9 -19
2 35
35 18 11
31
36 -4
8 35 12
26 3 29 7
3 7 23 26 14
-35 -2
8 18 31
-35 -11 -31
-24 12 35
34
-2 -37
8 35 31
-17 5 21
-14 -26 -7
6 -7
22 -26
-5 -21
-1 8 31
