35 18 11
35 11 31
18 35 12
22 -26
37
-14 -26 -7
25 7
30 -18
3 7 23 26 29 14
31
-25 -15
26 29 7
-23 -14
-21 -26
26 3 21
3 29 14 23
8 11 31
8 18 11
-30 18 11
-18 -14
18 11 31
-1 8 31
35 12
8 35 31
-23 -26 -29
34
-1 -17
-18 -11
-20 -13
-21 -3
8 18 31
-19 20 13
26 3 29 7
-14 -3 -29
8 18 12
11 31
26 7 14 23
-2 -37
-36 4 28
-29 -15
-5 -21
26 3 29 14
3 23 26 29
1 -31
3 7 26 14
-6 7 29
3 7 23 26 14
26 3 29
3 23 26 29 14
13
29 15
-5 -26
29 14 7
-12 -35
-35 -2
-13 -5
9 -2
2 37
25 15
-13 -21
-3 -26
18 11 12
3 23 7 29 14
3 29 14 7
17 -21
26 3 14
-9 2
27 -34
7 29 14 23
6 -7
26 29 14
8 35 12
-4 -28
23 7 26 29
11 12 31
1 -8
-35 -11 -31
-32 25 15
21 5 13
32 -25
17 -5
16 -37
36 -4
-16 37
-14 -26 -29
-20 -21
8 31
18 11
26 3 14 23
30 -11
19 -13
6 -29
2 35
29 14 23
-10 -34
11 14 23
-24 12 35
18 11 14
-22 3 26
21 20 13
32 -15
33 -14
23 26 29 14
-9 -19
8 35 11
3 7 26 29 14
-8 -31
19 -20
-27 10 34
22 -3
36 -28
33 -23
-17 5 21
35 31
26 5 21
28
18 35 31
35 11
-11 -23
24 -12
24 -35
3 23 7 26 29
15
35 12 31
-33 23 14
-11 -14
7 26 29 14
8 12 31
-7 -29
11 35 12
7 23 26 29 14
27 -10
29 7
26 14 23
