-13 4 16
16 9 3 4
16 9 3 6
1 10
16 19 6
3 9 19
14 -7
16 19 3 4
-4 -16
-16 -2
9 10 3
16 9 3 19
9 3 7
16 19 4
-19 -3 -4
16 3 4
3 9 19 6
16 3 19 6 9
-8 -2
-20 10
12 -17
-19 -9 -16
10 3
16 19 3 6
16 3 19
16 3 4 6
16 3 4 6 9
-7 -17
18 -19
19 6
-10 -3 -7
7 17
9 10 7
16 3 19 4 6 9
10 3 7
16 9 3
16 9 19 6
5 -2
-14 7
13 -16
-1 -10
-9 -3
-15 9 3
-6 -19
-1 -19
18 -6
3 7
16 19 4 6
20 -10
-18 6 19
1 19
16 3 4 19 6
3 19 4 6 9
-19 -3 -16
10 7
16 2
3 19 6
13 -4
16 3 19 4 9
11 -1
16 9 19 4
3 9 19 4
8 4
9 3
15 -3
-11 1
8 2
16 4
15 -9
-6 -3 -16
-5 8 2
-12 17
17 2
16 19 4 6 9
3 19 4 6
5 -8
-17 -2
