1 : ((0, 3, 5), (4, 3, 5))
2 : (((0, 1, 2), (4, 1, 1)), 1)
3 : (((2, 4, 2), (2, 6, 4)), 1)
4 : (((4, 3, 5), (4, 5, 2)), 1)
5 : (((2, 2, 2), (2, 4, 2)), 1)
6 : ((2, 6, 4), (6, 6, 3))
7 : (((2, 6, 4), (6, 6, 3)), 1)
8 : (((0, 3, 5), (4, 3, 5)), 1)
9 : ((0, 1, 2), (4, 1, 1))
10 : (((2, 0, 4), (6, 0, 4)), 1)
11 : (((0, 3, 5), (0, 6, 2)), 2)
12 : (((0, 1, 2), (0, 3, 5)), 1)
13 : (((2, 0, 4), (2, 2, 2)), 2)
14 : (((0, 6, 2), (2, 6, 4)), 2)
15 : (((6, 0, 4), (6, 6, 3)), 2)
16 : ((4, 1, 1), (4, 3, 5))
17 : ((2, 2, 2), (2, 4, 2))
18 : (((0, 3, 5), (0, 6, 2)), 1)
19 : ((2, 0, 4), (2, 2, 2))
20 : (((2, 0, 4), (2, 2, 2)), 1)
21 : (((2, 2, 2), (2, 4, 2)), 2)
22 : ((2, 4, 2), (2, 6, 4))
23 : (((0, 6, 2), (2, 6, 4)), 1)
24 : ((0, 1, 2), (0, 3, 5))
25 : (((6, 0, 4), (6, 6, 3)), 1)
26 : (((2, 4, 2), (2, 6, 4)), 2)
27 : ((2, 0, 4), (6, 0, 4))
28 : (((4, 3, 5), (4, 5, 2)), 2)
29 : (((2, 6, 4), (6, 6, 3)), 2)
30 : ((0, 3, 5), (0, 6, 2))
31 : (((0, 3, 5), (4, 3, 5)), 2)
32 : ((6, 0, 4), (6, 6, 3))
33 : ((0, 6, 2), (2, 6, 4))
34 : (((2, 0, 4), (6, 0, 4)), 2)
35 : (((0, 1, 2), (0, 3, 5)), 2)
36 : ((4, 3, 5), (4, 5, 2))
37 : (((4, 1, 1), (4, 3, 5)), 1)
