67 20 199 56 126 206
81 202 187 86
192 140 226 39 135 153 220
161 59 12 206
128 130 196
160 56 20 232 126 206
-96 -8 -74
-59 -30 -203
228 230 103 123
192 39 134 55 222
-206 -148 -161 -59
192 140 226 39 220
160 133 134 55 125
97 235 187
96 224 48 128
82 -74
81 69 97
-120 -144
-56 -206
38 -187
-169 -129 -74
-64 -223 -32
224 129 96 8 169 74 208 24
53 54 37 186 188
81 69 97 181
96 129 224 208 8 169 24
81 66 49 143
71 -168
230 103 123 207
24 129 235
192 153 220 135
192 55 134 39 12
-3 -173
-20 -126
-165 -227 -145
-25 -199
-67 -232 -20 -206
154 187 181 86
192 226 140 39
-164 66 217
161 56 59 206
-109 -67
160 133 55 232 201 125
174 181 86
160 133 134 232 42
-97 -187
81 181 97 86
-139 -109 -201
-45 -28 -182
-199 -232 -126 -56
160 133 134 55 232 201 42
-10 -45 -3
-96 -169 -24
69 181
-46 201 133
-134 -39 -12 -222
97 187 69 86
-124 -173 -159 -176
-180 -87
-80 125 42
192 55 134 39 138 12
153 226 220 39
81 202 181 154
-182 -14 -9
-145 -45
-102 -204
-114 -234 -69
133 134 55 232 201 42 125
192 39 138 12 222
81 202 187
-204 -65
160 133 232 201
-64 -223
129 235 187
-145 -28 -182
-73 95
-183 -165 -199
48 128 176 224 168
-55 -192 -222
24 129 187
-211 135 220
-167 193 65
192 55 39 138 12 222
100 214 141 79
-205 -84
160 134 55 232 42 125
-81 -143 -217
140 226 39 135 220
-206 -148 -161
97 69 181 86
-36 -204 -106
-225 -217
145 45 28 182
96 48 128 224 168
-207 -103
-67 -160 -126
-227 -72
192 148 134 55 138 12 222
192 148 55 39 138 12 222
198 -145
160 133 55 201
160 133 232 201 125
160 55 232 201 42
38 -97
130 114 196 69 202 234
144 121 218 58
87 -45
96 224 176
-74 -209
-186 -188 -191
55 134 39 138 12 222
-170 -214 -150
96 208 8 169 74 24
-134 -55
-153 -137 -120
123 228 230
160 133 134 55 232 201 42 125
160 67 20 126 206
192 148 55 39 12
18 229 141 79
113 -25
155 -188
121 17 111
-131 176
-182 -14 -111
228 102 123 207
234 76 174
-32 -79 -197
-199 -232 -20 -206
-229 -79 -18
73 -95
-210 -89
25 145 227
-32 -214 -44 -13
98 76 174
-47 64 215
98 76 181
62 -161
160 133 134 232 201 125
37 191
192 226 135 153 140
-89 2
160 133 134 201 42 125
4 -169
188 53 54 191
-11 -130 -234 -69
81 187 97 86
-120 -190
160 133 134 55 232
-139 -223
209 203 75 92 14
82 -208
81 97 154 181
234 68 76
-229 -214 -18
98 174 86
-119 -136 -106
35 -17
181 174
-96 -169 -208
161 148 59 12 206
128 235 196
-224 -8 -24 -74
-223 -183
228 102 103 207
-138 -44 -30
-119 -136 -5
-61 124
192 226 39 135 140
-152 -20 -105
-224 -96
148 55 134 39 12 222
160 42 133 55
96 129 208 169 74
-32 -214 -44 -150
-203 -75
161 148 56 59
-170 -79 -197 -150
36 5 119 136 106
76 181 86
192 55 134 39 138 12 222
-158 72
-189 -146
91 -59
160 67 20 199 232 126 206
-96 -24 -74
-55 -192 -148 -138
-183 -109
-86 -181
68 174
-48 -130 -163
98 174
144 65 120 218
-74 -75
160 42 134 55
24 129 97
140 135 153 220
96 224 48 168
-133 -160 -55
-206 -12 -161 -59
-43 5 106
-84 -8 -78
96 129 224 8 24 74
-134 -192 -12 -222
72 123 28 207
160 134 232 201 42 125
77 -205
-225 -98
48 163
134 55 232 42 125
220 125 54 135
-208 -40
-233 -177
93 -226
160 67 20 199 56 206
217 98 66
-75 -92
-194 230 103
81 69
187 69 181 86
31 -110
96 129 224 208 24 169
-107 119 36
24 129
132 -228
-3 -173 -119
96 48 128 176
192 140 135 220
-115 20 126
81 49 143
192 55 134 39 12 222
130 114 196 69 202 234 11 142
140 37 191
-215 -223 -170
-173 -36
96 208 8 169 74
81 154 181
-13 -40
-233 -115
209 179 40 74 75
96 224 168
-102 -193
234 142
-74 -179 -75
-106 -137
-5 -106
-15 -73
96 48 168
-154 -143 -217
97 154 187 86
-32 -79 -197 -150
161 148 12 206
-233 -151
-182 -92 -111
-124 -173 -176
192 153 220 39
220 54 188 125
-205 -168 -84
42 188 54
186 53 54 191
178 19 190
48 163 196
-165 -67
-67 -232 -206
160 134 55 232 201 42
217 66 143
-93 140 226
202 69 86 154
81 202 181 86
97 202 187 69
212 -30
-223 -183 -133
-208 -74
-32 -44
81 202 69 181
-141 -79 -18
-207 -103 -102
96 129 224 208 24 74
164 -66
-204 -136
-152 -126
-19 -143
160 67 199 232 206
81 202 69 154
-76 -174
-208 -40 -75
213 -229
-11 -196 -234 -69
130 114 196 202 234 11
32 197 150 170 44 13 79
-114 -196 -142 -202
-153 -190
29 -128
-100 -108
-49 -143
-59 -30
-210 170 32
157 -172
-207 -230 -228
76 174 86
-55 -39 -12 -138
-138 -197 -30
192 148 55 138 12 222
133 134 55 201 42
57 -58
192 148 134 39 12 222
160 133 201 42 125
216 -81
-170 -79 -13
160 232 67 20 199 56 206
-109 -165
49 81 217 154 143
-104 24 129
140 226 39 220
-102 -204 -65
96 129 224 208 8 169
160 56 232 126 206
-74 -179
160 133 134 232 42 125
2 95 124
160 56 20 199 232 126 206
160 133 55 42 125
-124 -173 -159
-32 -79 -44 -150
-36 -136 -5
153 137 120 190
96 129 224 208 8 169 74
220 135 42 188
81 217 143
-19 -178
3 85 10 172
-153 -120
54 135 42 220 125
-233 -57
94 -153
-235 -163
-184 -4
202 181 86 154
-99 152
96 129 224 208 8 74
-216 -57
-201 -133
134 55 42 125
160 67 20 56 232 126 206
182 9 92 14 111
-137 -190
192 39 135 153 220
-3 -36
-188 -54
130 69 202 234 142
-103 -102
97 181 86
-15 -87
100 229 214 141 79
-201 -42 -232 -55
-230 -103
134 55 201 42 125
226 135 153 140
140 226 153 220
-21 -146
167 -193
-197 -150
-11 -130 -234 -202
-137 -120
-31 110
116 -49
-106 -137 -141
96 48 128 168
160 67 199 232 56 126
208 209 40 74 75
18 229 214 79
130 114 202 234 11 142
189 -69
53 54 186 188 191
177 -181
-170 -214 -197
-67 -160 -20 -56
-175 -62
-138 -197
-114 -130 -234 -69
192 226 220 135
-67 -160 -56
-114 -130 -234 -202
-159 -230 -114
130 196 69 202 234
81 154 181 86
-183 -165 -67
220 54 42 188
-136 -65
160 133 134 55 42 125
160 232 67 199 56 126 206
211 -135
228 102 103 123 207
130 114 196 69 202 234 142
130 196 69 202 234 142
130 163
-25 -67
-159 -103
122 -109
113 -165
153 226 140 39
226 39 135 220
67 20 199 232 126 206
-70 134 55
-204 -106
-18 -7
154 187 69
226 140 191
-55 -192 -12 -138
-221 235 163
41 -79
-193 -144
97 154 187 181
46 -201
133 55 232 201 42
-170 -79 -197 -13
160 55 232 201 42 125
34 -207
18 100 229 79
67 20 56 199 232 126 206
26 -105
128 163 235
154 187 69 86
130 114 196 69 202 142
42 220 135
-18 -108
160 67 20 199 56 126 206
-206 -12 -161
-229 -214 -100
-119 -136
225 76 174
175 -11
225 98
-190 -110 -19
130 114 234 11 142
-32 -214 -197 -150
15 -199
42 220 125
-45 -3
188 220 54
-119 -36
22 -144
160 67 20 56 199 232 126 206
96 129 208 8 169 24
96 48 168 176
226 135 153 220
96 129 224 208 24 169 74
41 -214
-53 -191
-228 -65
-232 -160
220 54 135
-224 -169 -24 -74
-70 -51
-11 -196 -234 -202
-54 -42 -135
60 -178
123 28 207
81 187 181 86
154 69 181 86
-11 -196 -142 -69
-105 -161 -68
16 -13
-216 154 81
-32 -197 -150
-152 -126 -105
220 54 135 188
192 140 226 135 153 220
-90 173
-170 -197
-65 -218
-190 -178
209 75 92 14
48 224 176 168
-206 -148 -59
-32 -79 -150
160 133 232 42
-1 -151
81 97 187 181
-199 -160 -126
-65 -144
234 174
130 114 196 202 234 142
133 134 55 42
104 -24
160 133 134 232 201
9 92 14 111
128 48 130
37 53 54 191
88 -174
-170 -44 -150
140 226 220 135
192 226 220 39
-228 -204 -65
-83 227
-141 -214 -18
-109 -25 -67
160 67 232 56 206
96 224 208 169 74
-34 123 207
133 183 201 139 109 223
81 202 187 154
-2 -53
81 97 202 181
97 202 69
18 100 229 214 79
115 -126
205 226 37
169 84 78
114 130 69 202 234 11
-88 76 174
33 -7
-206 -161 -59
-221 -146
47 -215
-153 -120 -190
-123 -230 -102
-190 -110 -178
97 202 181 86
-51 159
-96 -8 -24 -74
159 114 230 103
-94 -151
-203 -75 -92
209 203 75 14
192 148 134 55 12 222
-1 -29
208 129 8 169 74
-230 -114
160 67 20 56 126 206
-50 -151
-109 -201
130 163 196
-219 196 130
-134 -12 -222
-23 -51
42 188 220 125
-220 -226 -192 -153
160 67 20 232 56 206
-218 -58 -17
-153 -137 -190
186 53
160 67 199 126 206
-79 -44 -150
-1 -104
192 220 39 135 153 140
192 226 39 135 153 140
3 36 85 119 173
48 224 128 168
48 130
25 145 165
-132 228 102
-112 209 75
81 66 49 217 154
-36 -136 -106
-229 -79
179 150 40 108 13
67 165 183 25 109
197 30 138 44 222
-199 -160 -20 -206
160 133 134 55 201 42
81 154 86
-183 -133
-199 -67
-175 -151
-54 -125 -220
-170 -79 -44 -150
-36 -136
163 235 187
-123 -207
160 20 56 126 206
-170 -197 -13
-133 -42 -160 -134
140 39 135 153 220
171 -84
160 133 134 232 201 42 125
-32 -79 -44 -13
-13 -108 -179
128 48 235
160 133 55 201 125
-184 190
148 134 55 138 12 222
-114 -196 -234 -202
-96 -169 -129 -208
-119 -204 -5
24 97 235
-119 -204 -106
81 49 66 217 154 143
-32 -214
192 226 39 153
81 202 181
-145 -28
192 153 226 140
-215 -223 -32
-136 -5
210 -170
-197 -30
-92 -111
192 226 220 140
-40 -209
-96 -8 -129
160 67 199 232 126
133 134 55 201
48 128 168
-5 -229
100 18 108
-44 -13
-139 -133
-134 -39 -148 -222
98 181 174
68 174 76
192 148 39 12 222
234 142 174
76 181 174
-180 186 53
226 140
160 133 55 232 201 42
133 134 201 42 125
96 129 24 169 74
-148 -12
-215 -170
-168 -84
-98 -217
-81 -49 -217
97 187
-208 -40 -209
-68 -234 -174
192 226 39 135 153 220
160 67 232 126 206
-170 -79
-67 -232 -126 -206
-184 -6
42 188 54 135
-172 -3
130 114 196 69 234
43 -106
89 -2
-192 -12 -138
81 69 181
130 114 196 69 202 11
133 134 55 232 42 125
-69 -187 -181 -81
-11 -234 -69
96 168 176
81 202 187 69
-211 -90
-177 86 181
67 56 199 232 126 206
96 48 128
24 235 163
160 134 55 232 42
18 229 214 141 79
53 54 186 188
-233 -194
129 187
80 -42
-213 141 229
208 129 8 169 74 24
-215 -10
142 76 174
50 -68
97 187 163
-59 -203
192 220 39 153 140
134 232 201 42 125
-27 137
205 191
153 226 140
160 67 199 56 126 206
8 169 84 78
25 227 165
122 -183
-55 -192 -138
156 -37
133 183 139 109 223
-229 -79 -100
160 232 42 125
192 134 39 138 12 222
-74 -40
192 140 135 153 220
195 -139
67 20 56 232 126 206
-144 -58 -121
-222 -44 -30
133 134 55 232 42
164 -217
-198 145
97 202 86 154
-223 -109 -201
96 129 224 8 169 74
160 133 55 232 201 42 125
-193 -120 -218
-114 -234 -202
221 -235
-109 -25 -199
160 67 199 232 126 206
48 128 176
-203 -209 -92
-170 -44 -13
219 -130
-79 -44
160 133 55 201 42 125
10 172 215
96 224 48 176 168
-172 -45 -85
160 20 199 232 126 206
202 187 69
-231 179 40
-2 -95
-133 -125 -160 -134
-214 -44 -150
-198 -73
192 148 55 134 39 12 222
-64 -139 -170
-170 -214 -44
-62 161
-36 -204 -5
-7 -108
140 226 39 153 220
47 -64
-109 -133
-140 -226
192 39 135 153 140
-127 142 234
163 196 235
-102 -204 -193
134 55 232 201 42 125
105 161 68
-134 -192 -148 -222
205 168 84
81 97 187 69
-139 -183 -133
-101 100 18
-186 -54 -191
81 202 154
78 110
192 226 153 220
97 187 69
-24 -129
128 48 163
-179 -40
150 7 40 108 13
81 154 217 66
187 181
42 220 54
225 98 76
-13 -7
228 103 230 102
-87 45
-32 -197 -13
148 39 134 55 138 12 222
-56 -12 -161
178 19 143
166 -85
-94 153
-88 -146
-218 -58 -121
202 187 181 86
-22 218 144
104 -129
225 98 86
160 133 201 42
-171 84
67 199 56 126 206
192 148 134 55 138 12
54 135 42 220
192 220 39
-168 -48 -96
114 69 234 11 142
-79 -150
130 114 69 202 11
-214 -197 -13
48 163 235
-134 -192 -222
128 48
-178 -143
96 224 8 169 74 24
42 220 125 135
-169 -129 -208
-166 85 3
-215 -172
-170 -79 -197
-210 -151
130 196
3 36 119 173
-99 -147
-182 -92 -9
-170 -197 -150
-182 -111
-197 -13
-82 208 74
-44 -197
-55 -39 -148 -222
-206 -12 -59
81 202 86 154
-139 -32
-102 -65
80 -125
-128 -48
-176 -168 -48 -224
42 220 125 54
-142 -234
160 134 55 232 201 125
160 133 55 232
160 133 134 201 42
160 133 134 55 42
192 55 134 39 138 222
96 128 176 224 168
37 54 186 188 191
-2 -95 -124
105 20 126
-45 -182
8 169 78
96 129 8 169 74
-154 -81
-133 -125 -160 -55
27 -137
220 135 42 188 125
-106 -141
208 129 224 8 169 74
81 154 187 86
130 196 69 234 142
220 54 135 188 125
-169 -78
182 9 14 111
48 130 235
144 17 121 58
6 -197
60 -19
-114 -130 -142
-53 -188 -37
-208 -179 -209
56 59 12 206
-159 -103 -11
18 100 229 214 141 79
-189 202 69
-32 -214 -150
-210 -90
48 176 168
160 67 20 199 56 126
81 66 217 143
160 133 42 125
-228 -204 -193
160 133 134 55 201 42 125
-114 -130 -234
96 129 208 24 169 74
-102 -136
118 -225
81 154
192 134 55 138 222
114 196 69 234 11 142
-165 -25
-55 -192 -148 -222
-91 -219
202 69 154
202 69 86
208 179 40 74 75
-67 -160 -206
-16 150 13
-214 -197 -150
-95 -124
133 201 42 125
-55 -39 -12 -222
-32 -44 -150
-203 -209 -14
-74 -179 -209
133 134 55 232 201 125
54 135 42 125
192 226 135 140
148 55 138 12 222
18 100 214 141 79
160 133 55 232 125
81 217 154 143
154 69 181
3 36 85 173
-222 -30
-118 225 98
6 -44
-137 -229
-214 -44 -13
160 133 134 55
160 133 55 232 42
228 102 103 230 207
-215 -223
-94 -71
-183 -25
129 235 163
192 226 39 135 220
202 69 181 86
-186 -54 -37
96 129 224 208 74
67 165 199 25 109
-64 -139 -32
160 133 55 232 201
-32 -79 -197 -13
-13 -7 -40
-134 -192 -12
-32 -13
81 97 202 154
154 187 181
226 39 135 153 220
96 224 8 169 74
-30 -203
-150 -108
-149 9 111
70 -134
97 202 187 86
96 129 208 8 169 74 24
160 134 55 232 125
-32 -214 -197
53 54 37 186 191
234 68 174
-135 -220
202 69 181 154
-114 -196 -142 -69
-228 -136
140 226 135 153 220
-32 -197
-135 -226 -192 -153
-144 -58 -17
99 -152
23 -206
202 181 86
18 100 214 79
-96 -169 -129
-9 -111
-150 -7 -179
192 226 39 153 220
-114 -130 -142 -69
-95 -152
-199 -160 -126 -206
234 68
97 202 69 181
229 137 106 141
96 129 224 208 169 74
48 128 176 168
132 -102
207 123 102 103
129 163 97
144 65 193 120 218
-5 -137 -141
96 224 48 176
225 98 181
-78 -110
-121 -9
-160 -126 -206
81 154 66 143
81 154 69 86
179 7 40 108 13
-103 -11
-210 -27
-116 49 143
81 181 97
-220 -226 -39 -153
-91 -38
-133 -42 -160
48 130 163
160 133 134 55 232 125
160 232 42 55
16 -150
-121 -111
-136 -106
151 -136
-105 -68
124 173 159 176
226 205 191
130 196 69 234 11 142
130 114 196 69 234 142
-55 -39 -222
-179 -75
161 56 59 12 206
100 229 214 141
-141 -79 -100
-52 148 12
-160 -126 -56
59 30 58 203
96 129 224 169 74
-199 -160 -126 -56
67 20 56 126 206
192 148 39 138 12 222
129 187 97
18 100 229 141 79
160 133 134 42 125
-8 -129 -74
-233 -127
-122 183 109
127 -234
-36 -106
188 54 135 42 220 125
-35 17 121
-53 -54
-170 -214 -44 -13
49 217 154 143
233 -182
130 114 69 202 234 142
-191 -226 -205
-64 -172
133 134 55 42 125
-224 -169 -74
-55 -39 -148 -138
160 56 199 232 126 206
133 55 232 42 125
-82 -60
-215 -139 -170
96 224 128 168
179 150 7 40 108 13
-26 -194
95 152
192 39 153 140
-3 -119
197 30 138 222
-192 -148 -222
162 -92
-208 -75
220 54 135 42 188
-232 -126 -206
234 68 142
160 67 56 126 206
192 148 55 134 39 222
107 -36
187 69 181
167 -65
-72 -28 -207
-106 -229
216 -154
114 196 69 202 234 11
-207 -102
-203 -14
48 130 196
-64 -223 -170
24 187 163
96 128 176 48 168
-41 214 79
-46 -87
226 220 140
192 148 55 134 39 138 12
184 -190
155 -54
34 -123
-59 -58
-63 78
-133 -42 -232 -55
-100 -18
133 134 55 201 125
153 220 135
130 114 196 69 11
23 -56
-108 -40
203 75 92 14
-30 -58 -203
-32 -79 -44
-205 -168
56 148 12 206
-224 -169 -24 -208
192 153 226
42 125 54
187 69 86
-96 -169 -24 -208
-218 -121
-170 -214 -13
-133 -42 -55
-209 -75
-199 -126 -206
192 153 39
-109 -25
130 114 69 234 142
192 148 138 12 222
200 -39
37 53 186 188 191
133 55 201 42 125
93 -140
144 17 58 121 218
-153 -137
-84 -169 -78
-17 -121
202 187 69 154
-210 -71
96 129 224 24 169 74
81 187 69
192 226 39 153 140
192 148 39 134 55 12
18 100 214 141
114 196 69 202 234 11 142
-173 -159 -176
-170 -32
24 97 187
112 -75
130 114 196 69 202 234 11
228 102 230 123
160 134 232 42 125
-96 -169 -74
-63 -41
153 220 39 135
-67 -160 -126 -56
103 230 102 207
160 133 134 232 201 42
-201 -125 -160 -55
81 181 86
21 -96
-215 -32
97 202 187
-96 -8 -129 -74
-4 8 169
63 -78
97 154 181 86
148 56 59 12 206
-151 204 136
-67 -126 -206
-185 203
81 66 49 217 143
229 214 141 79
67 165 183 25 199 109
-113 165 25
-170 -214 -197 -150
-28 -182
163 235
-67 -20 -206
140 205 191
65 193 228 102 136
-139 -109
226 37 191
54 135 42 188 125
-159 -103 -114
-96 -8 -129 -208
-228 -136 -65
-136 -193
-85 -36
-157 10 172
81 154 217 49
-176 -168 -48 -96
-137 -120 -190
42 188 125 54
-172 -45
162 -14
-79 -197
192 140 153 220
-33 7 108
-14 -111
-178 -49
-84 -169
160 133 232 42 125
-6 44 197
187 163
32 197 214 170 44 13 79
151 -204
81 97 202 69
-55 -12 -222
98 181
32 197 214 150 170 13 79
160 133 55 232 42 125
-134 -39 -12 -138
-169 -24 -74
-224 -8 -129 -74
133 134 55 201 42 125
208 209 179 40 74 75
-81 -143 -66
-8 -169
148 59 12 206
224 129 208 8 169 74 24
187 181 86
18 108 7
-150 -40
-228 -102
32 197 214 150 44 13 79
90 -173
210 -32
-159 -176
98 181 86
-65 -120
160 134 232 201 125
-60 19 178
-183 -67
-32 -214 -13
-156 -90
96 129 224 24 74
-28 -207
234 76 142
117 -232
-215 -139 -32
227 72
192 148 134 138 12 222
-144 -17
160 133 134 55 232 201 125
-67 -160 -20
-25 -145
160 20 199 56 126 206
114 196 69 202 234 142
46 -133
180 -186
160 232 201 42 125
81 154 69 97
48 224 128 176
101 -100
-133 -125 -232 -55
134 55 138 12 222
144 121 218 17
177 -86
186 188 37
-96 -129 -74
-145 -182
160 133 134 55 201
160 134 55 201 42 125
161 148 56 12 206
160 55 201 42 125
158 -72
96 129 208 24 74
101 -18
-85 -173 -36
-56 -12 -59
-146 120
-161 -68
197 138 44 222
29 -48
-183 -25 -67
-223 -109
160 134 55 232 201 42 125
-66 -217
-1 138 222
96 129 208 8 169 74
-25 -227 -145
192 140 226 153 220
192 39 135 220
-109 -199
-64 -32
202 69 181
129 163
-91 -151
-223 -32
192 134 55 138 12 222
160 134 55 42 125
81 187
-67 -232 -126
-39 -192
-210 -155
-39 -12 -222
-131 -200
128 48 196
130 114 196 234 11 142
-103 -114
129 8 169 74 24
192 148 55 134 39 138 222
192 134 55 12 222
-72 -28 -123
192 153 220
130 69 202 234 11 142
-64 -215
217 49 143
61 -124
-10 -3
-65 -120 -144
-207 -230 -102
226 140 37
-110 -178
81 187 69 181
81 66 49 154 143
-223 -201
-224 -8 -129 -208
-58 -121
-156 37 191
192 148 55 39 138 12
217 98 225
97 202 187 181
37 54 186 188
225 181 86
-25 -227
-55 -192 -12 -222
160 134 55 232
-32 -79
-228 -136 -193
67 20 199 126 206
160 67 20 199 126
-133 -42 -232 -134
-21 224 96
-36 -204
-195 139 223
-13 -179
-45 -28
-139 -109 -133
194 -230
160 133 55 201 42
-150 -108 -40
70 -55
96 129 224 8 169
-134 -192 -12 -138
-145 -45 -182
202 187 181 154
225 181 174
2 53
-196 -234 -69
-114 -196 -234
114 69 202 234 142
148 39 55 138 12 222
24 129 163
225 98 174
97 187 181
96 224 128 176
-23 56 206
-150 -13
-123 -103 -228
-108 -179
-57 58
-174 -181 -98
81 217 49 143
133 183 201 109 223
-207 -103 -228
-13 -108
-202 -69
235 163
-10 -172
96 48 176
-222 -197
-79 -18
152 105 126
1 -138
81 202 69
160 42 125 55
110 178 19 190
-224 -169 -129 -208
192 140 39 135 220
76 174
5 229 137 106
160 133 134 55 232 42
-224 -169 -129 -74
226 39 135 153 140
166 -3
33 -108
-206 -12
18 100 229 214 141
-11 -114
219 -196
-222 -197 -30
-55 -12 -138
-199 -160 -20 -56
160 67 20 199 232 206
-144 -58
-37 -191
160 67 20 232 126
96 129 8 169 24
144 65 193 120
202 187 69 86
114 69 202 234 11 142
-46 -73
-16 -31
133 134 55 232 201
-183 -25 -199
160 67 20 199 232 56 126
130 163 235
-145 -45 -28
-220 -226 -192
192 220 135
-11 -130 -234
-50 68
96 208 224 8 169 74
-36 -5
-209 -14
-32 -79 -13
-91 59
157 -10
-175 11 114
96 129 224 8 169 74 24
-118 -57
152 20 126
-159 -114
-53 -188 -191
-114 -130 -142 -202
3 85 172 45
-145 -45 -28 -182
5 229 137 106 141
52 -12
225 76 86
-233 -164
-147 28
-170 -13
185 -203
21 -224
130 196 69 202 234 11
226 220 135
121 9 111
115 -20
152 105 20 126
-96 -129 -208
-2 -124
160 133 134 55 201 125
-150 -7 -40
192 226 39 135
32 64 215 170 139 223
-155 188 54
224 129 8 169 74 24
133 134 232 201 42 125
130 114 69 202 11 142
-61 -87
81 187 181
100 141 214
202 187 69 181
-61 -80
-162 92 14
36 5 119 136 106 204
-65 -120 -218
114 230 103 11
160 134 55 201 42
-67 -160 -126 -206
-119 -106
-215 -139
178 19 110
192 226 220 39 135 140
187 69
32 215 170 139 223
160 67 199 56 206
161 148 56 59 12 206
194 -103
160 134 55 232 201
130 114 196 234 142
81 97 154 187
-214 -197
130 114 196 69 11 142
182 92 14 111
192 226 39 135 153
-56 -148 -161 -59
-218 -144
81 154 143
-106 -137 -229
88 -76
97 202 69 86
228 102 230 123 207
154 187 69 181
160 67 20 232 56 126
197 30 44 222
-12 -161 -59
-130 -142 -69
-77 -151
-131 -151
-124 -176
140 226 39 135 153 220
49 66 217 143
160 133 134 55 232 42 125
-102 -136 -193
96 224 176 168
205 37 191
-53 -54 -191
189 -202
-102 -136 -65
114 130 69 234 11 142
-229 -18
231 -40
37 53 186 191
49 66 217 154 143
81 97 202 187
-170 -79 -44 -13
160 232 67 56 126 206
-139 -183 -201
69 181 86
-223 -183 -201
96 48 128 176 224
-17 -111
4 -8
160 133 134 55 232 201
-170 -214 -44 -150
65 228 102 136 204
-192 -12 -222
133 134 232 201 125
97 202 187 154
192 148 55 12 222
112 -209
96 129 8 169 74 24
-123 -103 -102
130 114 196 202 234 11 142
202 187 181
-153 -137 -120 -190
-82 -6
160 133 232 201 42
-176 -168 -128 -96
213 -141
-176 -48 -96
32 64 215 170 223
134 232 201 125
192 55 39 138 222
37 186 188 191
-29 128 48
64 172 215
-3 -173 -36
160 20 232 126 206
192 148 134 55 138 222
-186 -53
96 129 224 24 169
-55 -39 -12
159 114 11 103
81 202 187 181
-193 -65
97 69 181
118 -98
-203 -75 -14
-210 -93
133 201 139 109 223
-210 -87
1 -222
192 148 55 39 138 222
142 68 174
114 230 103 11 159
35 -121
114 130 196 69 234 11
-55 -192 -148
-56 -12 -161 -59
81 154 97 86
-32 -214 -197 -13
114 130 69 234 11
117 -160
175 -114
36 119 136 106 204
-53 -54 -37
-170 -79 -44
-138 -222
-11 -130 -69
-182 -14
-173 -176
146 -120
96 224 48
-224 -169 -129
153 226 220
25 145 227 165
96 129 208 24 8 74
106 5 229 141
-109 -165 -199
22 -218
-124 -159 -176
-233 -62
-105 -161
228 230 103 123 207
53 54 37 186 188 191
-96 -169 -24 -74
147 -28
97 154 187
-58 -203
-208 -179 -75
-172 -85
81 154 187 69
-32 -214 -44
-30 -58
-71 168
-74 -40 -75
-133 -42 -160 -55
131 -176
97 187 181 86
-114 -196 -69
81 154 69
192 226 39
-223 -133
-55 -192 -12
192 39 135 153
97 235 163
130 114 196 69 234 11 142
81 154 97
178 190 110
-85 -3
83 -227
-75 -14
81 187 69 86
96 129 224 208 8 24 74
8 169 84
202 69
97 187 86
-59 -30 -58
81 181
-201 -42 -160 -134
-13 -108 -40
129 187 163
-124 -173
208 129 24 169 74
116 -143
192 148 55 134 39 138 12 222
188 54 42 220 125
-38 97 187
133 232 201 42 125
-79 -44 -13
161 148 56 59 12
81 66 217 49
81 154 187 181
192 140 220 39
-144 -121
96 128 176 48 224 168
81 66 217 154 143
130 114 69 202 234
-67 -232 -126 -56
97 154 187 69
-185 -116
-10 -45 -85
65 193 102 136 204
3 36 85 119
-54 -191
154 181 86
192 226 135 153 220
228 102 103 230 123 207
-199 -160 -206
39 135 153 140
81 69 97 86
-126 -105
-74 -40 -209
-79 -13
37 54 188 191
-210 -4
-214 -13
-85 -173 -119
149 -9
192 148 134 55 12
-79 -197 -13
192 226 220 135 140
160 67 20 232 126 206
160 67 20 199 232 126
130 196 69 202 234 11 142
81 154 49 143
-32 -150
-125 -42
-193 -120 -144
-98 -66
-233 182
-134 -192 -148 -138
180 -53
160 67 20 199 126 206
-114 -130 -69
-199 -232 -126 -206
52 -148
-201 -42 -160 -55
-96 -169 -129 -74
81 154 69 181
192 148 134 39 138 12 222
-222 -44
226 191
130 114 196 234 11
-150 -108 -179
-160 -20 -206
149 -111
114 69 202 234 11
-130 -234 -202
133 55 201 42
96 224 208 24 169 74 8
-224 -129 -74
-159 -230 -11
-173 -159
-114 -142 -69
-170 -79 -150
-26 105
-114 -196 -234 -69
37 53 186 188
43 -5
18 100 229 141
-114 -130 -202
81 187 97
65 193 228 102 136 204
-32 -44 -13
134 55 232 201 125
-223 -170
195 -223
-14 -9
81 69 86 181
130 114 196 69 202
-59 -30 -58 -203
226 205
228 230 123 207
-79 -197 -150
-72 -207
51 -159
-67 -126 -56
192 153 226 135
161 148 56 59 206
133 55 42 125
-200 39 192
130 235 196
192 226 220
192 148 55 39 12 222
72 28 207
-141 -229
-96 -8 -24 -208
-11 -130 -142 -202
-42 -160 -55
226 140 205
133 55 232 201 42 125
96 128 176 168
192 140 226 39 153 220
211 -220
-13 -7 -179
133 134 55 232 201 42
148 134 55 12 222
81 66 217
-117 232 160
81 187 86
81 154 217
192 55 138 12 222
-223 -109 -133
160 67 199 232 56 206
-109 -165 -67
103 230 102 123 207
32 64 215 139 223
81 202 69 86
208 129 224 24 169 74
72 123 207
-163 -129 -187
160 55 232 42 125
-92 -14
66 217 154 143
-77 205
-220 -140 -192 -153
97 202 69 154
-212 30
-7 -40
128 130 163
36 5 136 106 204
81 69 86
221 -163
3 85 10 172 45
-172 -45 -3
231 -179
-67 -160 -20 -206
-40 -75
81 154 187
114 130 69 202 234 11 142
-130 -234 -69
156 -191
-214 -79
161 148 59 12
181 86
15 -67
144 65 218 193
67 183 25 199 109
49 178 143
32 197 214 150 170 44 13 79
160 133 232 201 42 125
-170 -214 -197 -13
127 -142
-124 -159
200 -192
-15 199 67
130 114 196 69 202 11 142
-171 -27
-233 -146
-196 -130
-54 -42 -220
-11 -130 -142 -69
53 54 37 188 191
192 226 140
-55 -148 -222
161 56 12 206
192 55 39 12 222
-1 -146
96 224 208 24 169 74
96 129 224 8 169 24
97 154 69 181
-67 -232 -20 -56
3 10 172 45
228 103 230 102 123
97 187 69 181
-91 -146
-188 -42 -220
-5 -137 -229
107 -119
-59 -58 -203
