-41 -25
3 50 19 23
25 50
15 52 39 7
41 50 19
9 34 53
3 41 19 12
42 12 50 23
48 -50
25 19 12 23
18 -3
17 50 36 38 12
25 3
11 -10
10 52 39
34 14 31
42 19 12 23
25 50 19
-43 -30
35 -17
-36 -2
27 -5
-28 44 22
-34 -14
-51 -43
15 39 7
-51 -36
41 42 19 23
3 42 19
19 25 42 3
50 3 12 23
25 42 41
32 13 55
25 19
32 26 13
-42 -52
19 3
-23 -3
42 19 52
25 12 41
17 50 12 38
20 -41
52 7 10 15
-39 -53
25 42 19 12
17 50 12
54 -13
-43 -30 -5
25 3 12
-26 -30
25 12 41 23
33
20 -25
50 36 12
41 50 19 23
50 3 23
25 3 23
3 42 19 12
41 50 3 23
-20 -21
25 42 50 23
29 -9
-11 10 52
41 42 19
-2 -43
41 50 19 12
-10 -52
50 3 12 42
51 43 36
37 -34
-10 -7 -39
-55 -26 -13
25 50 41
50 19 12
17 36 38
50 51 36
41 50 19 42
37 -14
-16 51 36
24 44 22
3 44 22
3 50 19 12
19 41 3
39 53
7
25 50 41 23
-54 32 13
54 -32
10 19 52
41 50 3
25 41 23
25 19 12 41
17 50 36 12
-29 31 9
41 50 3 42
6 -2
26 55
2 43 36
3 25 50 19
25 50 3 12
25 42 19 50
28 -44
25 19 12
19 25 3 23
41 42 3 23
-46 42 19
-22 -3 -24
25 50 12 41
17 44 22
17 50 51 36 38
42 19 50 23
19 50 3
25 42 12 41
53 14
3 12 23
-17 -36 -50
24 44 23
9
41 50 3 12
-24 -33
-11 -21
9 53 14
-44 -22
25 41
42 19
10 39 15
3 23
3 44 22 23
-52 -15 -39
-31 -9
8 -53
25 3 12 41
-19 -52
43 5 30
18 -23
-15 -7
52 39 7 10 15
25 42 3 23
47 -15
39 7 10 15
50 51 36 38 12
25 50 19 12
50 12 42
-44 -3 -24
25 42 41 23
41 3 23
-19 -10
52 39 7
24 3 44 23
25 50 23
25 3 41 23
35 -38
9 53
-4 26
-17 -51 -50
26 30
3 41 19 23
50 3
17 50 51 36
-21 30
-47 15 7
55
-38 -22
-22 -3
2 43 5
25 50 3 41
24 33
10 52 15 39
50 36 38 12
45 -55
-6 2 43
52 15 7
50 3 42
-22 -23 -24
50 19 23
22 23 24 44
16 -51
25 42 19 41
17 36 38 12
-43 -5
9 34 14
25 42 19 23
25
-38 -17
16 -36
34 13 14
2 43 30
-27 5
25 50 3 23
32 26 55
17 50 51 36 12
-17 -36 -12
13 55
25 42 3 12
19 3 12 23
24 3 23
41 50 12 23
-45 55
25 50 19 23
53 14 31
25 19 41 23
42 19 23
26 13
41 42 19 12
9 14
-9 -14 -53
41 50 12 42
50 12
25 50 3
17 50 38
25 19 23
-49 24
48 -12
17 51 36 38 12
46 -42
24 3 22 23
-50 -3 -19 -25
9 53 31
17 51 36 38
-42 -19
3 25 19 41
42 19 50
25 42 50
50 19 12 23
5
25 42 3 41
19 50 3 42
34 14
19 41 42 3
32 13 14
52 39 7 10
50 19
-32 -14
26 13 55
25 19 41
3 25 19 12
3 19 12
25 42 12 50
25 42 3
9 34 31
25 50 19 41
-17 -22
-40 33
41 42 12 23
19 42 3 23
9 31
3 22 23
25 42 3 50
1 -39
25 42 19
-36 -43
-13 -34
3 41 50 19
34 53 14
41 50 12
24 3 22
17 50 36 38
11 -52
-8 53
-12 -50
38 17 22
3 22 23 24 44
-37 34 14
9 14 31
17 51 36 12
25 50 42 41
-52 -7
49 -24
46 -19
-17 -44
-38 -36 -50
21 -30
40 -33
17 50 51 38 12
-20 41 25
-49 -4
47 -7
24 3 44 22
25 3 41
50 3 12
17 50 51 36 38 12
-35 38 17
6 -43
28 -22
-13 -14
42 19 12
-32 -13
29 -31
-52 -7 -39
10 52 7
41 3 12 23
25 3 12 23
17 50 36
3 19 23
42 3 12 23
50 51 36 12
17 51 36
-48 12 50
17 50 51 12
25 50 12 23
3 25 19
17 50 51 38
-18 23 3
-2 -30 -5
-1 39
42 19 12 50
50 51 36 38
42 3 50 23
32 13
25 50 12
2 43 5 30
4 -26
42 3 23
50 12 23
