-79 -327
368 2 276 232 315
208 130 39 171
226 79 207
50 198 87 86 223
50 246 326 87 223
72 187 207
353 293 89 126
50 86 198 326 223
50 380
-20 -98 -231 -402
402 163 354 5 30 63
21 181 393 335
89 65 126
86 198 326 246
73 236 78 68
-129 -193
168 -43
160 227 311 24 199
258 375 167 189
-214 -352
402 20 261
78 139 36 222
403 229 74 318
10 26 380 87
-37 -22 -369 -266
76 -317
89 321 100 353
86 344 379 302 239
227 371 229 199 74
258 296 43 348 95
100 373 280 153 239
57 274 84 47
245 188 213 68
-147 -366 -279
-275 -205 -33 -293
-265 -364 -249
-354 -78 -112
321 353 100 293 89
118 -186
280 344 139 302 239
321 353 340 276 378
-379 -380 -342 -339
339 342 376 10 380
60 -134
-354 -78 -244
33 243 356 340 196 285
305 345 315 126
403 227 371 199 333
-151 -392
198 86 326 359 223
89 291 35 345
162 -164
386 349
145 258 167 296 108 189
52 -68
402 163 261 406
-275 -244 -33
-340 -353 -229 -232
243 340 282 285 378
288 -16
403 371 199 74 333
187 79 327
188 222 206 359
72 367 390 279
112 354 391 153 205 78
-334 -106 -159
305 35 89 315 59
-140 -58 -192
86 359 198 87 246 223
342 344 185 379 380
134 262 298 299 108
-144 -245 -70
368 2 276 341 184 345 315
96 338
16 385 243 148 282 189
192 388 58 140 92
145 258 296 108
353 403 340 229 378
-275 -244 -285 -322
302 68 236 78
321 322 353 89 126
-117 -363
139 36 302
227 229 199 74 318
99 -140
-164 -317 -261
329 -312
50 326 198 359
243 356 340 196 285
304 274 26
-16 -167 -390 -243
-70 -223 -274
-322 -65 -321 -89
-157 -7
-355 -393
78 139 68 222
148 390
86 198 246 87
50 198 87 246 223
29 147 292 253 109 366
82 275 306 386 349 30
291 59 89 315 126
403 229 199 318
-202 -42
42 147 109
50 223 246 326 87 359
291 35 137 394 335
200 26 37 87
210 188 381 142
206 68 213 222
33 306 275 322 293 244 205 285
-186 -25
321 353 340 276 232
50 223 246 86 359
-243 -33 -196 -340
243 196 340 282
389 377 59 143
-294 -358 -170
-67 63 30
-309 -237 -91 -116
73 236 78
24 401 267 327
-46 -195 -14
-134 -298
305 6 377 59 143
-310 -329
160 401 199 24 311
278 -221
187 404 207
403 227 371 229 199 333
33 243 196 282 285
72 226 207
353 340 276 232 378
339 342 376 185 10 379 380
19 -192
-83 -107
72 390 127
-403 -229
86 246 326 87 223
89 305 315 291
257 129 193 170 28
314 -335
210 107 188 142
-144 -245 -104
-145 -299 -262
-280 -65 -337
-49 -122
98 163 20 261
-101 372 334
222 245 206 359
98 163 20 261 402 406
-35 -219 -137 -181
344 379 86 239
127 29 390 367
305 389 373 377 59 143
321 322 100 293 89 126
-160 -225 -75
-401 -199
76 -289
50 326 198 246 223
16 385 148 390 189
368 341 184 315
-394 -219
345 89 315
-232 -315 -2 -341
305 389 377 143
403 227 229 333 318
169 -315
291 35 59 315
-376 -339
-31 -363
337 373 389 59 143
89 291 126
-83 -362
385 148 390 167 189
242 354 402 5 163 30
200 57 380 37
337 389 377 6
-200 -22 -331 -218
29 404 279 253 109 366
-400 244 205
-307 -215
65 322 293 89 126
-291 -219 -335
-341 -262 -190
206 188 213 326
-11 -91 -257
274 198 70 104 223
187 207
-241 234
321 65 322 353 126
336 82 116 91 237
-77 207 187
403 371 227 199 74 333 318
376 342 344 185 379 380
-144 -70
-254 -185 -225 -46
98 261 406 231
112 354 391 153 236 205 78
242 402 163 5 30
304 57 274 26
-349 -275
112 354 244 391 153 236 205
305 291 35 345
369 37 22 266 218 331
-63 -237 -275
-111 -363
321 403 340 276 232
-261 -98 -231 -163
-240 -319
50 86 87 359
-47 -49
40 -163
210 213 107 381 142
89 321 100 126
302 236 222 78
302 68 78 36
-10 -380
98 402 163 261 406 231
-362 -98 -283
32 210 242 5 8 381
32 242 36 8 73
280 86 246 344 379 302 239
-45 -292 -16
280 246 344 379 139 239
226 148 29 127
344 246 280 379 302
57 274 26
-354 -205 -112
-271 32 8
-145 -134 -298
89 321 353
10 50 37
-32 -210 -5 -73
-100 -65
2 276 341 232 345 315 184
276 232 315 184
89 315 305
2 276 341 184 345
65 322 100 293 126
372 204 334
341 184 298 190
98 163 20 261 406 231
50 86 198 246 223
-37 -49 -331
-280 -100 -337
16 148 390 167 282 189
72 148 279 367
-375 -258 -167
316 -47
50 223 246 326 87 198 359
-109 -253 -404
50 380 37 87
210 188 381
98 163 402 406 231
50 86 359 87 198 223
127 279 29 367
-60 299 134
320 385 352 45 16 292 253
33 243 196 340 378 282
114 181 358 21 335
393 181 358 335
73 139 222 78
68 245 222 359
227 371 229 74 333 318
371 227 229 199 333
-79 -221 -401
247 -224
148 390 167 189
-306 -285 -293
242 354 391 30 63
-5 -242
212 -282
403 371 229 74 333
160 225 39 75 311 399
305 315 345 59 126
-327 -267 -401
398 343
337 305 373 6 377 59 143
344 139 86 239
-37 -49 -369 -218
65 353 100 293 89 126
305 337 6 377 143
341 184 345 315
337 305 373 389 377 143
321 353 403 340 232
289 214 120 317
-384 304 274
403 340 229 378
385 243 167 282
401 327 24 221 79
305 291 59 89 315 126
-282 -33 -196 -340
32 210 242 36 8 381
112 354 244 153 205 78
403 340 229 232 378
-236 -205 -153
396 -127
-309 -82 -330
16 385 243 390 167 189
16 385 243 148 167 282
353 322 100 293 89 126
27 202 3 109
321 65 293 89
86 246 326 87 359 223
321 65 353 100 89 126
29 147 292 404 279 109 366
305 389 6 377 59
-32 -381 -242 -36
86 326 246
112 337 65 373 280 239
-361 295 257
89 65 100 353
321 353 293 89 126
241 -234
-200 -22 -369
89 305 35 345 59 126
139 68 78
-158 98
-102 103 348
371 403 333 318
57 26 380 87
321 65 353 293 126
368 341 232 345 315
371 227 229 199
50 198 86 246
-280 -239
65 321 100 293
388 58 140 92
242 163 402 30 63
-153 -239 -100 -337
65 321 353 100 126
-372 -334
354 244 391 153 236 78
33 196 340 282 285
-159 -312 -95
-243 -285 -340
-108 -299
232 321 276 229
227 403 229 371 199 74
29 404 279 253 366
57 50 380 37
-92 -58
305 291 35 89 126 315 59
60 -299
57 380 37 87
25 186 388 140
379 280 139 302 239
-243 -285 -196
302 139 236 78
-317 -261
-62 369 331
402 98 163 261 406
226 390 367
-69 175
401 79 327
403 371 229 74 318
222 68 245 326
302 73 236 78
200 26 50 37
353 321 403 276 229 378
73 36 222
403 229 199 74 333 318
24 401 327
338 187 404
208 130 39 249
-83 -234
-109 -292 -366
-292 -366 -279
-161 298 262
-292 -385
321 403 276 229 340 232
72 148 29 279
389 373 377 59 143
-354 -236 -153
-308 -329
-376 -369 -195
242 36 5 8 73 381
147 404 253 109 366
386 306 237 349 63
379 86 246 139 302 239
34 -172
68 245 326 359
-41 336 309
246 86 280 139 302 239
33 243 196 340 356
-330 -257
68 222 326 359
242 354 5 391 30 63
-197 170 129
280 379 246 344 139 302
36 222 78
65 322 353 89 126
302 139 222
321 322 293 89
320 385 16 292 253 45
175 231
321 353 276 232 378
16 385 243 390 282
-32 -381 -242 -73
180 -265
373 389 377 143
32 210 242 8 73 381
344 379 139 239
82 275 386 237 349 30 63
188 68 245
400 -244
-160 -225 -39
98 163 20 261 231
368 232 341 184 315
-232 -315 -2 -184
305 345 315 59
280 379 86 246 344 139 302
337 373 389 6 59 143
339 185 10 380
-283 -389 -178
65 322 353 321 89
86 87 326 246
-104 -198 -274
-300 92 58
72 226 79
-84 -22
157 -14
-378 -321 -403 -232
-333 -368 -217
336 82 116 309 91 237
258 375 167 108 189
372 334
198 86 246 326 223
217 333
139 36 222
26 380 37 87
305 59 377 6
337 305 389 6 377
29 292 279 253 366
184 190 341 262
244 391 153 236 78
257 295 330 91
321 322 100 293 89
-320 -45 -253
-375 -296 -189 -108
86 280 139 302 239
227 333 318 199
68 222 359
300 -92
145 258 375 167 108
16 385 148 390 282 189
97 219 6
304 57 26 47
-94 27 3
-111 -284
16 385 243 282 189
321 353 403 276 232
291 35 181 394 219 335
371 227 229 333 318
305 35 345 89 126
227 371 229 74 318
246 86 280 379 139 239
-354 -78 -205
16 385 243 282
197 -129
188 213 326 359
49 84 22 122 47
68 236 222
50 246 86 87 326 359
337 373 377 143
72 226 148 390
348 103
73 36 236
-354 -236 -205 -112
-112 -65
-335 -393 -114
-287 -363
264 -198
-8 -210 -36
-364 -208
403 333 318 199
-270 193 28
16 385 243 167 282 189
302 73 68 78
112 354 244 391 153 236 78
321 65 100 89 126
-11 -257
89 305 345 315 59
-309 -82
106 55 43
305 337 377 59 143
89 65 100
-388 -92
72 226 327
276 232 345 315 184
243 390 167 282
51 -302
-165 -122
36 78 68
320 385 352 45 16 253
-256 -134
-70 -198 -304
-282 -285 -196 -378
337 373 59 389
-386 -30 -82 -306
33 243 356 196 340 282 378
-32 -210 -5 -36
82 275 386 306 349 237 30 63
65 322 100 89
386 275 306 82 237 30 63
372 334 183
135 -39
-282 -243
305 291 35 345 59 126
89 305 291 35 345 126
-293 -65 -321 -89
107 362 83 238
337 377 6
337 305 389 6
-14 -355 -393
-361 -105
49 84 165 22 122 47
-336 -330 -116
198 86 246 223
210 381 188 213
376 344 185 10 380
57 10 26 37
339 342 376 185 10 379
-331 -195
-35 -219 -137
-346 -362
98 402 20 163 261 231
-349 -63 -275
201 -404
380 57 26 50
322 275 244 293 285 205
337 389 6 377 59
89 345 315 59
368 2 341 184
-391 -236 -205
302 68 236 36
-254 -225
15 -143
16 243 148 390 167 282
73 139 36 302
403 227 229 199 74 333
304 26 84 47
-153 -239 -100 -373
-137 -364
32 210 242 36 8 73 381
72 148 127 279
373 389 6 377
-163 -5 -63 -354
188 213 68
-349 -63 -82
-24 -199 -160
-140 -58
376 344 185 10 379 380
145 258 167 296 108 375
296 43 348 95
89 65 293 353
-8 -210 -5
-22 -218
91 257 330 11
-339 -131
-370 153 112
386 306 349 237 30 63
-11 -330 -295
385 243 390 282 189
226 148 390 367
291 35 59 345 315 126
225 39 75 399
210 107 213 142
337 305 59 143
-339 -369 -195
32 242 36 5 8 381
-164 -289 -261
243 196 356 378 282 285
160 401 24 199
291 89 315 59
-296 -258
226 148 390 127
344 185 379 380
145 134 262 298 299 108
125 -378
17 -232
368 276 341 232 315
305 373 389 6 143
-258 -189 -108
160 227 311 24
127 29 390 279
-302 -86 -239 -344
-236 -244 -112
50 86 198 87 326
41 -309
368 2 276 232 345
-186 -54 -388
403 371 229 199 318
337 373 305
305 291 59 315 126
-323 -363
371 333 199
369 339 131 195 331 172
-21 -393
77 -207
260 -371
-201 404 366
72 226 29 127
259 -256
43 348 95
257 129 193 295 170 28
286 -376
89 65 293
-339 -331 -195
86 326 246 223
321 353 403 276 229
291 35 137 394 219
287 -230
326 68 222 206
-44 24 401
-202 -3 -109
-126 -305 -315 -291
236 78 68
242 36 5 8 73
389 150 58 283 92
226 127 390 279
353 321 403 276 378
233 -86
33 243 356 340 196 282 285
304 57 274 47
-8 -210 -5 -36
-55 -43
65 322 353 100 89
-121 -346
123 -406
173 -296
339 344 379 380
337 100 373 280 153 239
-283 -92 -150
225 46 185 254 399
370 -153
226 390 279
74 371 333 199
-255 -320
246 280 379 302 239
243 148 390 167 282
-275 -244 -33 -293
227 371 74 333 318
-219 -181
33 243 196 340 378 285
-352 -45 -292 -385
323 -145
73 68 222 78
-258 -167 -108
291 89 315 126
279 29 390 367
-153 -280 -100 -337
178 58 283 92 143
-339 -331 -195 -172
-295 -28
305 377 59 143
-276 -315 -368 -341
-348 -383
-363 399 225
-18 142 107
29 147 404 279 109 366
386 306 275 237 349 63
49 369 22 200 218 266
-25 -121 -346
-199 -160
33 306 322 244 285
339 376 342 344 185 10
-214 -138 -320
-254 -342 -225 -46
-37 -49 -218
174 -362
160 225 311 75 399
188 245 206
147 292 279 253 29 366
402 163 354 391 30
403 229 318
-325 237 82
-344 -380 -339
-391 -78 -205
-53 311 160
-291 -394 -137 -335
-45 -375
368 2 276 232 345 315
305 337 389 6 59 143
2 276 232 345 315 184
-254 -342 -225
-365 148 390
368 276 341 232 184
369 339 131 195 376 331 172
-131 -355
145 258 296 108 189
50 198 223
3 42 147 202
112 100 373 280 153 239
337 373 389 6 377 59
229 333 199
65 322 100 293 89
188 68 245 359
-308 -264
315 305 89 59
10 380 37
337 389 377 59
57 50 37
-232 -315 -368 -184
292 404 279 253 366
50 246 198 223
302 139 36 78
50 326 359 87 223
160 401 311 199
-352 -45 -253 -16
33 243 340 285
337 373 389 6 143
-144 -206 -70
305 315 59 126
-309 -237 -116
-257 -129
-34 -7
82 386 349 237 30 63
336 82 116 309 330 91
-13 341 184
321 403 340 229 276 378
202 42 309 55
-391 -78 -244 -112
-342 -399 -46
210 242 36 8 73 381
200 57 10 87
-243 -285 -356 -340
-397 33 285
-336 -237 -330 -116
72 226
33 306 275 244 293 285 205
221 79 327
114 21 358 393 335
388 343 25 186 140
-163 -242 -30 -391
-306 -205 -285 -293
-265 -208
208 75 171 39
182 -194
-35 -137 -181
-39 -208 -130
-178 -332 -215
25 186 388 54
65 322 353 100 89 126
305 291 35 345 59 315
-78 -205 -112
305 389 373 377 143
-183 -119
-306 -285 -322
-323 -360
276 341 184 345 315
50 198 87
371 227 199 333 318
336 82 116 309 330
33 306 275 244 322 205 285
227 403 229 199 74
1 -377
139 236 78
338 187 366
98 20 261 231
200 57 37
-342 -225
-153 -239 -337
-8 -242 -36
227 403 229 199
368 2 276 184 345 315
-32 -210 -36
-293 -100 -321 -89
187 366
368 333
-14 -194 -393
216 -87
403 227 371 199 333 318
344 339 376 185 379
305 291 35 345 126
368 232 2 184 345 315
145 258 375 296 167 189
-353 -321
-16 -167 -148 -243
98 402 231
-200 -331 -266
-200 -49 -331 -266
33 243 282 285
-224 -238
-320 -45
227 229 333 318
68 222 206 359
89 321 322 126
-306 -205 -33 -293
50 37 87
200 50 10 380
8 32 183
196 356 340 378 282
-32 -8
245 68 213 326
339 376 342 344 380
379 86 139 302 239
107 142 83 238
35 291 89 59 126
336 82 116 309 237
50 198 86 87 246 359 223
353 403 340 229 276 232 378
213 107 188 381
72 148 390 367
146 -236
16 385 243 148 390 189
368 232 184 345 315
386 82 306 275 237 63
50 86 246 198 359 223
33 196 356 340 282 285
353 321 340 229 232
339 344 10 380
-320 -253 -385
147 42 202 109
27 42 3
-243 -33 -356 -340
259 -215
73 68 222
-320 -45 -16
-163 -242 -30
-349 -237 -306
73 139 36 222
-351 227 199
148 390 127
-306 -244 -285 -293
379 246 86 344 139 239
-105 190
-89 -305 -345 -291
35 291 181 137 394 219 335
385 243 390 167 282 189
242 354 402 5 163 391 30
200 57 50 87
20 261 231
305 315 59 35
29 147 292 279 253 109
-244 -33 -293
-185 -399 -46
-386 -63 -237 -306
402 163 261
403 227 371 199 74 333
50 86 359 326 223
188 245 206 68
403 227 371 199 318
-145 -262
86 359 198 87 223
280 379 86 344 139 239
-377 -97 -219
338 187 207
-266 -218
-42 -309
206 213 326 359
33 306 275 293 205 285
-309 -237 -91
-283 -92 -143 -150
139 236 36
-55 -42 -309
-139 -239 -344
-76 317 289
242 163 354 402 5 391
-316 84 47
319 -5
401 327 24 267 79
160 225 311 399
406 231
145 134 262 298 108
3 42 202 27
344 10 339 342 376 185 379 380
85 -73
82 386 306 349 237 30 63
368 232 2 276 184 315
379 86 344 139 302
-121 -261
385 390 167 189
402 163 261 231
-326 -198 -246 -50
-294 -358 -129
-70 -223 -304
240 -159
402 163 20 261
65 353 322 100 293
-114 -358
160 401 227 199 311
224 398
294 129 170 358
-200 -22 -218
112 337 65 373 153 239
148 29 390
-317 -289
208 249 130
305 389 59 143
-344 -380 -342 -339
337 373 389 6 59
-336 -82 -330 -116
86 344 379 139 302 239
321 340 232 378
-345 -315
375 296 167 108 189
339 342 344 185
16 148 390 282 189
256 178 307 150 215 332
33 243 340 378 285
119 149
32 210 242 36 5 73 381
227 318 199
-109 -292 -404 -29
-8 -381 -242 -73
326 359 86 246 87
16 385 390 167
208 249 75 39
-335 -181
50 326 198 246 86 359
326 68 245 206
291 89 59 126
326 198 86 87 359
389 150 58 92 143
222 326 359
321 353 276 232
-7 97
-286 -300
403 199 74 318
-210 -242 -73
-112 -65 -373
90 -356
368 2 341 232 315 184
98 402 261 406 231
305 337 373 6 377 59
401 227 311 24
220 -83
339 376 344 185 380
188 206 326 68
-47 -22 -165
337 305 377 59
16 243 390 167 189
114 21 393 335
33 306 275 244 205 285
-84 -22 -122
232 321 340 229
26 10 380 37
-349 -30
257 91 295 330 11
-283 -58 -389 -178
289 214 120 255
-96 -338
305 389 143
57 10 380 87
377 6
188 245 326 68
243 148 390 282 189
337 305 389 6 143
-109 -253 -404 -279
-402 -5 -30 -391
147 292 404 279 253 366
33 243 196 356 282 285
280 86 246 344 302 239
96 338 207
339 376 185 379 380
344 342 376 185 10 379 380
72 390
339 344 185 379 380
-186 -25 -140
369 49 37 200 266 331
-46 -14
-256 -215
321 353 403 340 229 276
-361 -363
-402 -242 -63
-388 -192
49 369 37 22 200 331
148 279 367
321 353 340 229 276 378
-275 -33 -322
321 353 89 126
245 206 213 222
72 148 29 367
57 10 380 37
-232 -315 -184
222 188 245 206
386 275 306 349 30 63
74 333 318
-387 -215
341 262 298 190
33 243 340 282 285 378
49 369 200 218 266
-99 -233
315 89 59 126
72 148 29 390
245 206
296 258 348 95
-283 -143 -150
272 -307
243 196 340 282 378
321 322 65 100 293
353 403 276 232 378
-116 -364
305 315 59
243 196 356 285
139 236 222 36
97 394 219
210 242 36 8 73
403 229 199 74 333
353 321 403 340 229 232
403 276 229 232 378
-84 -49 -165
336 82 309 330 91
208 130 39
80 -57
105 -190
198 359 86 246
345 291 315 35
321 65 353 293
271 -32
2 276 341 345
-14 -194
-17 -363
386 349 406
50 86 246 359
65 100 293
337 305 373 6 377 143
243 148 390 167
-141 245 206
403 227 371 74 333 318
-104 -198
321 403 340 276 232 378
-310 -154
33 196 356 282 285
29 292 404 279 253 109
386 349 231
-219 -137 -181
243 148 390 282
-58 -389 -150
-217 -249
32 210 242 36 5 381
127 29 279
50 326 246 87
200 57 26 37
344 86 280 139 302
246 198 326 223
337 305 373 389 377 59
339 342 344 185 10 380
49 369 331 22 200 218 266
191 -380
8 372 334
-23 306 275
156 -239
-340 -321 -232
166 -266
155 -150
73 36
236 222 78 36
368 341 184 345 315
78 68 236 36
256 387 134 215
280 139 302 239
-183 -334 -8
-386 -63 -237 -275
72 226 187
305 315 291 345 59 126
49 369 37 22 200 218 266
226 148 279 367
-344 -10 -185 -339
320 352 214 138 255
16 385 243 390 167 282
208 130 39 75 171
250 -358
200 26 10 50
-121 -289
-70 -198
284 -305
326 188 206
33 306 275 244 293 322
258 167 296 108
210 242 36 73 381
86 50 198 87
379 86 280 139 239
35 291 345 89 315 59
12 -254
8 32 372
-352 -385
-191 10 380
368 276 184 345 315
177 -346
198 86 246 359 223
50 198 87 86 246 223
145 134 262 299 108
-84 -22 -165
-181 -393
13 -184
72 226 127 367
337 389 6 377 143
-224 -83
302 139 78
72 148 390 279
-22 -331 -218
258 375 296 108
16 385 243 390
188 213 222 359
302 73 236 222
371 229 199 333 318
193 130 28
344 342 376 10 379
-349 -82
-112 -239 -100
394 219 6
-64 403 229
-37 -49 -331 -218
-83 -142
-74 -229 -199 -333
200 10 380 87
188 68 222 359
18 -107
243 196 340 282 285
321 353 322 100 293 89
-385 -189 -390 -243
305 35 345 315 126
-205 -285 -322
-8 -5 -36
208 249 171 39
243 356 340 196 282 285
-340 -321 -229
29 404 292 279 253 366
403 371 199 74 333 318
305 291 345 89 315 126
-275 -285 -322
50 198 86 359
-112 -280 -373
112 354 391 153 236 78
-306 -33 -293
139 302
291 35 89 315
65 321 322 100 293 89 126
82 275 306 237 30 63
291 35 89 59
401 267 221 79
135 -75
326 50 198
379 86 246 280 139 302 239
-324 394 219
402 354 5 391 30 63
262 184 298 190
304 274 198 70 104
337 389 6 143
305 373 6 377
32 242 36 5 8 73 381
-43 -95 -258 -103
-243 -33 -196 -378
-320 -45 -292
221
-243 -285 -196 -378
50 86 359 198 223
-265 -217
111 -387
-170 -129
-8 -381 -5 -36
-386 -30 -275
50 198 86 87 246 359
-142 -107
368 276 232 345 315
306 275 244 293 285 205
-235 149
280 344 379 302 239
337 305 373 6 59
2 276 232 315 184
-338 -366 -187
403 227 229 74 318
86 246 280 139 302
402 20 261 406
65 322 293 89
305 337 6 377 59
4 -25
99 -388
-169 345 315
114 21 335
-232 -315 -368 -341
346 362 98 283
291 345 89 315 126
-254 -185 -225
208 130 249 171
-306 -244 -285
-163 -5 -30 -354
188 245 326 359
-200 -22 -369 -218
112 354 244 391 153 236 205 78
368 2
33 196 356 378 243 340 282 285
-223 -274
38 -165
337 305 389 143
125 -340
38 -122
145 258 375 296 167 108 189
-261 -98 -231 -402
115 -96
371 403 229 318
80 -26
-266 -392 -307
274 84 47
226 29 390 367
-326 -198 -86 -87
16 243 390 167 282 189
376 344 10 379 380
3 147 202 27 109
32 210 242 36 5 8 73
72 127 390 279
-58 -150
-204 -183
-37 -369 -218
188 213 206 359
200 57 37 87
-63 -82 -275
-402 -242 -30
404 366 207
368 2 276 341 232 315 184
-380 -185 -339
-311 -160
323 -108
368 2 276 341 232 345 184
-111 -324
251 -383
274 84 57 26
200 26 380 87
86 246 344 379 139 302 239
230 190
-37 -22 -266
-156 280 239
112 244 391 153 236
-334 -159
-309 -330
-318 -229 -199 -333
395 -213
337 6 377 59
188 68 213 326
210 107 188 381 142
50 86 87 326 223
321 293 89 126
377 219 97
-145 -299 -298
338 366 207
324 -394
206 245 326
210 213 107 188 142
242 354 5 391 30
16 385 243 148 390 282 189
86 198 246 87 326
371 229 74 318
198 87 326 246 359
68 222 36
130 171 39
-362 -107
-125 378 340
33 196 340 378 285
306 275 322 293 285 205
123 -231
43 348 103 95
280 344 379 139 239
127 29 367
401 221 327
50 198 87 359
339 344 342 376 10 379
89 35 126 305
2 232 345 315 184
368 232 2 276 184 345 315
256 307 150 215 332
321 322 65 100 293 89
-205 -285
-376 -195 -172
342 344 185 379
403 371 229 199 74 333 318
321 322 100 293 126
186 343
337 305 6 59
-147 -253 -366 -279
316 -84
-34 172 131
16 385 148 167 189
49 369 22 200 266
321 353 403 229 378
326 50 198 87
33 340 356 378 285
339 342 344 185 379
89 321 322 65
-334 -106
296 43 348 103
-35 -219 -137 -335
208 39 249 75 171
-375 -258 -189 -145
-335 -393 -358
-386 -63 -82 -275
72 367
369 339 131 195 376 331
379 86 344 139 239
-152 2 368
-112 -280 -65 -373
-404 -366
-289 -255 -120
-272 332 307
-202 -309
371 227 229 403 333
-188 -206 -68 -326
-153 -239 -65
-14 -393
65 321 293 126
-395 -329
-37 -218
-178 -332 -256
372 32 204
368 2 232 345 315
-214 -138 -352
-120 -45
-354 -112
-32 -381 -5 -36
303 -261
302 73 139 222
333 229 318
-376 -369 -195 -172
-346 -98 -283
33 196 356 282 285 378
198 359 86 246 87
-291 -219
-181 -21 -358
-379 -344
403 340 229 276 378
188 68 326 359
213 107 188 381 142
305 291 35 315 126
-200 -22 -331 -266
302 73 36 222
-22 -331
-344 -380 -185 -376
103 296 348 95
-175 -11
305 291 345 315
-275 -244 -285
-150 -332
202 42 3
98 163 402 261 231
210 107 142
-237 -82
-354 -205 -153
-179 120
351 -227
-283 -58 -150
26 50 10 87
124 -320
107 188 142
139 236 78 68
403 227 229 199 74 318
-344 -380 -185 -339
206 213 326
114 181 358 21 393 335
-181 -358
245 213 326 359
242 354 402 5 391
145 375 296 167 108 189
403 276 229 232
401 327 24 267 221 79
-362 -98
-193 -28
-306 -275
384 -274
16 385 243 148 167
-182 355 194
280 379 344 139 302
345 89 291 126
-236 -78
339 376 342 344 185 10 380
50 223 198 326 246 359
321 403 340 229 378
-378 -321 -229 -276
77 -187
139 36
98 402 261 231
107 188 213
-147 -292 -404 -279
315 345 89 59 126
403 229 74 333 318
-354 -78
258 167 296 189 375
200 50 10 87
347 -253
321 353 340 378
402 98 20 261 406
401 327 221 79
-170 -28
-103 -348
-19 192
245 213 206
-295 -257
264 -223
302 68 222
-55 -42 -336
74 318 199
321 353 322 100 293 65 89
72 226 29 367
-354 -78 -205 -112
9 -55
32 210 242 8 381
-146 236 78
-9 55
349 175
245 68 213 206
33 196 340 285
112 354 244 391 236 205 78
57 26 10 50
368 2 341 184 315
-309 -237 -330
321 353 100 293 126
-340 -321 -229 -276
242 163 354 402 5
354 244 391 236 205 78
403 227 229 199 318
-150 -307
-200 -49 -331 -218
244 391 153 236 205 78
98 406 231
-360 137
321 353 340 232 378
-257 -129 -193
326 188 222 206
280 86 246 344 239
-387 -134
145 258 167 108 189 375
49 369 37 22 200 266 218 331
-339 -331
-70 -304
342 344 185 10 379 380
345 89 126 305
-147 -292 -366 -29
403 227 229 371 199 333 318
73 139 68 222
227 371 199 74 333
258 103 296 43 95
-320 -253 -16
-109 -366 -279
34 -131
-92 -389 -150
-291 -137 -181
321 322 100 293
368 345 315 184
353 276 340 229 232
49 37 22 200 218 266
368 232 2 184 345
10 26 380
339 342 344 185 10 379 380
-249 -208
74 371 333 318
-293 -65 -321 -126
402 163 98
353 322 100 293 89
178 389 58 283 92 143
65 321 322 100 126
33 322 275 293 205 285
-45 -385
321 403 276 229 232 378
-344 -380 -342 -376
339 376 344 185
107 188 213 142
50 37
33 306 322 244 205
368 2 276 232
49 369 37 22 266 218 331
202 3 42 109
86 344 139 302
89 315 126
336 82 309 330 91 237
-35 -394 -137 -335
368 2 276 232 345 184
200 380 37
276 341 232 345 184
-309 -82 -91
54 343 25 186 140
200 57 26
402 20 261 231
-318 -229 -199 -371
49 369 22 266 218 331
-387 -215 -299
208 130 39 249 171
-244 -205
26 380 50 87
371 227 229 74 333
-320 -45 -253 -385
32 204 183
280 86 246 344 379 302
-391 -78 -244
227 229 199 333 318
-376 -331 -195 -172
57 26 37
227 229 74 333 318
-298 -262
321 322 353 65 89 126
140 54 343
-306 -244 -293
397 -285
-109 -253 -366 -29
401 267 221
-214 -320
29 292 404 253 109 366
-240 -158
386 82 306 237 63
98 163 20 402 261
326 206
243 356 340 378 285
345 305 291 59
210 242 36 5 8 381
-49 -331 -218
245 326 359
377 389 6
314 -181
368 2 232 315 184
72 127 390 367
291 181 137 394 219 335
305 291 35 89 315 126
344 86 280 379 239
321 353 403 340 229
-376 -331
93 -91
-107 -210 -188
-244 -285 -293
368 2 232 315
392 307 151
2 276 232 345 315
144 70 104 206
379 344 139 302 239
291 35 345 89 126
-184 -298 -190
-254 -185
339 344 185 379
120 45 375
-142 -210 -188
194 131 149 172
243 356 196 282 378
363 -225
361 -295
72 29 390
178 389 150 58 92 143
377 389 305
337 305 373 377
337 59 373 377
-402 -5 -63 -391
68 245 326
302 68 78
243 356 340 196 378 285
339 344 342 376 185 10 379
35 181 137 394 219 335
86 359 198 87 326 223
-85 73 36
226 148 390 279
139 236 68
33 306 275 244 293 322 205
200 50 87
141 -245
65 353 100 89 126
-289 -20
89 291 345 59 126
74 227 333 318
321 322 65 100 89
208 75 39
-391 -78 -153
-340 -321 -229 -232
-145 -134
200 380 37 87
29 147 404 279 253 109 366
227 403 199 74 318
243 390 167 189
341 262 184 298 190
-83 -362 -107
145 167 108 189 375
196 340 282 285 378
122 165
353 321 403 340 229 232 378
296 258 348 103
385 243 148 390 167 282
376 342 344 185 380
265 371 333
200 50 10 37
305 373 377 59 143
-388 -58
344 379 86 246 280 139
89 59 305
106 334 159
243 356 196 340 282 378
65 322 353 293 89 126
321 353 403 340 229 378
-320 -292 -16
-112 -280 -100 -373
33 243 340 356 285
-159 -312 -95 -254
-376 -331 -131
258 167 296 189
-234 -312 -144
-255 -214
-217 -208
198 86 359 223
-47 -22
-354 -78 -153
280 344 139 239
402 406 261 98
339 344 185 10 379
159 312 95 254
373 389 6 377 59
49 369 37 22 200 266
-150 -307 -215
321 322 353 100 65 89 126
243 148 390 167 282 189
-139 -246 -239 -379
33 243 196 340 356 282
72 127 29 279
345 89 291 305
374 -293
16 385 148 390
204 183
68 222 78
-238 -83
337 65 100 373 280 153 239
327 24 267 221 79
35 291 181 137 394 219
82 275 349 237 30 63
337 373 6 377 59 143
-243 -285 -356 -378
-331 -218
227 333 199
302 36 222 78
178 150 58 283 92 143
114 358 294
29 147 404 292 253 109 366
33 243 356 196 282 285 378
29 147 292 404 279 253 109
57 26 380
385 243 390 282
-349 -82 -275
82 275 306 386 349 30 63
-171 -130
393 21 181 358
29 390 279
339 376 185 10 380
305 59 373 377
-289 -261
82 275 306 349 237 30 63
-320 -16
73 236 222 78
392 266 307 151
89 126 305
-273 46
3 202 42 27 109
368 2 341 232 345 315
258 348 95
-206 -104
368 276 341 184 345 315
288 -385
96 338 404
368 276 341 232 345 184
337 65 100 373 280 239
16 385 167 189
112 65 100 373 280 153 239
-130 -28
-302 -139
72 187
321 353 100 293 89 126
210 242 36 5 8 73 381
-45 -292 -385
147 292 404 279 253 109
16 385 243 148 167 189
98 163 406 231
337 59 373 305
302 73 139 78
-317 -255 -120
-287 -351
200 57 26 380
368 2 276 232 184
336 116 309 91 237
400 -205
73 236 222 68
147 404 279 253 109 366
50 86 246 223
148 29 390 127
321 340 229 378
337 305 373 6 59 143
-157 -259
379 86 246 139 239
-90 356 196
-112 -239 -373
57 26 10
65 322 100 89 126
-37 -49 -369 -266
321 276 229 232 378
315 35 89 59 126
50 86 198 223
-302 -246 -239 -344
-99 -66
386 82 275 306 349 237
147 404 292 279 109 366
342 376 10 379 380
86 139 302 239
88 -379
345 305 315 89
198 87 326 359
-39 -208 -171
402 163 20 261 406
16 243 148 390 167 282 189
86 246 344 379 302
65 322 293
200 50 26 87
29 147 404 279 253 366
344 339 376 380
368 2 315 184
379 86 246 139 302
-206 -70
32 210 36 8 73 381
133 -109
210 107 381 142
321 353 403 276 229 340 232
302 139 36 222
89 305 291 345 59
305 389 377 59
-200 -37
-271 -174
50 198 359 87 223
160 401 227 199
65 321 322 353 100 293
321 322 353 100 293 65 89 126
305 35 291 59 315 126
-406 -231
178 389 150 58 283 92
85 -36
258 375 296 167
403 371 229 199 74 318
96 187 207
3 147 109
178 307 150 215 332
-328 204 183
18 -142
-212 282 243
405 -359
98 163 20 402
320 352 214 138
50 326 198 246 359
86 246 280 302 239
64 -229
407 -208
305 389 6 59
280 86 344 379 139 302 239
-350 195
385 243 167 189
403 227 74 333 318
33 306 322 244 293 285 205
-8 -210 -73
392 151
65 321 353 100 293 89
129 170 294
86 198 326 223
-137 -294
321 322 65 293 89
16 385 243 390 167
373 389 6 377 59 143
305 291 35 345 89 59
-318 -403 -199 -333
29 292 404 109 279 253 366
65 322 353 321 293 89
403 227 229 74 333 318
342 376 185 10 379
72 127 367
-54 -121
402 163 406 231
-401 -227 -311
321 353 340 232
305 373 377 389
-369 -331
280 86 246 344 379
170 114 294
89 65 100 293
339 342 185 380
187 79 207
-254 -342 -399
98 402 20 163 231
-386 -82 -306
-386 -63 -82 -306
-361 -64
403 371 199 74 318
-47 -122
50 326 359
89 35 59 345 315 126
86 246 344 139 302
296 258 348
353 403 276 229 340 378
-341 -184
339 376 185 380
305 291 35 126
-145 -108
-275 -285 -293
305 291 35 89 59 126
242 402 163 5 391 30 63
119 183
371 333 318 199
-379 -380 -185 -339
386 306 82 349 237 63
-30 -237 -306
49 369 37 22 200 218 331
-276 -345 -368 -184
-302 -86 -239 -379
50 246 86 87 359
50 198 359 223
203 -214
65 322 321 293 126
-398 -238 -234
-393 -358
-346 -362 -283
98 163 261 231
148 127 367
-308 -220
187 366 207
326 68 206 359
371 403 229 199 74
344 376 185 379 380
-187 -72 -327
-225 -46
303 -20
-402 -242 -354
-245 -70
72 279 29 367
33 243 356 282 285
50 198 359 246 223
-131 -149 -194
305 389 377 59 143
68 206 222
113 -42
402 163 20 261 406 231
-147 -292 -366 -279
403 227 199 333
389 58 283 92 143
-391 -78 -205 -153
336 116 309 330 91
198 326 87 223
242 163 354 5 391 30
246 86 280 379 239
342 376 10 379
-58 -143 -150
-375 -258 -167 -108
145 258 375 167 189
368 2 276 341 345
306 275 244 293 322 285 205
50 326 87 359
33 243 356 340 378 285
403 276 229 340 232
-31 -71
233 -246
-352 -45 -16
-401 -160
-375 -258 -189 -108
-99 -191
-239 -65
173 -258
281 -171
403 340 229 232
-109 -253 -366 -279
-244 -285 -322
-257 -170
242 354 163 5 30 63
-200 -22 -331
321 353 229 232 378
-254 -185 -399 -46
307 392 218 266 332
338 404 366
-200 -369 -218
-339 -172
57 26 380 37
246 280 379 139 302 239
368 276 341 232 315 184
-112 -280 -65 -337
386 306 237 30 63
54 343 25 140
160 401 227 199 24
339 342 344 185 10 379
86 246 344 139
114 181 358 393 335
-37 -22 -331
65 321 126 353
369 331 37 200 218 266
281 -130
-32 -210 -242
336 116 91 237
-391 -244 -112
-109 -253 -404 -29
403 229 74 333
242 163 354 402 391 63
-340 -353 -403 -232
337 373 6 377 143
160 225 75 39
-354 -236 -112
33 356 196 378 285
65 321 353 100 293
-121 -317
242 163 402 391 30 63
-330 -295
390 367
98 402 406 231
-313 -363
402 163 20 261 231
26 50 10 37
246 198 326 359 223
-139 -246 -239 -344
82 116 309 330 237
2 276 341 345 315
217 371 265
321 353 403 340 232 378
-138 -320
98 20 261 406 231
321 65 353 89 126
21 358 181 393 335
382 -74
16 385 390 167 282 189
-30 -275
210 188 213
32 210 36 8 381
-194 -393
229 227 333 199
321 65 353 100 293 126
-181 -21 -114
392 218 266
187 327 207
403 371 229 74 333 318
-257 -170 -28
242 354 402 5 391 30 63
337 373 377 59 143
202 3 147 109
-121 -289 -20
50 198 86 87 326 359
-295 -129
321 322 353 100 293
178 150 283 92 143
243 196 340 285
29 147 279 253 109
258 167 296 108 189
73 139 78
371 333
-354 -244 -153
-326 -223 -86 -50
-378 -321 -229 -232
226 279 29 367
248 -353
242 354 402 391 30
57 380 37
337 377 389 305
321 322 293 89 126
321 322 353 100 293 126
191 -10
-198 -274
-108 -134
-308 -209
78 139 222
-2 -368
-260 371 333
304 274 84 57 47
-210 -5 -36
305 35 89 59 126
305 291 89 59 126
-354 -236 -244
402 163 231
-51 302 139
-216 87 50
-361 -152
339 342 344 185 380
242 402 163 5 391 30
-163 -242 -30 -354
-78 -205
271 -8
-45 -253 -16
393 194 21 14
402 242 354 163 391 30 63
194 355 21 393
-309 -82 -91 -116
-99 140 388
222 188 213 326
82 116 309 330 91
321 353 403 340 378
344 86 280 139 239
-163 -402
321 322 353 100 293 89 126
202 42 109
304 274 26 84
50 326 359 246 223
-264 223 198
-376 -331 -195 -131
68 78
263 -49
-232 -345 -368 -184
39 311 75 399
188 213
385 243 148 390 167
188 245 326
138 230
-55 -202 -336
-349 -63 -237
-386 -30 -82 -275
-108 -299 -298
26 37
-35 -394 -181
217 333 265
-232 -345 -368 -341
227 371 229 199 333 318
337 305 389 373 377 59 143
-200 -22 -369 -266
327 267 221 79
339 342 344 185 10
178 150 58 283 92
89 305 291 35 345 315
89 322 293
306 275 244 293 322 205
403 227 229 371 199
321 65 322 100
210 213 107 188 381 142
-214 -138
112 337 65 100 280 153 239
389 6 377 143
-224 -238 -234
-340 -321 -403 -232
377 389 6 305
50 86 359 87 246 223
227 199 74 333 318
10 50 37 87
16 385 167 282 189
-35 -394 -137 -181
-12 254
112 354 244 391 153 205
-303 -268
-179 -9
290 -21
244 391 153 236 205
280 86 344 302 239
29 292 404 279 109 366
50 326 86 246 223
368 217 371
-150 -307 -256
243 340 378 285
337 373 389 377 143
-119 -149
258 103 43 348 95
72 226 148 279
232 368 276 184 345 315
72 187 327
33 306 275 322 293 244 285
-106 -43
-120 -45 -375
-291 -394 -137 -181
-347 292 253
212 -243
-200 -49 -369 -218
-14 -194 -21
353 321 340 229 276 232
339 376 342 344 379 380
42 3 109
367
73 36 78
204 334 183
305 373 6 377 59
89 291 305
291 35 345 89 59
208 130 75 171
-326 -198 -86 -50
72 148 390
57 26 50
326 50 86 246
86 246 344 379 239
112 244 391 153 236 78
-25 -346
-232 -368 -184
322 100 293 89 126
-385 -390 -243
-178 -215
-288 -93
147 279 253 109 366
-16 -167 -390 -282
-275 -205 -322
8 32 204
-375 -296 -167 -145
-205 -285 -293
-189 -167
-99 -328
392 307 332
-395 213 188
121 164 54 25
371 199 74 333 318
276 341 232 184
289 164 261 20 121
243 196 340 378
229 74 333 318
307 151 392 266 332
232 321 229 353
200 26 380 50
-205 -112
154 -342
139 36 236 302
33 322 244 293 205 285
3
321 403 340 229 232
72 127 279
8 204 183
68 236 36
-339 -369
326 50 86
337 305 373 6 143
50 86 246 198 359
321 403 340 276 229 232 378
368 276 341 232 345 315
369 37 22 200 266 218 331
354 244 391 153 236 205
112 244 153 236 205 78
224 186
86 198 326
371 229 74 333
147 404 292 253 109 366
-306 -205 -293
325 -237
-8 -242 -73
145 258 375 296 167
-112 -239 -65
326 198 86 359
-209 151 392
114 21 358 181 393
321 403 229 232
25 186 388 343
20 261 406 231
33 243 356 196 282 378
144 245 70 206
-352 -45 -253 -385
-306 -244 -285 -322
-73 -36
258 43 348 103
380 26 50
401 267 221 327
50 86 246
72 390 367
305 291 315 126
89 305 291 345 126
-186 -388
-37 -49 -369
222 206 213 326
326 359
-327 -221 -24
182 -355
65 100 293 353
226 279 367
69 -175
-131 -194
-288 16 385
-153 -239 -65 -337
-157 14
-320 -292 -385
-82 -275
-63 -82 -306
280 246 344 139 302 239
-112 -280 -100 -337
32 242 36 5 8
-402 -30 -354
337 373 389 377
-289 -120
72 79 327
245 68 213 222
147 404 279 109 366
403 229 199 74
57 26
-139 -86 -280 -344
-336 -237 -91 -116
321 65 100 293 89
-47 -49 -165
-131 -149
305 337 389 6 377 143
-133 147 109
216 -50
33 243 196 378 285
148 127 390 367
32 334 183
353 403 340 229 232 378
-254 -342 -46
50 326 359 198 223
402 163 20 231
385 243 148 390 282
344 185 10 380
-224 -83 -234
305 291 35 345 89 59 126
-352 -45 -292
-339 -195
65 322 100 293
-355 -194
65 321 100 293 126
139 68 222
353 403 276 229 232 378
-275 -244 -293
321 353 403 340 276 232
29 147 292 404 279 253 109 366
175 11
-295 -170 -28
-242 -30 -391
291 345 89 315 59
-144 -206 -104
175 406 231
339 344 10 379 380
388 54 343 186 140
54 343 186 140
225 342 185 46 399
336 82 116 309 330 91 237
-153 -280 -100 -373
-349 -30 -237
-233 246 86
339 376 344 185 10 379
-303 20 261
404 279 253 109 366
403 227 229 371 199 318
-148 -390
305 291 59 126
242 354 5 30 63
-337 -389 -305 -6
368 2 341 232 315
305 291 59
68 213 326 359
258 348 103
-376 -131
-4 54 25
-385 -189 -390 -282
-337 -143 -305 -377
402 354 163 5 391 30
89 305 59 345 315 126
-398 -224
-373 -337
112 354 391 236 205 78
57 50 26 37
385 243 390 167 189
89 305 291 345 315 59
-106 -55
147 292 279 253 109
242 354 402 5 30
226 29 390 279
339 376 344 185 10 379 380
305 59 389
160 225 399 39
402 98 20 261 406 231
33 356 196 340 285
86 246 280 379 302 239
305 389 373 6 377 143
305 35 89 315
222 245 326 359
57 10 380
-159 -254
-168 -67
307 151 218 332
-342 -185
291 35 315 126
353 322 65 100 293 89 126
147 292 279 253 109 366
392 307 332 151
-337 -389 -59 -377
144 245 70 104 206
100 293 89 126
57 50 26 87
-289 -214 -120
178 389 150 58 283
67 -63
-332 -307
-385 -167 -243
72 127 29 367
258 103 296 348 95
50 198 86 246 87
73 36 302 68
210 213 188 381 142
-42 -27 -109
236 78
-283 -58 -143 -178
353 403 340 229 276 232
-374 322 293
246 198 326 87 223
-112 -280 -100
232 2 276 341 184 345
46 195 14
276 341 232 315 184
353 340 229 276 232 378
392 122
334 183
208 130 171
-308 -80
145 258 167 108 189
336 82 116 309 330 237
-109 -292 -404 -279
-354 -236 -205
145 167 108 189
127 148 29 279
305 373 389 6 59
-292 -253
16 385 390 167 282
-280 -65 -373
-107 -210 -213
188 68 213 359
117 -337
246 344 139 302 239
-340 -229 -232
-344 -10 -185 -376
154 -185
-5 -30 -354
-164 -261
73 139 236 302
82 275 306 349 30 63
305 35 59 89 315 126
-153 -280 -65 -373
53 -311
-200 -49 -218
-308 119
112 337 65 100 373 280 153 239
98 20 406 231
403 229 199
-37 -22 -331 -218
89 305 35 345 59
113 -202
326 86 87 359 223
132 -37
65 322 100 293 89 126
160 225 39 311 75
145 258 375 296 108
72 226 29 279
235 -149
305 373 6 377 59 143
403 227 229 74 333
369 331 49 37 200 218 266
194 131 355 149 172
266 218 307 151
-340 -321 -403 -276
-176 29 279
200 26 380 37
365 -390
-195 -14
29 147 292 279 109 366
139 36 78
305 337 389 377 143
372 204 183
-285 -293
226 127 390 367
305 291 35 59 315
-112 -239
-115 96 338
385 243 167 282 189
339 344 342 376 185 379 380
-378 -353 -229 -232
-291 -137 -335
371 403 199 333 318
-147 -253 -366
-386 -82 -275
16 385 243 148 390 167 189
33 243 340 282 378
-210 -242 -36
298 190 262
291 59 345 315 126
336 82 116 330 91 237
-112 -239 -100 -373
-116 -137
326 222 206 359
-304 -274
402 20 406 231
86 87 326 359
-238 -107
305 291 345 315 126
-344 -380 -185
200 26 380
-49 -369 -218
384 -304
-153 -112
32 210 242 36 5 73
57 50 87
-112 -239 -100 -337
371 403 229 199
65 353 89 126
65 100 373 280 153
73 36 236 78
129 170 358
-255 -138 -320
305 291 35 345 89 315 126
302 73 68 222
305 291 89 126
339 376 342 344 185
-104 -223 -274
16 385 148 390 282
89 321 100 65
50 86 198 326 359
-207 -187
-153 -280 -65 -337
98 402 20 231
-108 -262
-320 -45 -385
-124 -113
401 327 24 79
385 148 390 167
-55 -202 -309
321 322 353 100 89
29 109 279 253 366
353 403 276 378
-30 -82 -306
385 243 148 390 282 189
243 167 282 189
184 298 262
302 68 222 36
356 196 340 378 282 285
-293 -65 -353 -89
289 164 261 20 121 317
148 29 279
304 274 84 47
324 -219
-108 -134 -262
395 -188
337 6 377 59 143
-386 -63 -82
302 236 78
368 276 232 345 184
-331 -195 -172
16 385 243 148 390 282
206 222 326
-310 -146
101 -372
368 276 232 315
-185 -399
353 322 293 89
33 340 356 282 285 378
403 227 229 318
50 10 87
377 394 219
-205 -33 -322
-179 -69
302 139 68 78
50 86 359 87 326 223
-172 -131
245 188 213 206
-332 -215
32 372 334
-108 -134 -298
-108 -299 -262
200 57 26 50
226 187 327
368 341 232 345 315 184
-41 -69
16 243 148 390 282
65 353 293 89 126
369 49 37 200 266
89 35 345 315 59
321 353 293 126
16 385 243 390 282 189
35 137 394 219 335
68 326 359
301 -375
302 139 68 222
161 -298
-379 -380 -185 -376
243 356 196 282 285
16 385 243 390 189
291 315 35
299 387 134 215
24 401 221 79
339 344 376 10 379 380
10 380
-27 -3
82 116 309 330 91 237
321 353 403 340 276 232 378
-155 -7
-313 126 89
-254 -185 -399
305 373 389 59
-159 -95 -254
86 246 344 379 302 239
305 291 89 315 59
336 309 55 202 42
383 387
280 86 344 379 302 239
112 337 65 100 373 280 239
-8 -381 -242
291 181 394 219 335
-232 -345 -2 -184
201 -366
305 291 35 59 345 315 126
368 2 341 184 345 315
245 206 359
29 147 279 253 109 366
112 354 244 391 153 236
-43 -95 -258 -348
-49 -331 -266
242 402 163 5 30 63
225 311 75 399
86 246 139 302 239
-220 238 83
68 245 222
-349 -82 -306
243 196 356 378 285
210 242 36 5 73 381
-12 -146
139 68 222 36
192 97
-275 -244 -322
-59 -305
32 210 242 36 5 8
385 243 148 390 167 282 189
-147 -253 -404 -29
145 258 167 296 189
-15 143 389
402 406 231
354 244 391 153 236 205 78
50 87 86 246
403 371 229 227 74 333
-85 -329
-178 -307 -215
65 337 100 373 280 153
320 385 352 45 292 253
371 229 333 318
-349 -63 -82 -275
-200 -49 -369 -266
-376 -369 -195 -131
26 10 50
222 245 206
44 -401
-339 -369 -195 -172
360 -137
-283 -92 -389 -178
243 340 356 282 285
389 150 58 283 92 143
305 35 59 345 315 126
258 103 296 43 348
377 394 6
337 305 373 377 59 143
196 340 378 285
342 344 185 10 380
68 213 326
-140 -388
72 29 367
304 274 84 57 26 47
339 344 185 10 380
227 229 318 199
-22 -122
200 10 37 87
305 373 389 6 377 59
147 42 27 109
-306 -205 -33
258 375 296 108 189
50 86 87
49 369 200 266 331
345 305 315
291 35 181 137 219 335
-116 -294
-185 -225 -46
-66 381 210
305 291 35 89 59
402 163 354 391 30 63
50 198 87 326 223
-124 352 320
-407 249 208
160 225 311 39
321 322 353 65 293 126
227 371 229 199 74 333 318
16 148 167 282 189
8 334 183
65 321 293
35 137 394 335
-22 -331 -266
49 369 331 200 218 266
-1 6 377
291 345 315 59
305 291 35 345 59
225 342 46 185 254 399
-95 -254
33 275 244 293 285 205
-230 -190
163 20 261 406 231
278 -267
403 371 229 227 74 318
256 178 307 150 215
336 82 309 330 237
210 36 8 73 381
145 375 296 167 108
72 226 279
112 244 391 153 236 205 78
371 229 199 318
-121 -289 -261
-245 -206
-113 202 42
50 198 86 87 359
-181 -393 -358
-396 127 367
65 322 353 293 126
339 344 185 380
68 213 222 359
56 -138
373 389 6 377 143
-180 265 217
72 226 390 127
337 373 6 389 377 143
130 171 28
148 390 279
258 43 348 95
72 226 390 279
68 245 206
321 322 353 100 89 126
305 315 291
353 100 293 89 126
368 217 265
86 50 198
24 401 267 221
304 274 26 47
106 372 334
98 163 402 231
368 2 276 341 345 315
169 -345
339 342 376 185 10
213 326 359
226 279 390 367
52 -222
300 -58
328 -183
369 339 131 376 331 172
-385 -167 -390 -243
33 356 196 282 378
321 353 340 229
-291 -219 -137 -181
-86 -239 -344
16 385 148 282 189
-275 -205 -285 -322
57 10 26 380
16 243 167 282 189
339 342 185 379 380
-385 -167 -148 -282
305 291 345 315 59
339 342 344 10 380
307 151 392 218 266 332
8 372 183
245 206 213 326
-381 -242 -36
289 164 261 121 317
68 222 326
245 188 213 326
305 59 377
242 354 163 5 391 30 63
258 103 296 43 348 95
148 29 390 367
2 276 341 232 184
33 243 356 196 378 285
-171 -28
261 406 231
279 148 29 367
371 229 199 74 333
307 151 392 218
50 326 359 223
72 29 390 127
227 371 199 74 318
-361 -90
385 243 390 167
16 243 148 167 282 189
73 139 36 78
-242 -63 -354
206 188 213 222
227 311 24 199
368 2 341 232 184
242 354 402 5 163 391 63
-91 -257
-78 -205 -153
-48 11
353 403 276 229 378
16 243 148 390 167 189
-47 -165
72 187 79
-6 -377
392 218 332 151
-109 -253 -366
198 326 359
-311 -225 -39
96 338 366
112 337 65 100 373 239
-92 -389 -178
386 306 237 63
66 -381
-37 -331
-118 343 186
305 291 35 315
32 210 36 5 8 73
305 389 373 59 143
305 291 345 59 126
-346 -283
-8 -210 -5 -73
112 65 337 100 373 153
321 340 276 232
86 198 87 223
305 315 291 59
200 26 50
321 403 276 229 232
321 353 276 229 340
368 276 232 184
-375 -258 -167 -145
65 322 89 126
-386 -237 -275
321 340 229 276 378
374 -322
-35 -219 -335
226 148 29 279
337 373 377
32 210 242 36 5 8 73 381
65 322 353 293 89
-391 -78 -205 -112
3 147 27 109
196 340 356 282 285
321 353 100 293
296 258 95
200 50 380 37
339 376 10 380
26 380 87
-258 -167 -145
227 403 371 199 74 318
291 35 89 315 126
188 213 222 68
339 376 344 185 10
-275 -244 -285 -293
-276 -315 -368 -184
16 385 148 390 167
-364 -294
178 389 150 283 92 143
-8 -210 -242
74 227 333 199
-352 -253 -16
72 226 279 367
336 116 330 91 237
-388 -58 -192
321 100 293 89
73 139 68 78
276 341 232 345 315
-112 -239 -337
-20 -261
-35 -291
326 359 198 87 86 246
57 26 47
-401 -227 -160
118 -343
-346 -362 -98
-336 -237 -330
-386 -30 -306
339 342 185 10 380
-391 -354
148 29 390 279
243 340 356 282 378
33 243 196 340 378
96 404 366
160 311 75 399
-153 -239 -65 -373
-376 -331 -172
3 42 147 202 27 109
82 275 386 237 349 30
16 148 282 189
-265 -364 -208
33 243 356 196 282
403 371 229 199 74 333
-339 -195 -131
305 315 35 59 126
225 39 311 75 399
-159 -312
371 403 199 333
321 403 229 232 378
-37 -22 -369
347 -292
371 403 229 199 333
112 337 65 100 280 239
-109 -366 -29
93 -330
337 373 6 377 59
258 375 296 167 108 189
163 261 406 231
73 36 236 68
348 383
-260 -363
344 10 379 380
377 219 6
-295 -170 -193
243 196 340 378 285
-357 364
-282 -285 -356 -340
89 305 35 345 315 126
-376 -369 -131
-17 276 232
-116 -364 -294
386 306 275 82 237 349 63
210 36 5 8 73 381
302 139 68 36
337 389 6 377 59 143
50 198 87 86 326 223
89 291 35
-349 -30 -82 -275
-314 -60
98 402 20 261 231
29 147 279 109 366
-99 -329
-318 -229 -227 -333
321 403 340 229
242 354 402 5 391 30
139 68 302
57 50 37 87
227 229 199 74
-391 -78 -244 -153
-104 -274
270 -28
16 243 390 167 282
8 204 334
305 373 389 377 59
403 227 229 199 74 333 318
-291 -219 -137
96 338 187
3 147 42 27
98 163 20 406 231
321 322 293 126
321 65 322 353
-164 -121
-391 -236 -205 -112
227 199 74 318
-342 -225 -46
2 276 341 232 315 184
-153 -239 -100
-239 -337
368 2 276 341 232 345
-13 -357
367 127 390 279
-336 -82 -116
-275 -244 -33 -322
337 305 373 389 377
35 291 181 137 335
-391 -205 -153
217 371 333
-285 -196 -340
-54 -25
16 385 243 148 390 167
403 371 229 227 74 333 318
339 344 185 10 379 380
246 198 326 87 86 223
194 355 131 172
50 198 86 246 326
223 86 246 198 326 359
-254 -342 -399 -46
82 275 386 349 30 63
349 406 231
-402 -5 -63 -354
50 223 198 326 87 359
86 344 139 302 239
188 213 206
184 341 262
-232 -315 -368
385 243 390 167 282
72 148 367
50 326 198 87 359
33 306 275 244 322 285
65 322 293 353
89 321 293
401 227 199 24 311
72 327 207
-135 75 39
98 163 261 406 231
319 -242
161 -262
197 -170
337 305 373 389
402 354 391 30 63
57 274 26 47
72 226 29 390
-287 -201
16 243 148 282 189
-286 376 339
396 -367
368 341 232 345 184
333 318 199
405 -326
26 37 87
8 32 334
339 342 376 185 380
-52 222 68
368 232 2 341 184 345
403 227 229 333
72 226 390
-402 -242 -63 -391
184 298 341 262
188 222 326 68
-339 -331 -195 -131
208 130 39 249 75
-138 -230
224 83 398 238
326 86 359 223
-291 -181
-251 383
-276 -315 -2 -184
188 213 359
121 164 25 346
-236 -205 -112
234 312 144
291 35 181 137 394 335
68 213 206
33 306 275 322 293 205 285
86 246 326 359 223
36 78
89 291 315
-247 398 224
296 258 43
198 326 359 223
2 341 184 345 315
-218 -392 -307
305 291 345 89 126 315 59
-173 296 258
243 390 167 282 189
353 321 276 229 340 232 378
16 385 243 167 282
32 210 242 5 8 73
68 206 359
302 36 236 78
-139 -86 -239 -344
32 210 242 36 8
-315 -368 -184
209 -392
-224 -234
33 243 196 340 356 378
-391 -236 -244 -112
353 321 403 276 229 232 378
65 100 293 89 126
305 377 6
16 385 243 148 167 282 189
-283 -58 -143 -150
112 354 244 391 205 78
86 246 139 302
-186 -54 -140
-177 -101
367 390 279
33 243 340 282 285
-37 -22 -369 -218
402 242 354 5 163 30 63
129 170 358 114
65 321 353 100 89
403 371 229 227 199 74 318
-275 -205 -285 -293
50 326 198 86 87 246 359 223
377 6 97
32 210 242 5 8 73 381
-310 283
82 275 306 237 349 30
-160 -39
-291 -394 -181
-320 -45 -292 -385
-92 -143 -150
-349 -63 -237 -275
-128 226 72
337 373 389 6 377
291 181 137 219 335
71 -189
188 326 68
200 57 50 380
-228 104 70
305 389 6 59 143
226 148 127 367
-309 -330 -116
-43 -258 -348
15 -389
-354 -236 -205 -153
33 196 356 340 378 282
227 229 199
280 246 344 139 239
-267 -221
353 403 340 229 232
50 326 198 223
377 97
16 385 148 390 167 282 189
-117 373 337
290 -393
86 246 280 139 239
305 291 35
-222 -68
376 342 344 185 10 380
244 391 153 236
-8 -210 -242 -36
339 376 344 10 379
-47 -49 -122
402 163 354 242 30
33 306 322 244 293 205
148 279 390 367
368 276 341 184 315
200 26 10 37
245 188 213
89 59 35 305
402 163 20 261 406 231 98
242 402 5 391 30 63
368 217 333
-335 -21 -358
-88 379 344
-154 342 185
245 188 213 222
342 344 185 10 379
-153 -280 -337
112 65 100 373 280 153
-352 -45 -292 -16
353 321 276 229 232 378
368 2 341 184 345
291 35 181 394 219
-65 -337
106 372 334 159
318
321 353 340 229 378
49 165 22 122 47
-391 -78 -112
-225 -39
3 42 147 202 27
397 -33
284 -59
89 305 35 345 315
368 217
-402 -63 -354
-289 -255
250 -114
187 404 366
-331 -195 -131
200 50 380
-279 -390 -72 -367
32 210 242 36 73 381
50 380 37
342 344 185 380
-306 -205 -322
-139 -86 -239 -379
-304 -26 -47
339 342 376 10 379
49 369 37 22 218 331
-58 -389
-308 -263
371 229 74 333 318
94 -3
41 -336
321 403 340 229 232 378
72 148 127 367
127 148 279 367
65 321 89 353
139 68
-143 -389
-283 -92 -389
151 392 218 266 332
40 -402
3 42 27 109
402 98 20 163 406 231
242 354 402 5 30 63
88 -344
112 337 65 280 153 239
280 86 246 344 139 302
406 402 163 98
321 100 293 89 126
-307 -256
16 385 243 148 390 167 282
-215 -134
158 -98
121 54 25 346
148 390 167 282 189
188 206
33 322 275 244 293 285 205
73 139 68 302
403 199 74 333 318
-296 -167 -108
304 274 198 70 223
-83 -362 -142
16 385 243 148 390 167 282 189
385 243 148 390 167 189
305 35 345 315
68 245 206 359
368 2 276 184 315
280 379 344 139 302 239
-254 -399 -46
188 326 359
337 305 373 6
-84 -49 -122
305 337 373 6 377
353 403 276 229 232
227 371 229 199 74 318
89 291 345 315
-42 -336
-290 21 393
68 206
82 309 330 91 237
-301 375
-252 -110
232 368 276 341 184 345 315
-283 -58 -178
289 214 317 255
337 59 305
-112 -100 -337
-82 -330
243 340 282 378
130 75 171 39
344 379 139 302
-291 -219 -137 -335
-168 43
53 -160
43 348 103
-299 -134
344 139 302 239 246 86 280 379
73 139 68
-32 -210 -242 -73
321 65 322 353 293
50 10 380 37
-8 -381 -36
-402 -242 -30 -391
-168 -123
403 229 333 318
-211 79 327
350 -195
-145 -134 -262
-164 -289
-172 -149 -194
-203 255 214
-289 -214
145 258 167 296 108
33 340 282 285 378
-336 -309
166 -218
243 196 356 340
-242 -30 -354
-130 -193
160 401 227 199 24 311
304 274 84 26 47
72 226 148 127
-283 -92 -143 -178
296 258 103 95
388 54 343 140
-54 -121 -346
339 344 342 376 10 380
-49 -22
304 274 84 57 26
-112 -65 -337
337 373 389 6
178 389 150 58 92
33 243 196 340 282
-40 163 402
296 258 43 348
-306 -205 -285
16 385 243 148 282
369 49 37 200 218 266
50 198 87 246 359
339 376 10 379 380
394 219
-339 -369 -131
390 279
402 163 354 30 63
305 389 6 377 59 143
49 37 22 266 218 331
50 246 326 87 359
-116 -137 -364
376 342 344 185 10 379
-261 -98 -406 -402
68 213 206 359
50 326 246 359
-352 -253 -385
-45 -253 -385
-320 -45 -253 -16
277 -100
210 242 36 5 73
65 322 293 126
236 222 78
243 196 340 356 282
-283 -58 -389
256 387 134 215 299
402 354 242 30 63
243 196 378 282 285
403 371 74 333 318
114 181 358 335
337 305 389 373 6 377 59
321 403 340 232 378
112 354 244 236 205 78
280 86 344 139 302 239
-150 -332 -215
89 305 291 345 315
57 10 26 87
72 279 367
50 86 326 246 198 223
305 35 89 315 126
-104 -198 -304
-354 -244 -112
-282 -285 -196 -340
73 139 68 36
112 354 244 153 236 205 78
258 375 296 167 108
188 68 245 222
229 318 199
26 380 37
178 389 283 92 143
-109 -404 -279
49 37 22 200 266 218 331
130 39 249 75
-257 -28
156 -280
-306 -244 -33 -293
-314 335 181
-339 -331 -172
280 86 344 379 139
305 291 35 345 315 126
83 362 107 142
35 181 137 394 335
368 2 276 341 184 315
-178 -307
-37 -331 -218
-391 -205 -112
341 232 315 184
-275 -205 -285
338 366
326 245 206 359
339 342 185 10 379 380
-391 -236 -205 -153
-112 -280 -337
339 342 376 185
392 218 307
305 291 35 89 126
-243 -196 -340
245 213 206 359
-219 -137 -335
33 306 275 322 293 285
-253 -366 -279
-248 353 321
-275 -205 -293
33 243 196 340 285
33 356 282 378
291 35 89 126 315 59
402 98 20 406 231
50 198 87 223
-268 106
-167 -390 -243
276 341 232 345 315 184
-144 -206
89 291 35 305
368 2 232 184
188 222 206
27 3 109
258 103 296 43
-30 -237 -275
258 375 167 108
152 -2
389 150 58 283 143
371 227 229 199 74 333
403 227 199 333 318
218 307 332
98 261 231
292 404 253 109 366
74 333 318 199
-93 91 330
50 246 198 87
86 246 344 379 139
280 246 86 344 379 239
-205 -293
16 385 243 148 390
337 305 373 389 6 377 143
65 322 321 100 293 126
33 243 356 282 378
371 227 229 333
-217 -364 -208
368 232 315 184
208 130 39 75
-322 -293
-281 171 130
-261 -231 -402
49 369 22 200 266 331
-112 -239 -65 -373
10 380 50 87
-257 -170 -193
402 163 261 406 231
210 107 188 381
-386 -349
89 293 126
226 127 29 367
280 379 246 86 344 139 239
160 39 311 75 399
187 327
50 86 87 246 223
305 337 389 6 377 59
326 50 86 87
73 139 302
33 356 196 340 378 285
89 65 100 126
225 342 46 185 254
-372 -106 -159
-23 -173
302 68 222 78
321 353 403 340 276 378
-200 -22 -266
-19 -62
-331 -172
243 196 340 282 285 378
-153 -65 -337
-159 -95
145 258 375 296 108 189
225 342 185 254 399
26 50 37
337 373 389
-312 -95
50 86 326 246 198 359 223
86 198 223
78 68 236 222
-217 -364 -249
62 -331
-312 -254
344 185 10 379 380
371 227 318 199
10 380 87
68 36
305 373 389 143
291 35 89 315 59
305 35 345 315 59
217 2 333
184 190 262
-320 -385
72 390 279
203 -255
-11 -330 -257
291 181 137 394 219
-35 -219 -181
353 340 229 232 378
33 243 196 356 285
305 389 6 377 143
401 24 267 221 79
321 353 100 89 126
246 86 280 379 302
200 57 50 37
339 342 344 379 380
50 326 198 86 87 359 223
102 -103
114 21 181 335
382 -318
188 213 222
33 356 196 340 378
89 315 126 35
243 356 340 196 282 285 378
-287 -278
133 -147
321 403 340 229 276
339 342 376 185 379
57 10 50 37
243 356 196 282
326 246 198 359
-301 -325
386 406 231
305 337 389 373 6 377 59 143
345 89 59 305
-121 -317 -20
-31 -248
211 -79
232 2 341 184 345 315
210 107 188 213
326 359 198 87 223
89 321 126
274 26 47
-84 -122
-37 -331 -266
98 163 20 406
407 -249
272 -332
368 265 333
337 305 373 389 59 143
-195 -131
107 188 381 142
308 -119
200 26 37
65 321 100
-16 -189 -390 -243
-402 -30 -391
79 327 207
388 54 343 25 186 140
78 139 68 36
32 210 36 5 8 73 381
33 340 378 285
321 322 293 353
-153 -100 -337
-323 -169
242 354 402 5 391 63
-254 -185 -46
2 276 341 184 345 315
231 349 175
321 353 276 229 232
388 54 343 25 186
72 226 148 367
-339 -195 -172
50 26 87
-349 -63 -237 -306
304 274 57 26 47
114 294 358 170
353 321 403 276 229 340 232 378
289 214 120 317 255
65 321 100 126
-38 165 122
392 218 266 307
200 10 380
89 305 291 35 345
50 86 246 326 359
24 401 221
73 36 222 78
-163 -5 -30 -391
-251 -277
-89 -305 -315 -35
249 130 171 39
385 243 148 167 189
-126 -89
321 322 353 293 126
370 -112
-25 -121
-213 -188
286 -339
337 373 377 6
-312 -95 -254
145 258 167 108
-71 189 167
229 199 74 333
379 246 344 139 302
54 343 25 186
165 151
-139 -86 -280 -379
-89 -305 -315 -291
72 226 390 367
33 243 196 340 282 285
339 342 376 10 379 380
194 355 393 14
94 -27
403 371 229 227 199 74 333
-306 -244 -33 -322
208 217 364 265
-257 -193
175 386 231
243 340 282 285
371 333 229
-346 -98
-311 -399 -39
-140 -92 -192
26 84 47
263 -22
-116 -137 -294
50 380 87
-291 -219 -181
-107 -381 -188
-70 -274
-283 -58 -389 -150
328 -204
-78 -244 -153
127 367
188 68 206 222
388 54 25 186 140
-387 -256 -299
139 36 236 78
78 139 236 222
-25 -388
363 -399
258 296 43 95
-75 -39
-381 -210
280 246 86 344 139 239
337 305 389 59
-55 -42
289 20 261 121 317
210 242 36 5 8 73
33 243 282 285 378
258 167 108 189
388 343 186 140
-287 -407
73 36 78 68
112 354 153 236 205 78
242 354 163 391 30 63
-70 -223
33 196 356 285
-321 -229 -232
-379 -10 -185 -339
-253 -404 -279
338
65 100 293 126
-132 200 37
-287 230
368 232 276 184 315
292 109 279 253 366
73 36 302
403 371 229 333 318
74 229 318 199
342 376 185 10 380
337 305 389 6 59
-283 -92 -389 -150
-37 -49 -266
-87 -50
-354 -78 -244 -112
222 68 245 206
86 246 344 139 302 239
24 227 311
-24 -401
242 163 354 402 391
-99 -52
4 -54
-42 -3 -147
-237 -330 -116
86 246 344 379
-243 -285 -196 -340
72 226 29
349 231
33 243 196 378 282 285
-160 -399 -75
305 291 345 89 59 126
-134 -262
16 148 390 167 189
-109 -253 -279
-109 -292 -366 -29
321 276 229 340 232
305 291 35 59 126
50 86 87 246 326 223
-239 -100 -337
102 -348
403 227 229 199 333
2 276 341 232 345 315
-186 -25 -388
8 334
256 134 215 299
337 377 389
86 198 326 87
326 206 359
-50 -26 -380 -37
97 219
339 131 195 376 331 172
273 -46
33 306 275 322 244 205
-75 -208 -130
57 50 380 87
213 210 107 381
321 322 353 293 89
200 37
26 50 380 37
112 337 100 373 280 153 239
376 342 344 10 379 380
57 26 84 47
356 196 340 378 285
280 379 246 344 139 302 239
112 354 244 391 153 205 78
17 -276
-111 387
-385 -167 -390 -282
337 373 389 143
337 305 373 389 6 59
226 279 127 367
181 137 394 219 335
-402 -5 -354
227 403 229 199 333 318
33 243 340 356 282 285
339 376 344 379 380
188 68 206 359
-231 -175 -349
16 385 148 167 282 189
-349 -30 -237 -306
-25 -164
-178 -150
243 148 167 282 189
162 -121
-238 -362 -142
26 50
305 389 373 6 377 59 143
243 356 196 340 378
224 234 83 398
331 37 22 200 218 266
-402 -5 -30 -354
385 243 148 167 282 189
210 107 188
-246 -86
310 -283
210 242 36 8 381
339 185 10 379 380
321 322 65 293 89 126
147 292 404 279 253 29 366
401 227 199 24
86 344 379 139
-95 -258 -348
-159 -312 -254
372 334 159
224 83 238 234 398
-275 -205
-58 -389 -178
-273 -15
200 26 10 380
200 57 10 37
279 367
112 337 65 100 153 239
-310 -156
206 68 213 326
-277 100 65
-36 -68 -78 -139
-358 -129
-349 -30 -275
368 2 276 341 232 345 315
72 226 127
-163 -30 -354
79 327
401 267 79 327
50 326 87
-343 -25 -140
-331 -131
258 43 95
356 196 340 378
-339 -331 -131
-139 -86 -239
-311 -225 -75
114 21 358 335
86 246 139 239
117 -373
305 291 35 59
322 100 293 89
402 163 20 406 231
72 226 127 279
72 148 390 127
50 198 359 87 246 223
243 196 282 285
401 327 267 221 79
321 353 340 276 232 378
-291 -394 -335
-405 359 326
127 390 279
344 339 342 376 379
-57 -26
-178 -307 -256
340 229 232 378
294 129 358
50 198 326 246
321 353 403 229
379 86 246 280 139 302
98 20 261
385 390 167 282 189
98 163 20 261 406
-386 -30 -237 -306
-137 -364 -294
145 167 296 108 189
337 389 143
368 2 345 315
176 -279
8 32
-37 -369 -266
280 86 246 344 139 302 239
315 305 89 59 126
86 50 198 326
307 151 218 266 332
307 392 266 332
321 340 229 276 232 378
246 280 139 302 239
50 326 198 246 87 359
339 344 376 185 10 380
178 389 150 58 143
86 198 246
305 337 389 6 377 59 143
375 167 108 189
147 292 404 279 253 109 366
368 265 2
321 340 276 232 378
337 305 373 389 6 143
-215 -299
-387 -215 -134
-323 -397
220 -238
61 -35
-184 -262 -190
-109 -253 -29
13 -341
403 229 199 74 318
371 229 199 74 333 318
65 322 353 100 293 126
404 366
-339 -369 -172
-349 -30 -237 -275
385 243 148 167 282
368 2 276 341 232 184
72 226 367
260 -333
-160 -225
65 322 353 321 293 89 126
368 2 333
-33 -285
89 315 126 305
33 306 322 244 293
-317 -214
145 258 375 108 189
-312 -144
348 103 95
-401 -199 -311
-376 -331 -195
-172 -149 -355
194 355 21 393 14
-275 -285
145 258 375 108
-310 -319
-283 -58 -143
7 -97
-205 -33 -293
-371 -333
294 129 114 358
243 340 356 378 282 285
-110 95
210 242 36 5 381
35 291 59 315 126
337 305 373 389 6
200 50 37
337 305 373 389 59
73 139 36
179 -120
339 376 185 10 379 380
371 403 229 199 333 318
96 187 366
-164 -289 -20
139 68 236 302
-323 -248
226 148 390
89 321 293 353
228 -70
139 78
-129 -28
89 305 345 315 126
269 -349
32 210 36 5 8 381
-25 -164 -346
-32 -242 -36
-163 -242 -354
-153 -239 -373
-319 5 242
209 -151
16 385 243 390 167 282 189
342 185 10 380
-297 45
33 243 196 340 356 378 285
245 188 213 359
304 274 198 70 104 223
26 380
-402 -242 -391
-218 -392 -332
-147 -109
50 198 86 246 87 326
200 50 380 87
29 292 109 279 253 366
178 389 150 58 283 92 143
340 229 276 232 378
-46 -195
-70 -198 -274
50 198 359 86 326 223
32 210 242 5 8
403 333 229
-349 -30 -306
-122 -392
401 327 24 267 221
86 198 87 326 223
3 42 147 202 109
321 353 340 229 232 378
-186 -224
342 344 10 379 380
226 29 279
380 26 10 50
-172 -194
321 353 403 276 229 232
368 217 2
44 -24
402 20 261 98
188 245 206 359
305 345 89 59 126
35 291 181 137 219
147 292 253 109 366
101 -334
356 196 340 285
385 243 148 390
337 305 373 6 389 59 143
-121 -20
302 73 36 78
337 389 373 377 59 143
-383 -387
371 333 318
103 296 43 348 95
35 291 181 219 335
50 86 87 223
-354 -78 -244 -153
124 -352
72 29 279
321 65 322 353 100 89
188 222 326 359
210 213 107 188 381
-343 -186
302 68 236 222
-109 -292 -279
-354 -236 -244 -153
188 326
291 345 315 126
-39 -249 -130
257 129 295 170 28
152 -368
-343 -25 -388
337 389 377 143
32 242 36 5 8 73
-89 -59 -315 -291
-257 -129 -28
336 42 309 202
115 -338
-343 -54 -388
112 65 100 280 153 239
176 -29
16 243 148 390 167
132 -200
-16 -385
236 78 36
-378 -340
65 321 322 353 100
-375 -296 -167 -108
-223 -198
112 337 65 373 280 153 239
403 340 276 232 378
128 -226
337 305 377 6
-327 -221 -401
-127 -367
-359 -198 -86 -50
403 227 199 318
-41 -297
-42 -3 -109
402 261 406 231
89 291 35 345 315 126
112 65 337 100 373 280 153
68 213 222
-155 -350
368 2 276 341 232 315
66 -210
49 369 37 22 200 266 331
291 35 89 126
-98 -283
-239 -65 -373
61 -291
-112 -100 -373
10 26 37 87
-104 -70
222 68 213 326
3 147 42 109
291 35 345 315 126
292 404 109 279 253 366
50 86 326 246 359 223
-112 -280 -65
392 218 151
16 385 148 390 167 282
258 43 103 95
65 321 100 353
305 6 377 143
-385 -167 -148 -243
50 326 87 223
-116 -137 -364 -294
337 305 373 143
-369 -131
-386 -30 -82
-369 -195 -172
339 344 376 185 379 380
339 376 342 344 185 380
339 376 342 344 10 379 380
-361 -357
-24 -227 -160
89 35 345 315
344 342 376 185 379
200 50 37 87
-274 -26 -47
-136 144
16 243 148 390 282 189
-185 -225
227 229 74 318
276 232 345 315
208 217 249 265
305 337 6 377 59 143
129 114 358
-200 -331 -218
337 305 373 59 143
-108 -298
242 163 354 402 5 63
-226 -72
-217 -364
321 353 403 229 232 378
386 349 175
74 371 318 199
72 29 390 367
206 188 245 326
353 322 293 89 126
51 -139
313 -126
64 -403
188 206 359
2 276 341 232 345
72 226 148
337 389 377 59 143
-24 -199 -311
96 404 207
353 321 403 276 229 340 378
274 26 84 47
305 315 291 35 345 89 59 126
50 198 326 246 87
321 322 65 100 89 126
-349 -30 -82
121 164 54 25 346
246 198 326 87 359 223
-275 -33 -293
-295 -129 -28
-356 -196
-31 -397
163 20 261 231
298 341 190
208 130 249 75 171
-155 178 150
-22 -369 -266
65 100 373 280 153 239
-80 57 26
129 114 294 170
130 75 39
-373 -389 -305 -377
-150 -332 -256
-74 -318
386 275 306 237 30 63
68 236 222 36
-253 -385
178 389 150 58 283 143
-218 -151 -307
368 2 276 341 184 345
-184 -262
-8 -381 -5 -73
368 232 345 315
-255 -138 -352
-349 -63 -306
280 344 379 239
-192 -97
274 84 57 26 47
337 305 373 389 6 377
139 236 222 68
321 322 353 293 89 126
368 2 276 341 184
-309 -82 -330 -116
-120 -375
-43 -95 -296 -348
-153 -65 -373
72 148 279
-200 -49 -331
210 107 381
65 321 89
-386 -30 -237
-166 266 218
336 116 309 330 91 237
200 10 380 37
-302 -86 -280 -344
-214 -120
-227 -199
229 371 333 199
-349 -30 -82 -306
-391 -236 -112
33 243 196 340 282 285 378
72 327
65 321 353
339 342 376 185 379 380
-269 386 349
371 227 229 199 318
72 226 148 29
-162 164 121
-309 -91 -116
313 -89
-81 294
379 86 246 344 139 302
402 354 242 391 30 63
-329 312
-391 -236 -244 -153
305 291 35 345 315
-30 -82 -275
32 242 36 8 73 381
321 353 403 276 232 378
302 139 222 78
198 359 86 246 326
342 376 185 10 379 380
-11 -91 -295
-359 -326
-344 -185 -339
83 238 362 107 142
-386 -63 -275
3 147 42 27 109
86 246 344 302 239
402 163 261 98
89 35 345 315 126
222 188 245 326
136 -144
73 36 236 302
-259 256 215
252 -354
-361 -365
-250 114 358
-8 -381 -242 -36
228 -104
32 210 242 36 8 73
188 68 359
270 -193
50 326 198 246 86 87 359
160 401 227 311 24
-254 -225 -46
337 305 6 59 143
188 206 326 359
-14 -355 -21
65 321 322 353 100 126
-31 -169
33 243 356 282 285 378
243 148 390 167 189
321 322 100 89 126
57 26 87
-181 -393 -114
-276 -232
90 -196
-263 49 22
-320 -45 -292 -16
29 292 279 253 109
72 279
49 369 200 266
386 275 306 349 237 30 63
337 305 377 143
368 2 341 345 315
337 389 6 59 143
110 -95
337 305 373 389 143
57 10 380 50
188 68
320 385 352 16 292 253
33 306 275 244 322
-336 -82 -91
337 305 373 377 143
-306 -205 -285 -322
89 321 322 353
377 394 97
-283 -389 -150
188 68 222
49 37 22 200 218 331
337 373 389 377 59
-274 -26 -84
-124 -69
86 280 139 239
65 321 126 89
194 355 131 149
371 229 199 74 318
208 249 39
403 74 333 318
-309 -237 -330 -116
-291 -394 -137
-274 -57 -47
89 65 293 126
-239 -100 -373
145 375 167 108
73 139 236 36
291 345 89 126 315 59
354 244 391 153 236
86 246 280 239
371 403 229 333
89 291 35 59 345 315 126
-275 -205 -33 -322
86 359 198 87 246 326 223
268 -106
222 213 326 359
337 100 373 280 153
16 385 390 167 189
-238 -362 -107
-352 -292 -385
-99 -174
-34 -272
32 210 36 8 73
139 236 302
326 359 86 246
-106 -55 -43
-11 -330
78 68 222 36
71 -167
248 -321
16 385 148 390 167 189
-198 -304
73 36 68
257 330 11 295
211 -327
379 86 280 139 302 239
196
342 185 10 379 380
-37 -22 -218
184 341 190
50 86 326 87 359
379 246 344 139 302 239
257 129 193 295 28
402 261 231
-239 -65 -337
23 -306
-287 -128
403 227 229 371 318
229 199 74 333 318
-81 -161
151 392 218 266
337 305 389 59 143
402 163 354 242 391 30
-376 -195 -131
302 139 236 222
-131 -149 -355
389 6 377 59 143
-194 -21
-91 -330
368 341 232 184
-320 -292
386 306 82 237 30 63
139 36 236 68
-150 -215
16 385 243 167
353 322 65 100 293 89
50 87
-352 -292 -16
276 340 229 232
-398 -83 -234
-37 -22 -331 -266
-61 35 291
344 339 342 376 185 379
321 65 353 293 89
147 42 202 27 109
65 353 100 293 126
112 100 373 280 153
245 213 222 359
246 344 379 139 239
365 -148
320 214 138 255
-336 -82 -330
-174 362
402 20 261 406 231
57 10 50 87
-234 -312
65 322 321 89 126
-362 -283
26 50 37 87
-352 -45 -385
291 35 345 59 315
321 65 293 89 126
48 -11
227 229 199 74 333 318
-352 -253
-376 -369 -172
2 371 333
208 249 130 75
338 187
339 344 376 10 380
-252 391 354
-394 -137 -181
-284 59 305
305 373 6 377 143
-385 -189 -148 -243
305 337 389 377 59 143
8 183
321 353 403 229 232
305 337 389 377 59
72 367 127 279
33 356 340 282 378
200 57 10 380
-82 -91 -116
337 6 377 143
200 57 26 10
305 389 6 143
305 291 89 315 126
89 345 315 126
279 127 367
67 -30
160 225 39 75 399
-30 -82
24 221 79 327
-278 267 221
32 210 242 36 5 8 381
371 227 333 318
-337 -389 -305 -377
368 2 184 345 315
369 37 22 200 218 331
388 54 25 140
386 306 275 237 63
188 68 206
-153 -280 -65
-401 -199 -160
-344 -10 -342 -339
-37 -49 -331 -266
16 385 243 167 189
-58 -143 -178
-82 -330 -116
302 68 36
224 83 234 238
258 348 95 103
33 356 282 285 378
50 86 326 246 198 87 223
-299 -262
-45 -253
50 326 86 223
265 2 371
29 404 279 109 366
305 291 35 89 315
-309 -82 -116
291 35 345 89 315
-323 145 108
160 225 39 311 399
-109 -292 -366 -279
336 309 55 42
-402 -242 -30 -354
266 218 307 332
368 2 371
33 243 196 285
33 243 340 356 282 285 378
10 380 50
127 390 367
246 280 379 139 302
368 2 341 232 345 315 184
84 165 22 122 47
388 54 343 25 140
10 380 37 87
130 39 249 75 171
-149 -194
-275 -293
-164 -317 -20
208 249 217 364
393 114 181 358
368 2 276 345 315
304 274 47
399 75 311
402 261 98
178 389 150 283 143
320 352 214 255
337 305 377
307 151 392 218 332
403 229 199 333 318
280 379 86 344 139 302
65 321 353 293 89 126
50 86 87 246 326
242 402 5 30 63
29 390 367
29 147 404 279 253 109
200 57 26 87
2 341 232 315 184
280 246 344 379 302 239
377 219
-63 -30
82 275 386 306 237 349 30
226 79 327
73 68 222 36
247 -398
33 196 356 340 282 285 378
377 389 143
277 -65
-22 -165
269 -386
368 2 276 341 232
210 242 5 8 381
-147 -253 -279
-382 74 318
-352 -45 -253
192 388 58 140
344 86 280 239
402 163 354 242 30 63
146 -78
307 151 392 218 266
188 222 326
-163 -242 -63 -354
-375 -258 -108
302 36 78
321 322 293
57 50 380
344 86 246 280 139
-287 -94
226 127 367
280 246 344 379 239
304 84 57 26 47
210 188 213 142
-234 -144
-346 -362 -98 -283
-163 -242 -63 -391
305 389 373 6 59 143
73 139 236 68
-320 -253
351 -199
385 148 390 167 282
89 305 35 345 315 59
385 243 148 390 189
50 86 359 87 223
-102 -400
180 -217
337 373 6 389 377 59 143
208 249 265 217 364
178 283 92 143
148 390 367
245 70 104 206
29 147 404 253 109 366
246 280 379 302
402 242 354 5 163 391 30 63
385 148 390 167 282 189
349 406 175
-354 -78 -205 -153
227 229 199 74 333 371 403 318
74 229 318
291 35 345 89 59 126
50 326 198 246 87 223
116 137 364 294
24 267 221 327
200 10 37
227 371 199 74 333 318
339 342 376 185 10 380
252 -391
402 354 163 5 391 30 63
-275 -205 -33
-112 -239 -65 -337
42 202 27 109
68 326
305 373 6 389 377
337 305 373 377 59
226 148 29 390
112 337 65 100 373 153 239
325 -82
345 291 315
-150 -256
-160 -399 -39
-349 -237 -275
-389 -150
68 222
222 206 245 326
-306 -205 -33 -322
208 130 39 249 75 171
377 59 389 6
33 243 356 340 282 378
337 305 389
-47 -22 -122
279 29 367
98 163 20 402 406
210 242 36 5 8
65 353 321 100 293 89 126
339 342 344 10 379 380
148 127 390 279
361 -257
65 322 321 100 293 353 126
160 401 311 24
100 373 280 153
339 342 344 185 379 380
29 147 292 279 253 109 366
73 139 236 78
-339 -369 -195 -131
321 65 100 293 89 126
403 227 229 371 333 318
-112 -337
305 35 291 89 315 59
217 265
198 86 246 87 223
198 326 223
322 293 89 126
341 232 345 315 184
-177 346
188 213 206 68
86 326 359
291 35 137 394 219 335
112 337 100 373 280 153
353 403 276 340 378
-123 406 231
160 39 311 75
65 353 100 293 89
-340 -353 -229 -276
-253 -366 -29
-388 -92 -192
232 345 315 184
192 388 58 92
-398 -83
-32 -210 -242 -36
-121 -317 -261
72 29 390 279
-56 138
326 68 206
-139 -86 -344
-385 -167 -390
-104 -223 -304
403 227 199 74 333 318
73 236 222 36
-139 -246 -280 -344
200 37 87
368 232 2 276 341 184 345 315
-354 -205
57 26 37 87
-78 -112
210 242 5 8 73 381
50 223 246 326 87 86 359
160 227 311 199
-12 -156
305 89 59 126
-253 -16
73 68 78
86 246 344 139 239
89 305 291 35 345 59 315
33 196 340 282 285 378
-336 -82 -91 -116
-308 -141
86 246 344 239
33 306 322 244
-29 -279
226 127 29 279
33 306 322 244 293 285
380 37
-185 -46
-37 -22
344 139 302 239
-294 -114 -129
321 293 353
155 -178
89 305 291 59
24 401 221 327
392 218 266 332
-352 -320
-48 -347
33 306 322 244 205 285
371 227 199 333
-354 -236 -244 -112
226 187 207
-402 -242 -63 -354
-54 -164 -346
-31 116
23 -275
266 218 307
403 227 199 74 333
403 340 229 276 232 378
10 26 37
29 279
139 68 36
344 339 376 379
217 2 265
-55 -309
-8 -210 -242 -73
62 -369
337 389 59 143
127 148 29 367
114 21 358 393
-295 -129 -193
98 20 261 406
380 37 87
392 218 307 332
-317 -214 -120
112 337 373 280 153 239
353 403 276 340 232 378
141 -206
357 -364
82 116 330 91 237
340 276 232 378
188 213 326
305 35 59 345 89 315 126
129 114 358 294 170
-375 -167 -108
128 -72
368 371 333
371 227 403 333 318
65 321 322 293
-84 -47
-402 -5 -30
-22 -369 -218
1 -6
114 21 181 393 335
-386 -30 -237 -275
-399 -225
-147 -253 -404 -279
-369 -195 -131
112 244 391 153 236 205
321 340 229 232 378
326 50 86 359
-147 -253 -366 -29
227 229 199 74 333
-349 -63 -82 -306
297 -45
258 43 348
-387 -256 -134
31 -116
-78 -244 -112
229 199 333 318
403 229 199 333
-240 159
81 -294
267 221 327
-58 -192
