1 11 38
-8 -40
-36 34 17
32
-33 -12
-22 -10
32 44
-5 -41 -7
43 27 6
40
41 28 5
32 44 5
42 5
44
7 41 42 27
1 38 7 29
-6 -43
-35 31 15
-9 -44
-28 -7
25 -11
5 7 42 27
-5 -27 -28
1 28 38 7
10 -2
11 29 7
42 44 46
-37 24
36 -17
32 9 46
41 27 39
19 -43
3 6 27 43
32 46
-42 -41 -28
-30 8 40
12
38 7 28 29
-31 -15
3 6 39 27
-29 -7 -38
-12 -2
-34 -17
-43 -41 -39
-19 6 43
-43 -27 -39
5 7 42 28
1 38 7
42 44 5
6 39 43 27
43 27 6 41
3 6 39 43 27
3 43 6 39
-32 -44 -42
18 -32
32 42 44
5 7 41 42 27
-11 -28 -38
-22 1 38
-41 -27
5 41 42 27 28
32 9 42
-16 14
20 -39
19 -6
9 5 46
41 43 6 39
21 -44
8 23
10 -23
32 9 44
3 6 39 41 27
15
45 -7
43
5 7 41 42 27 28
40 2
5 7 41 27 28
3 41 43 39
-5 -42
11 28 7
35 -15
25 -29
-45 28 7
5 41 42 27
6 39 43 27 41
-26 33 12
5 7 41 28
4 -41
32 42
3 43 27 39
-13 5 42
18 -46
21 -9
-42 -7
11 14
8 40
32 42 46
1 38 11 28
26 -33
3 39 41 27 43
1 11 38 7
13 -5
30 -8
26 -12
5 7 41 42 28
9 44
43 27 39
3 6 39 43 27 41
3 6 27 41 43
-40 -2
1 7 11 28 29
41 27 43 39
32 44 46
38 11 28 29
17 34 38
16 -14
13 -42
1 38 7 11 28 29
7 11 28 29
24
11 29
-42 -27
5 41 42 28
1 38 11 28 29
-11 -7 -1
30 -40
11 29 38 7
-43 -27 -3
4 -27
42 44
41 27 6 39
36 -34
-27 -7
-42 -41 -7
-18 46 32
-1 -38
-6 -27 -39
20 -3
11 28 38 7
43 6 39
1 38 7 11 28
38 7 11 28 29
-3 -39
-25 29 11
3 43 39
2 12
-29 -11
42 5 46
45 -28
39
-10 23 2
-14 -11
1 11 28 7
-21 9 44
-5 -27 -7
-42 -27 -28
37 -24
22 -1
9 44 5
1 38 7 11 29
3 6 39 41 43
11 29 38
33 23
17
-42 -27 -7
35 -31
-1 -17
-23 -2
7 41 42 27 28
9 44 46
2 23
-14 -24
28 38 7
5 41 27 28
33 12
43 27 41
-4 41 27
-38 -34
3 43 27 41
5 7 42 27 28
14 24
9 42 44
1 38 7 28 29
-11 -7 -38
17 38 1
32 42 5
-37 -4
-13 -16
3 27 39
3 41 27 39
1 11 29 38
32 5 46
9 42 5
-46 -32
1 7 11 29
7 42 27 28
-38 -17
22 -38
-20 3 39
11 38 7
7 41 27 28
