-93 -46
72 90 5
-74 -24
17 3 4 149 79
68 37 133 70 120
-123 -38 -41
-11 -45 -27
65 91 117
112 1 133 70 56 155 44
-34 -137
159 148 85 75 139 47
145 149 85 38 41 123 159
-153 -92 -97
-137 -92 -75
-144 -43 -10
-7 92 45
156 -8
112 133 70 56 155 44
-47 -90
155 44
-85 -38 -41
-50 -88
-35 -63
-39 -81 -147
-118 -14
-27 -139 -159 -148
68 133 120 143
-86 -81 -89
-162 -50
-55 43
-61 -132 -59
138 -86
3 4 149 79 63
75 148 85 90 27 159
-68 -145
-18 -85 -149
162 50 151 40 88
1 18 58 123 110
89 50 147 151 72 9
-34 -62 -45 -75
-46 -94
-142 78
-92 -97
-27 -139 -90
-18 -159 -145 -149
112 133 56 155 44
17 66 6 103
147 132 86 39
112 1 133 70 56 155
148 5 8 72
112 1 133 70 58 44
17 3 149 41 63
17 3 149 41 79 63
-137 -62 -45
-159 -145
50 147 151 8 89 109
-67 132 81
11 137 75 27 45 62
-18 -159 -145
85 27 75 139 47 159
-123 -85 -41
89 50 147 151 72 9 8
19 124 4
-50 -9
-117 -65
34 75 92 45 62
160 97 52 92 45
149 41 79 63
-91 -11 -39
-90 -72 -5
-29 5
89 50 151 72 9 109 8
-47 -85 -148
-132 -59 -21
130 52 73 26 28
-46 -14 -94
1 133 58 155
-14 -123
-89 -50 -8 -109
162 50 87 40 88
-25 22 128
81 132 86 39
-102 19
-79 -6 -103
-135 -84
148 85 90 75 27 139
-75 -139 -85 -90
1 56 58 155
11 137 27 92 45 62
-52 -92
-78 -42
112 1 133 70 56 58
148 85 75 139
17 3 63 79
1 70 56 58 155
-97 -36
25 -22
112 1 70 56 44
70 56 58 155 44
-62 -92 -27
23 -74
-81 -2
94 3 78
-62 -39
-152 120 68
-27 -159 -90
104 -155
-123 -159 -38 -41
-132 -2 -21
-89 -151 -8
-138 -53
112 1 70 44
68 37 70 120
-160 -59
3 149 41 79
89 50 151 72 9 8
-118 -93
-144 -24
1 18 58 123
-86 -39
19 35 124 4
-143 -68
108 -162
19 35 63
34 11 137 75 27 92 45 62
112 56 155 44
144 10 118 74
-137 -45
17 66 103 79
-137 -62 -92 -27
-24 -93 -22
-137 -92 -27
51 -145
-104 44 155
-75 -139 -85 -148
126 -9
40 42 88
-105 -77
112 133 70 58 155
-56 -58 -133 -44
-153 -45 -97
-94 -3
-56 -133 -155
-11 -27
-137 -11 -92 -27
-12 -99
-137 -62 -92 -75
150 39 91 11 62
-52 -97
16 -103
85 90 75 27 47 159
-123 -85 -145 -149
-82 -54
50 147 151 89 109 9
3 4 41 63 79
-123 -85 -145 -41
65 34 117 137 26
1 133 70 56 58 155
112 133 70 56 44
-18 -149
-120 -145 -84
9 140
-159 -38 -149
-2 -59
-54 12
1 133 70 56 58 155 44
-147 -50 -72
-149 -63 -17
-137 -11 -92
-123 -159 -145
-130 -143
-56 -58 -133
-42 -66
17 6 103
112 1 133 70 56 58 44
138 -39
56 58 155 133
-87 -50
4 149 41 79 63
-89 -50 -8
-131 -42
-120 -68
56 58 155 44
-118 -46 -94
89 147 151 72 9 109 8
-64 -113
112 1 58 155 44
-89 -50 -72
53 -46
-83 135 84
112 1 56 58 44
-38 -149
-84 -12 -154
-123 -159
34 11 137 75 27 45 62
3 149 41 63
-56 -58 -155
-87 -151 -88
-34 -45 -27
-101 -107
112 70 56 155 44
1 58 123 14
81 2 132 21 59 61
148 85 75 27 139
-21 -140
23 -144
-123 -85 -149
-79 -66 -103
-128 -47 -162
81 147 132 86 89
-144 -114
-10 -93 -14 -94
-149 -3 -4 -17
35 124
-76 -136
19 103
42 66 78 6
43 129 61
-95 -13
48 -131
133 70 56 155 44
66 131 6 42
112 133 56 155
124 44
148 85 75 27 139 159
159 75 148 90 27 139 47
-149 -63 -79
-10 -46 -94
-40 -131
3 4 149 41 63
-91 -62 -86
112 1 56 155 44
17 3 4 149 79 63
17 66 79
-73 -52
37 70 120 143
-132 -81
66 131 6 42 78
-73 -28 -52
63 3 149 79
-34 -62 -45
-68 -38 -135
-151 -72 -109
-105 -67
31 -114
-159 -145 -149
112 56 58 155 44
-56 -58 -133 -155
121 -28
57 -62
-35 -4 -19
-39 -81 -89
-142 -115
119 -148
133 70 56 58
13 -85
136 -59
-151 -8 -9
-98 -122
-76 18 123
164 -41
-43 -61
-159 -38
-149 -4 -79
-10 -93 -14
3 4 149 41 79
-127 61
17 3 149 79 63
-27 -47 -148
-37 -143
67 -132
-27 -85 -148
145 18 149 85 38 41 123 159
89 81 132 39
-78 -131 -66
-71 -23
112 70 56 58 155
-41 -149
56 129
34 75 92 62
8 90 148 5
-27 -139 -159 -90
-75 -47 -159 -148
-89 -72 -9
-98 160 97
-18 -159 -145 -41
-89 -9
3 4 63 79
-27 -47 -90
112 133 70 56 58 44
-1 -58
-89 -151 -109
134 -137
65 34 117 73 26
1 70 58 155 44
160 97 36 59
99 116 161
-112 -58 -133 -44
81 132 86 39 89
-18 -38 -149
-147 -8 -9
-147 -50 -8 -109
-69 -51
-45 -27
-68 -84
-41 -3 -4 -79
7 -45
-17 -66 -103
30 -154
-58 -123
148 27 90 139 47 159
-87 -50 -88
112 1 133 70 58 155 44
81 147 132 86
121 -130
112 133 56 58 155 44
-73 -28 -153
66 6 79
-119 148 90
35 124 63
82 -124
137 34 117 73 26
-89 -151 -9
-11 -86
-89 -151 -72 -9
148 85 90 27 47 159
-140 -116
-81 -59 -21
-28 -52
-137 -45 -75
-43 -118
34 137 75 11 92 45 62
89 50 151 72 9 109
-47 -162
50 147 151 8 89 72
-162 -50 -88
137 34 73 26
-147 -50 -109
-137 -62 -92
133 70 56 58 155
32 -117
148 85 75 27 139 47
-149 -3 -63 -17
50 147 151 72 9 109 8
-89 -151 -8 -109
34 137 75 27 92 45 62
-164 41 149
-56 -1 -70 -155
-162 -40
107 -4
-52 -45 -97
-43 -129
-159 -41
81 147 132 39 89
-61 -81 -21
37 70 133 120
65 137 26 34
37 70 133 120 143
-36 -5 -99
-137 -11 -45 -75
57 -11
160 97 52 153 92 45
-64 153 52
-127 -7
112 133 56 58 44
112 1 56 58 155
-65 -26
34 137 75 92 62
-139 -159 -90
1 18 14 110
-144 -43
-123 -159 -38
-75 -85 -90
-128 -87
-134 -55
-110 -58 -18
-52 -92 -160
133 70 155 44
-11 -92 -75
-34 -11 -45 -75
-61 -2 -21
122 -58
-130 -52
145 18 149 85 41 123 159
32 -65
64 -52
80 84 135 154 12
-78 -66
75 148 85 90 139 47 159
-61 -132 -21
-157 73 26
20 -66
-34 -92 -27
-137 -62 -75
-65 -73 -137
17 149 41 79
-18 -123
106 -88
-27 -85 -90
147 151 8 89 109
-8 -72
-28 -130
106 -40
50 147 151 8 89 72 109
-137 -11 -92 -75
-48 131 42
158 -79
50 147 151 8 72 109
19 35 124 63
31 -24
81 147 132 86 39 89
-143 -70 -120
-59 -21
-72 -9
66 103 79
81 147 39 89
-117 -91
-89 -50 -9
-162 -151 -40
-147 -151 -8 -109
-27 -139 -85 -90
-99 -116 -161
128 162 87 139 47
159 75 148 90 27 47
-65 -150
125 -112
68 133 70 37 120 143
-160 -2 -36
-75 -159 -148
-42 -6
35 4 19 124 63
-27 -139 -85 -148
55 -43
8 148 5
-118 -110 -94
65 137 73 26
90 148 5
-86 -81 -147
-89 -50
83 -135
34 137 75 92 45 62
112 1 133 70 155 44
-112 -1 -133 -155
128 114 22 24 46
-118 -46 -14 -94
133 70 56 58 44
-90 -72
157 -73
112 1 133 70 44
-18 -38 -41
-14 -94
1 133 56 58
1 18 58 110
-52 -160
-37 -133 -68
-36 -5
82 -35
-26 -28 -153
102 -19
65 117 73 26
1 18 110 58 123 14
-18 -145
-151 -50
148 85 75 139 159
71 -150
112 1 133 70 58 155
1 133 56 58 155
-18 -85 -145 -149
-143 -70 -68
1 133 70 58 155
65 34 117 73
110 118 14 94 10 46
134 -34
-118 -93 -110
-35 -63 -19
-18 -145 -41
65 137 26 117
75 148 85 90 27 139 47 159
-120 -145
17 3 4 149 63
-18 -159
-137 -11 -27
-22 -139 -162
-154 -161
-57 62 11
-150 -62 -39
81 147 132 89
-74 -118
-159 -90
-147 -50 -72 -9
-22 -128
68 37 70 120 143
-62 -11
-75 -47 -90
-128 -139 -162
7 -92
-128 -162
3 149 41 79 63
-61 -81 -59 -21
-149 -3 -79
17 103 79
-139 -47
18 58 123 14
17 4 63 79
-18 -159 -38
-89 -72
-68 -145 -135
-36 -12 -99
11 137 75 27 92 45 62
-46 -22
-139 -162
-99 -116
-10 -93 -110
-150 -91
-115 140
-80 -154
-89 -151 -72 -109
130 52 153 26 28
141 -47
49 -89
-18 -145 -149
-91 -86
-114 -128
100 -10
95 -21
-65 -137
-141 139 47
-68 -135
-14 -58
148 85 90 75 139 47
-147 -50 -72 -109
76 -123
145 68 84 38 135
15 -116
17 3 149 79
-39 -89
1 133 70 56 155
-151 -72 -9
98 -97
-81 -59
-131 -66
-136 2 59
1 133 56 58 44
-18 -85 -38
-24 -46 -128
-16 103
147 151 8 9 109
158 -17
128 162 22 87 139 47
112 133 70 56 58
35 4 63
108 -87
-22 -47 -162
-24 -93
-56 -1 -133 -44
133 70 58 155 44
-123 -159 -149
-27 -90
81 132 21 59 61
34 11 75 27 92 62
-47 -159 -90
-91 -11
-88 -40
130 28 143
-26 -153
150 39 86 91 11 62
-26 -28 -52
-46 -14
-120 -38 -84
68 37 120 143
4 149 79 63
-149 -3 -4 -79
-163 -67
112 1 70 58 44
-87 -40
-123 -145 -149
-89 -50 -109
1 56 58 155 44
34 27 137 11 92 45 62
145 68 84 135 120
-10 -46 -110
133 70 58 155
112 133 70 56 58 155 44
10 118 14 94 110 93 46
1 58 155 44
112 1 133 56 58 44
-69 36
-82 124 35
-147 -72 -109
-162 -151
-150 -39
65 34 117 137
77 -14
-50 -40
-114 -93 -22
17 66 6 103 79
-73 -130 -52
-153 -97
-56 -1 -133 -155
-41 -3 -63 -79
-21 -116
-44 -155
1 18 14 58 110
-78 -131 -6
-95 -29
-164 -29
148 85 90 139 47 159
-130 -37
86 39 91 11 62
-14 -1 -123
-70 -133
-137 -62 -45 -75
-22 -139 -87
-114 -93 -128
-147 -50 -8
17 3 4 41 63 79
-75 -47 -85 -148
17 3 149 41 79
53 -93
-95 -96
-118 -93 -110 -94
-47 -85 -90
145 18 149 38 41 123 159
-123 -85 -38 -149
1 133 56 155 44
-85 -145
17 4 149 79 63
-137 -62 -27
147 132 86 39 89
-137 -11 -75
-155 -35
-90 -8 -5
17 4 149 41 63
34 75 27 92 62
98 -160
-124 -63 -19
50 147 8 89 72 9
-114 -46
73 34 117
-18 -159 -149
-132 -59
-37 -133 -120
148 85 75 139 47
-27 -47 -85
-97 -2 -36
-123 -38 -149
-123 -145 -41
-147 -151 -72 -109
-50 -72 -109
-27 -159 -148
17 149 79 63
112 1 70 56 155 44
-163 -156
-43 -129 -61
-89 -50 -8 -9
-75 -159 -90
-118 -93 -14
-14 -58 -123
-22 -162
-32 117 65
34 137 75 27 92 45
112 133 58 155 44
-137 -45 -27
-22 -47 -87
17 4 41 63 79
-123 -85 -38
148 90 85 75 27 139 47
-135 -12 -154
-163 94
112 1 133 56 155 44
-112 -58 -133 -155
-93 -110 -94
1 70 56 58 155 44
-10 -14
-123 -149
-123 -41
-36 -5 -12
126 -109
-50 -8 -109
97 2 36 59
68 133 37 120 143
58 155 44 133
72 8 90 5
-85 -38 -149
-91 -62
-120 -84
-99 -161
-41 -63 -79
17 3 41 63 79
-11 -45 -75
-147 -72 -9
-73 -26
-138 86 39
50 8 72 89 109 9
1 133 70 58
-110 -1 -123
30 -80
65 137 117 73 26
-14 -1 -18
-75 -47 -148
-102 -146
3 4 149 41 63 79
-162 -50 -40
9 109
-100 -57
-92 -45
-30 80 154
-159 -38 -41
147 151 8 89 109 9
54 -12
-158 17 79
-10 -14 -94
-106 88 40
34 137 75 11 92 62
148 85 90 75 27 47 159
-97 -59 -36
50 147 8 72 89 109 9
-128 -139
80 154 84 135
-22 -47
49 -147
100 -118
-78 -42 -66
-101 99
101 -99
1 18 110
-47 -159
-95 21
-150 -11
34 75 27 92 45 62
112 133 70 56
-91 -11 -86
-36 -5 -12 -99
-134 34 137
-27 -47 -85 -90
163 -94
-73 -130 -153
-26 -52
-24 -46
-27 -139 -159
-123 -159 -38 -149
1 133 70 56 58 44
112 1 133 56 58
81 147 86 39 89
-52 -45 -160
-21 -140 -116
-147 -89
-158 -15
-50 -72
125 -56
-96 3
144 118 10 43
-59 -36
1 133 70 56 155 44
-18 -159 -38 -149
-41 -3 -63 -17
-117 -26 -34
-50 -8 -9
137 34 117 73
21 140 116
-109 -9
-75 -47 -159
112 1 133 70 56
-65 -73 -34
-74 -43 -10
68 133 70 37 143
104 -44
-147 -50 -9
-46 -110
-14 -58 -18
-61 -81 -2 -21
152 -120
-153 -45 -160
-10 -46
111 -133
73 65 34 117 137
-89 -50 -72 -9
112 1 70 56 58
-117 -26 -137
156 -72
160 97 2 36 59
-23 74 144
-39 -81
35 155
112 1 70 56 58 155 44
-34 -11 -92
-144 -43 -118
112 1 70 56 58 44
-45 -160
68 37 133 143
65 91 150
-39 -132 -89
-61 -132 -2 -21
56 112
-135 -12 -80
-3 -78
-6 -66
-85 -159
141 -139
-123 -85 -38 -41
147 132 86 89
164 -149
-18 -85 -38 -149
1 133 56 58 155 44
-94 -3 -78
-34 -11 -45 -27
66 6 103 79
142 -78
-123 -38
-156 8 72
-34 -62 -45 -27
110 58 123 14
-123 -85
25 -128
34 75 11 92 45 62
11 137 75 27 92 45
50 147 151 8 9 109
127 -61
-93 -14 -94
34 27 137 75 92 62
112 133 70 56 155
1 133 58 155 44
50 147 72 89 109 9
-117 -73 -137
-34 -11 -45
-133 -68
-143 -133 -120
-139 -159 -148
-123 -145
-110 -14
-3 -63 -79
148 85 27 90 139 47 159
-145 -41
-50 -72 -9
-147 -151 -8 -9
113 -129
48 -42
-114 -46 -22
67 -81
148 90 75 27 139 47
-143 -133
-145 -84
112 133 56 58 155
112 1 133 56 58 155
85 90 75 27 139 47 159
147 86 39 89
-118 -93 -94
-37 -70 -68
-127 -77
-10 -46 -14
83 -84
-61 -59
84 135 154 12
-34 -45 -75
112 1 133 70 56 58 155
105 -75
-143 -133 -68
133 70 56 155
112 70 56 58 155 44
128 162 22 139 47
-27 -159
115 -140
130 153 52 73 26 28
-153 -52
33 -151
-89 -8 -109
128 114 24 93 46
81 2 132 59 61
-159 -145 -41
-111 70 133
144 10 118 74 43
-31 114 24
-118 -46
1 18 14 123 110
17 6 103 79
-9 -140
-34 -11 -75
-85 -145 -41
72 90 148
-34 -62 -92 -75
-26 -130 -52
160 97 52 153 45
-123 -159 -145 -149
-74 -43 -118
-5 -12
17 3 4 149 41 79
-129 -61
-110 -58 -123
-39 -132 -147
-27 -47 -85 -148
-148 -72 -5
97 52 153 92 45
-118 -46 -110
-58 -133 -155
-86 -132 -89
-46 -128
-91 -39
-5 -99
-5 -12 -99
-125 112 56
-78 -42 -6
-114 -24
147 132 86
34 27 137 11 45 62
148 5 8 90 72
68 133 70 120 143
-24 -128
-84 -80
133 70 56 58 155 44
-40 -42
-47 -159 -148
-112 -56
112 1 56 58
-27 -47 -159
-75 -27
1 14 58 110
112 1 133 58 155 44
-89 -72 -109
-118 -46 -14
-116 -161
-53 93 46
-148 -90
-81 -21
148 85 90 75 139 159
-112 -58 -70 -155
-89 -50 -72 -109
-26 -28
111 -70
89 81 86 39
72 90 148 5
-68 -38
77 -110
80 84 154 12
-153 -45
34 27 11 137 75 62
34 11 75 27 92 45 62
112 1 133 56 155
-18 -85 -41
159 75 90 27 139 47
-150 -11 -86
-18 -159 -38 -41
112 1 133 70 56 44
-147 -151 -9
-36 -12
-122 1 58
-11 -92 -27
-60 37 143
105 -27
68 133 70 143
112 133 70 56 58 155
36 5 12 99
-150 -11 -39
-147 -50 -8 -9
157 -26
-34 -11 -92 -27
-120 -38 -135
-104 -51
-73 -130
72 8 90 148
-11 -45
-153 -92 -160
-36 -99
4 149 41 63
-89 -151 -8 -9
122 -1
-137 -62 -45 -27
144 24 114
-61 -81
-12 -154
-10 -93 -110 -94
76 -18
-149 -3 -63 -79
145 68 84 38 135 120
-93 -128
-47 -87
40 42 131
-137 -11 -45
-75 -139 -159 -148
-18 -85 -38 -41
18 14 123 110
34 117 73 26
-10 -46 -14 -94
150 39 86 91 11
144 74 43 118
128 162 22 87 47
-91 -62 -39
-145 -135
81 2 132 21 59
1 133 70 58 155 44
162 50 87 40 151
112 133 70 155 44
34 11 137 75 27 45
118 14 94 10 93 46
17 149 41 79 63
-24 -46 -22
-162 -151 -88
-85 -145 -149
50 147 151 8 89 109 9
-10 -46 -110 -94
-65 -91
65 137 34 73 26
128 22 24 93 46
-24 -22
-61 -132 -2
-85 -149
112 133 70 58 155 44
-87 -162
60 -37
-27 -47 -159 -90
50 147 151 8 109
133 56 155 44
50 151 72 9 109 8
-128 -47
-38 -84
-68 -38 -84
-27 -47
-15 116
1 133 70 155 44
34 11 137 75 27 92 62
-75 -139 -159 -90
11 75 27 92 45 62
162 50 87 151 40 88
1 110 58 123 14
-149 -3 -63
18 14 58 123 110
-79 -66
161 154
-81 -89
-87 -151 -40
119 -90
-107 4 63
-20 6 66
34 75 11 92 62
-139 -85 -90
-75 -47 -85
-61 -81 -59
-123 -159 -145 -41
60 -143
-27 -139 -85
112 1 70 155 44
-94 -78
34 27 137 11 92 45
112 1 70 58 155 44
96 -3
-71 150 91
-56 -58 -70 -44
-34 -62 -27
-114 -46 -128
-34 -11 -27
65 137 34 117 73 26
-128 -139 -87
136 -2
144 24 74
19 4 124 63
-34 -11 -92 -75
-61 -59 -21
-144 -10
-24 -93 -128
-52 -45
133 56 58 155 44
68 133 70 120
19 35 124
-10 -110 -94
-159 -149
-118 -94
-28 -143
-75 -47 -159 -90
-65 -26 -137
160 97 2 59
-151 -40
-113 129
-62 -45 -27
-129 -56
-137 -11
-97 -59
34 11 137 75 27 92 45
120 37 70
-118 -110
-18 -159 -41
-84 -12
147 151 72 8 109
64 -153
147 151 8 89 72 109
-146 161
81 2 21 59 61
133 37 70 143
-147 -151 -72 -9
-61 -132 -59 -21
-65 -26 -34
-150 -62 -86
-128 -47 -87
71 -91
-108 87 162
1 133 70 58 44
17 3 4 63 79
128 114 22 24 93 46
112 1 133 56 58 155 44
118 14 94 110 93 46
80 154
34 137 11 92 45 62
-68 -145 -84
-75 -47 -85 -90
-13 85 159
-160 -59 -36
50 147 151 72 89 109 9
-88 -42
-26 -137
-75 -139 -90
-49 147 89
-46 -110 -94
-74 -144
1 18 123 110
75 148 85 90 27 139 159
17 4 149 41 79 63
-34 -62 -92 -27
-10 -93 -94
-162 -88
-19 -103
-124 -35
51 -38
-61 -81 -2
-97 -2
1 133 70 56 58
-18 -85 -145
66 131 42 78
152 -68
10 118 14 110 93 46
112 1 133 58 155
19 4 63
-49 -141
13 -159
81 147 132 86 39
-93 -14
130 37 143
112 133 56 58
-89 -8 -9
17 66 6 79
-84 -12 -80
147 151 8 9 72 109
35 4 124 63
72 8 90
-62 -45 -75
20 -6
-118 -14 -94
112 56 58 155
66 6 103
147 151 8 109
-137 -11 -45 -27
148 85 27 75 139 47 159
-33 151 50
-163 -141
17 3 4 149 41 79 63
-26 -130
-81 -2 -21
-75 -139 -159
1 18 58 123 14
17 4 149 41 79
-89 -151 -72
-38 -145
-123 -85 -145
-135 -154
-52 -92 -97
-27 -47 -159 -148
-84 -154
112 1 133 70 58
-45 -97
-121 28 130
8 72 9 109 50 147 151 89
89 147 72 9 109 8
-137 -27
69 -36
-144 -118
-26 -130 -153
17 3 4 149 41 63
-18 -85 -145 -41
148 85 90 75 139
-145 -149
-11 -39
145 68 84 38 120
19 35 4 63
-118 -46 -110 -94
-27 -139 -148
-118 -93 -14 -94
-123 -159 -41
-87 -50 -40
-17 -79
112 1 56 58 155 44
-100 10 118
-126 109 9
85 90 27 139 47 159
-56 -58 -70 -155
33 -50
72 8 5
-130 -153
-147 -151 -72
-10 -118
-77 110 14
29 -5
146 -161
-4 -63
-105 75 27
130 153 52 73 26
3 4 149 63
107 -63
-160 -97
145 18 149 85 38 123 159
112 1 70 56 58 155
112 1 133 70 56 58 155 44
-120 -145 -135
-51 38 145
