-96 11
-115 -95 -21 -41
27 7
38 70 104 79
48 20 4 84 45
64 98 84 21
-29 -112
40 99 102
-99 -75
-11 -79
25 27
-47 -15
-88 -57 -9
59 -94
43 45
-74 -18 -108
-55 -57 -85
-16 -100
-74 -18 -37
-89 35 112
64 1 56 100
-22 -40 -99
28 30 71
-105 -18 -116 -108
17 99 100 56 75
-32 -29
-98 -21 -48
-64 -21 -84
48 84 4
85 88 57 93 9
1 100 54 56
-67 -77
65 18 116 37 108
91 -74
48 4 45
88 41 55
25 27 97
-72 -30
-104 -38
71 11 28 30
85 55 88 9 93
-88 -57 -85
-5 -3
-92 41
-20 -86
55 57 93 9
-113 -86
-10 -94
25 28 70 97
97 27 69
115 71 25 28
26 -64
-59 -73
52 6 7
55 88 57 9
-9 -87
55 88 9 93 57
-99 -100 -17
97 27 7
-89 -90
-86 -9 -43
56 98 100 54
-28 -97 -13 -115
-59 10 94
-108 -36 -60
38 70 13 79
-103 -1
64 98 48 84
99 102 22
104 19 37
38 70 104 13 79
51 -69
-71 -25 -13 -115
-66 71 28
16 17 99 100 75
115 70 71 28
116 101 38
12 -52
-18 -37 -108
-105 -65 -37 -108
-86 -9
-106 -40
42 -88
97 115 70 25 13
32 30 10 94
31 -87
8 17 105
73 -23
46 -45
-83 84 48
97 70 71 25 28
38 70 104 13
72 11 28 71
25 27 69
-55 -93 -85
7 61 95
-94 -30 -32
17 74 75
85 88 9 93
88 113 55
66 -71
-107 -73
-88 -93 -9
-7 -95 -61
1 98 100 54 56
64 1 98 54
85 87 9 43
64 98 54
97 115 70 71 25 28
8 17 75 105
92 -41
97 25 7
97 115 70 25 28 13
104 116 37
97 71 25 28 13
-37 -116
-105 -18 -116
-91 -14
115 70 71 25 13
16 99 102 40 106
48 64 84 21
112 18 35 29
-99 -100 -75
81 -25
12 -7
85 88 57 93
61 6 7
-65 -18
-115 -95
-23 -27
-94 -32
80 -85
-70 -38
65 18 116 105 74 108
24 -54
-5 115
-75 -8 -74
97 52 69
-34 93 57
-28 -25 -13 -115
85 55 88 57 9
112 65 18 35 29
61 7
55 88 57 93
16 99 102 22 106
58 -102
99 102 22 40
91 -105
-88 -55
98 84 21
-50 -11
-54 -56 -64
37 101 38
18 116 105 74 108
-28 -25 -115
-17 -8 -74
104 38
43 87
-97 -25
-77 56 100
116 37
-74 -65 -37
-61 -36
8 105 74
-50 -79
112 57 93
72 11 30
36 61
58 -22
104 116 38
-76 37 116
-18 -112
-16 -100 -17
8 17 75
-114 29
-14 21
85 86 87 9 43
10 94
-92 -62
-79 -70
115 70 25 28
65 18 116 37 105 108
-36 -60
83 -84
112 65 18 35
40 106
31 -43
40 106 99 22
115 71 25 28 13
-17 -75
106 99 102 22
48 45 84 20
-29 -18 -112
-28 -97 -70 -115
-111 -81
104 19 101
-41 -113 -88
85 55 57 93 9
-71 -97 -70 -115
97 71 25 28
71 72 11 28 30
-56 -100
115 70 28 13
-94 -30
52 61 7
46 -4
85 55 88 9
-107 16 99
25 52 7
113 41 55
-55 -57
62 -18
-23 -103
-25 -70 -115
-26 98 64
-43 -87
-62 65 18
97 115 70 25 28
108 36 60
64 56 100
-24 1 54
25 27 52
-33 19 101
115 70 71 25 28
64 98 56 54
-103 -54
-32 -8
-13 -38
-107 -96
-105 -18 -37
-74 -65 -116 -108
-100 -75
-71 -25 -70
-75 -8 -105
-105 -65 -116 -108
-48 -20 -45
-50 -11 -79
-44 95
-74 -65 -116
16 102 22 40
97 115 70 71 28 13
-65 -112
-16 -75
-13 -70
-82 106 40
101 38
65 116 37 105 108
1 100 54
65 37 105 74 108
97 69 25
73 -103
65 18 116 74 108
97 70 71 25 13
-10 -30
61 6 95
48 98 64 21
97 52 7
-74 -116
-28 -25 -70
-86 -87
-22 -102
26 -98
99 102 40 106
45 84 20
52 69 7
64 1 98 100 54 56
-63 17 75
-115 -95 -21
-9 -43
78 -20
-45 -4
-72 -11 -28
52 7
-74 -65 -37 -108
64 98 100
48 64 21
-64 -21 -48
65 18 116 37 74 108
40 16 99 22
44 -95
-74 -18
27 69 7
-46 45 4
-74 -116 -108
86 87 9 43
97 70 71 25 28 13
64 1 100 54
72 28 30 71
97 115 70 28 13
-85 -9
76 -37
104 116 101
105 74 75
-48 -20 -4
-29 -18
-18 -116
-41 -55
-53 108
66 -28
8 105 74 17
85 55 88 93
3 -8
-78 20
16 99 102 106
-29 -65 -112
107 -16
16 99 100 56 75
-52 -7
107 -99
97 115 70 71 25 13
64 98 100 54 56
-91 105 74
40 102 22
48 20 4 45
48 98 64
115 95 21 41
32 30 72 94
-102 -106 -99
16 99 102
8 105 74 75
65 18 116 37 105 74 108
40 106 102
115 70 71 28 13
-74 -18 -116 -108
39 -72
25 7
-39 72 30
111 -32
-105 -18 -37 -108
18 116 37 105 74 108
-95 -41
-86 -85 -43
-113 -55
-31 43 87
-71 -25 -70 -115
-16 -56 -75
97 115 70 71 25 28 13
16 102 22 40 106
34 -93
-103 -69
-102 -40 -16
64 1 98 100 54
-47 86
-58 22 102
-73 23 103
-94 -72 -32
-79 -13 -38
-68 50
77 -100
99 102 22 40 106
-69 -27
19 101 38
25 69 7
-30 -11 -28
50 11 79
89 -35
-35 -57
85 57 93 9
25 27 7
81 -97
97 115 70 25
53 -108
42 -55
-28 -70 -115
-18 -35
-79 -70 -38
95 7
64 98 21
72 11 71
61 95
110 -6
25 28 13 70
115 70 25 13
52 95 7
40 50
-23 -54
-16 -56 -17
64 100 54
-56 -75
112 57 35
-84 -48
-10 -30 -32
-113 -20
-99 -56
110 -61
52 61 95
-16 -99
1 98 100 54
10 22
16 99 102 22
115 70 25 28 13
47 -86
116 38
-54 -100 -64
-74 -37 -108
-95 -21
60
97 70 25 28 13
70 71 25 28 13
-99 -56 -75
45 4 20 84
109 -38
-12 52 7
48 84 20
57 85 9 55
-70 -104
27 52 7
-105 -65 -116
62 -65
116 37 38
19 116 37
-86 -9 -87
45 4 20
-64 -48
85 55 88 57 93
49 -13
-21 -41
-102 -40 -99
1 54 103
-10 -72 -32
82 -40
40 106 99
-18 -116 -108
65 18 105 74 108
16 99 40 106
-67 79
39 -30
88 85 93
-103 -27
40 16 99 102
-112 -57
5 -115
97 115 70 71 28
-74 -18 -37 -108
64 1 98 100
-32 -8 -29
-40 -50
-71 -28
-15 60
65 18 116 105 74
48 98 84 21
65 18 116 37 74
-79 -13 -104
102 94
-6 -61
16 99 22 40 106
105 74 75 17
16 17 99 100 56 75
-79 -70 -104
-2 113
-1 -54
-94 -72
65 18 37 105 74 108
-4 -87
83 -48
-111 32
-84 -20 -4
48 84 21
48 64 98 84 21
68 -50
72 11 28 30
109 -104
32 8 29
-114 -44
19 116 101
16 99 102 22 40
27 52 69
101
25 52 97
65 18 116 37 105 74
-29 -18 -35
97 115 25 28 13
4 45
-95 -21 -41
-108 -36
16 99 102 22 40 106
102 22 40 106
25 28 70 71
-16 -100 -75
-74 -18 -116
72 11 30 71
85 55 88 57 93 9
-74 -65 -108
-33 -78
115 70 71 25 28 13
97 115 71 25 28
-99 -100
-63 -49
-30 -28
104 19 38
49 -70
-102 -94
11 28 71
34 -57
-110 6 61
-105 -74
24 -1
-105 -18 -108
-80 85 9
-42 88 55
64 56 100 54
70 71 28 13
56 100 54
90 -36
33 -101
67 -79
48 4 45 84
97 115 25 28
27 69
14 -21
-55 -9
-109 104 38
65 116 37 105 74 108
59 -10
33 -19
-86 -85 -87
-79 -38
-30 -11 -71
8 17 74 75
88 41 113 55
64 1 98 54 56
89 -112
-35 -112
64 1 54
-68 -73
18 116 37 74 108
76 -116
-85 -87
-53 -2
-100 -17
-81 97 25
16 102 40 106
48 4 20
97 70 71 28 13
104 101 38
-51 69 27
102 22
-3 8
-42 -90
6 95 7
-30 -32
-115 -95 -41
48 20 84 4
112 65 18 29
-27 -25 -7
-54 -100 -98
64 1 98 100 56
82 -106
96 -11
80 -9
17 8 105 74 75
64 1 100 54 56
72 28 30
113 20 86
40 16 99
64 98 100 54
-115 -21 -41
63 -75
11 28 30
104 37 38
27 69 103
97 115 70 71 25
-99 -17
63 -17
114 -29
-29 -65 -35
48 64 84
23 54 103
-48 -4
-8 -29
-38 -116 -101
25 97
-115 -21
30 72 10 94
-99 -56 -17
-57 -9
27 23 103
-28 -97 -70
-41 -113 -55
19 101
-113 -20 -86
-28 -25 -13
52 61 6
-105 -116 -108
-90 36
-55 -57 -9
65 37 105 108
2 -113
18 116 37 105 74
-49 13 70
-115 -41
64 98 56 100
61 6
97 115 71 25 28 13
8 74 75
-55 -93 -9
-65 -116 -108
15 -60
-93 -57
77 -56
-19 -101
4 87
116 101
116 37 105 74 108
51 -27
-108 -60
32 30 72 10 94
-109 -14
-1 -100 -64
-28 -25 -70 -115
37 116 101
97 70 25 13
19 37 101
19 116 38
64 1 56 54
-112 -93
85 86 87 9
-98 -64
-75 -74
65 18 37 105 108
