-74 -67 -8 -30
-2 -9 -51
-17 -85 -28
97 89 75 44 14
-18 -66
-9 -62 -119
25 27 110
34 119 9 58 62
32 97 89 74 44
36 22 107 78
-34 -121 -81 -44
-58 -51
81 44 119
10 103 82 7
36 93 6 77
68 -119
33 17 70 92 63
89 81 34 38 119 121 44
65 27 110
67 83 106 74 28 30
83 106 8 74 28 30
89 121 44
16 51 92
83 67 106 74
81 38 120 121
33 97 89 75 44 14
-104 -66
-7 -22 -11
32 97 33 89 74 44 14
-3 -85 -90
120 81 121
81 34 121 44
-109 92 16
83 8 106 30
-87 -58 -4
-69 70
32 83 106 28 30
65 25 57 27 110 111
-115 -94
-52 95 20
33 17 75 92 63
16 121 51 113
32 8 74 28 30
-96 -73 -71
12 -11
104 -44
121 38 119
82 7 103 59 47
32 33 75 44
-9 -62
-82 -96
45 -62
33 89 74 75 44 14
97 14 55
-79 -98
-80 -39
81 119 89 44
81 34 38 120 44
81 34 38 119 120 121
32 67 83 8 28
-63 -85 -67 -27
17 1 65 85 27 28 63
-7 -11
-116 -77
32 106 8 74 28
16 51 4 92
32 97 74 14
-23 -98
83 106 8 74 30
80 97 14 55
82 103 7 10 59 47
-16 -70 -33 -17
81 34 119 121
32 97 33 75 44 14
121 51 92 38
-49 17 63
15 -33
16 113
81 34 121 119 89
78 107 36 102
-37 14 97
32 97 33 89 75 44 14
64 -36
37 -97
1 3 85 31
116 93 6 77
-96 -24
89 81 44 120
16 33 17 75 63
25 110 111
121 38 113
-85 -90
34 38 119 121
117 -114
94 -67
32 97 74 75 44
89 74 75 14
121 38 119 89
32 97 33 89 74 75 14
1 67 85 27 28 63
32 67 83 8 106 30
89 34 38 119 121 44
121 34 119 89 44
32 97 14 33
23 73 26 59
1 3 90 31
32 67 83 106 74 28 30
-102 -11
32 97 33 74 44
121 92 38
81 34 119 121 44
38 81 121
65 85 27 28 63
42 -113
17 1 67 85 27 28 63
81 34 120 44
32 83 74 106 28 30
16 33 17 70 75 92 63
-74 -32
81 119 120 44
82 7 103 10 59
33 97 75 44
103 23 73 26
89 38 120 121 44
16 51 38
97 89 44 14
32 33 74 75
121 34 120 89 44
103 23 26 59
-76 6 93
81 34 121 38 119 120 89 44
-74 -28 -8 -30
-46 98
32 97 89 74 75 44
81 38 119 120 121
81 34 120 121 44
16 17 70 92 63
83 8 74 28 30
121 51
16 121 92
1 3 85
32 8 28 30
16 33 17 70 92 63
30 40 25 106 110
32 8 74 30
-105 83 8
16 17 75 92 63
-44 -33 -32
-58 -119
16 121 92 113
80 97 100 39
-39 -97 -55
32 97 33 89 44
68 -34
116 6 77 78
34 38 119 44
-26 -73
120 121 38 119
10 59 103
16 113 38
-107 -102 -78
-11 -96
10 47 87
-47 -7 -59
59 23 103
89 81 119 120 121 44
33 97 89 75 44
81 38 119 89 44
69 -70
81 34 38 119 121
78 107 102 22
33 70 75 63
-7 -102 -11
-17 -85 -67 -27
-96 -73
-71 -6 -79
34 119 120 89 44
16 33 92 63
17 67 27 28 63
60 -2
32 33 89 74 44
16 121
116 93 36 77
114 30 25 106 110
32 67 106 8 74 28 30
5 -121
32 83 67 106 8 74
-36 -93 -116
-19 23
89 81 34 119 120 121 44
83 67 8 74 28
-5 38 121
32 97 33 89 75 14
-17 -85 -28 -27
-63 -1 -28 -65
81 38 120 121 44
89 38 119 120 121 44
32 33 89 74 75 44
-44 -97 -32
21 -31
108 62
65 1 67 85 27 28
-1 -28 -27
32 67 8 28 30
116 36 77 78
-9 -108 -119
33 97 89 44
32 33 75 44 14
1 17 67 65 27 28 63
81 38 119 121
43 -9
89 81 34 119 121 44
17 1 67 85 27 63
89 44 121 119
-63 -85 -27
17 67 85 28 63
121 51 4
65 27 111
-71 -93
48 -55
89 81 34 38 120 121
33 97 74 44 14
97 100 55 14
-77 -40
99 -41
80 100 39 55
113 51 92 38
82 59 103 7
109 -16
107 36 78
17 65 85 27 63
16 121 51 4
89 81 34 120 121 44
73 26 59 103
-21 31 90
73 26 59
80 100 39 55 14
65 67 85 27 28 63
65 25 27 110 57
16 33 75 92 63
89 81 44
32 83 8 74
67 106 28 30
-63 -28 -65
90 3 31
97 100 14 39
113 51
114 40 25 106 110
-16 -70 -33
113 51 4 92
121 4 38 92
65 57 27 111
81 38 119 120
-58 -62
-63 -1 -67 -65
49 -17
-85 -67 -27
32 67 74 8 106 30
89 81 38 120 121 44
17 1 65 85 27 63
-103 -59
81 34 120 121
-92 -33 -63
-62 -34
-73 -24
121 51 113
57 27 111
-48 100 55
-6 -93
-7 -96
46 -98
121 4 113
81 121 119 89
10 82 47 7
32 83 67 8 106 28 30
32 83 67 106 74
34 119 9 58 108 62
83 8 28 30
16 33 17 70 75 92
26 23 103
-87 -51
80 97 39
29 -110
-89 -33 -97 -32
-60 2 87
-88 -53
32 83 74 8 106 30
1 90 3 85
118 -81
90 31 111
-116 -40
80 97 14 39
1 17 67 85 27 28
-36 -77
89 34 38 119 120 121
-32 -28 -8 -106
-92 -70 -33 -63
32 33 89 75 44
-39 -97 -100
67 83 8 106 28
96 71 24 73 26 11
32 67 83 8 106 28
-95 -20
13 -106
-24 -93 -79
81 121 38 119 120 89
90 85 31
65 25 27 110 111
33 89 75 44
16 113 51 38
51 4 38 92
51 4 38
81 34 119 120 121
6 71 24 93 79
17 67 85 27 28 63
81 38 119 120 89
89 34 38 119 120 121 44
65 17 67 85 27 28 63
32 97 89 74 75 14
33 97 74 75 44 14
-87 -9
-27 -57 -110
89 34 119 120 121 44
32 33 89 74 75
-31 -111
-82 -102
-92 -16
32 67 83 106 8 74 30
1 65 85 27 28
83 67 8 106 30
114 25 106 30
16 113 4 38
-59 -26 -23
-43 9 58
17 1 65 85 28 63
40 116 77
82 59 47 7
36 102 22 78
-44 -75 -97 -74
83 67 106 8 74 28 30
-10 -82 -59
16 33 70 92 63
-89 -33 -97 -74
34 38 119 120 44
84 -24
-78 -93 -116
83 8 106 28 30
18 -39
119 120 89 44
32 67 74 106 30
83 67 8 106 28 30
67 83 106 28 30
16 51 92 38
34 38 119 120 89 44
35 -82
116 78 6
65 27 110 57
-63 -1 -28
36 6 93 78
-24 -71
-68 34 119
-31 -90
-58 -108 -34
32 83 67 28 30
-18 80 39
81 34 38 119 120 89
65 17 67 85 27 28
30 40 106 110
17 1 67 85 28 63
-62 -119
-11 -73 -24
120 81 89 119
32 97 33 89 74 75 44
32 83 67 106 8 74 28
-41 -3
-44 -75 -14 -32
-73 -71
56 -85
81 34 38 119 44
-7 -22 -96
86 -59
-12 11 96
-71 -93 -79
8 67 28 30
32 97 33 89 74 44
32 97 44 14
32 97 74 75 44 14
32 97 33 89 75
67 8 74 28 30
17 65 67 85 28 63
120 121 44 119
-63 -85 -28 -65
118 -120
81 44 38 121
81 34 38 120 89 44
1 90 85 31
25 106 114
32 67 8 106 30
27 110 111
81 34 38 89 44
121 4 38 113
32 67 8 106 28
107
97 89 74 75 44 14
-17 -1 -28 -27
59 103 47 7
-32 -28 -83 -106
57 27 25 111
81 34 38 119 120 89 44
107 36 102 22
52 -20
32 67 83 106 8 74 28 30
97 33 89 74 44
32 97 33 89 74 75 44 14
-30 -110
-32 -67 -8 -106
-16 -70 -33 -63
33 97 75 44 14
67 106 8 74 28 30
51 4 92
-11 -26 -24
-3 -85 -31
30 25 106 110
32 97 33 89 75 44
-58 -62 -119
-59 -73 -23
-108 -62
121 34 44 119
65 25 27 110
16 113 51 4
113 51 92
32 97 74 44
96 71 73 26 11
-120 -81
-61 74 32
61 -32
32 106 28 30
120 121 44 38
89 81 38 120 121
-22 -96
16 17 70 75 63
106 8 74 28 30
33 17 70 63
16 33 17 70 75
38 119 120 121 44
32 97 89 75 44
32 67 74 28
-89 -75 -97 -32
121 34 119
81 34 38 121 44
16 113 51 92
16 121 38
32 67 28 30
10 59 47
-87 -10
37 -14
19 -23
121 51 38 113
-44 -33 -14 -32
121 44 38
83 67 8 28 30
33 89 74 75 14
82 7 10 59 47
89 34 38 121 44
78 77 93 36
1 65 67 85 27 28 63
96 71 24 73 26
1 67 85 27 28
16 92
57 110 25 111
-87 -4
-24 -6 -79
81 34 119 89
109 -92
-96 -26
34 119 120 121
-1 -85
121 51 38
80 97 100 39 14
16 33 70 92
32 67 106 8 74 28
57 27 110 111
-2 -9 -4
32 97 33 74 75
83 67 106 74 30
32 83 67 8 74
-100 -55
65 1 85 27 28 63
89 81 34 38 121
100 39 55 14
65 27 110 111
89 81 38 119 120 121 44
89 34 44 119
-85 -28 -27
17 1 65 67 85 28 63
-32 -28 -30
-7 -102 -96
32 97 33 89 74 14
35 -7
1 67 85 28 63
100 55 39
16 17 92 63
89 81 38 119 121 44
-63 -85 -65
-91 57 111
10 82 7
-2 -87
12 -96
32 97 89 74 14
-14 -97
-16 -70 -75 -63
97 39 55 14
20 62
97 89 74 75 14
89 74 75 44 14
101 -77
32 67 106 74 28
82 59 7
-80 -97 -55
81 34 38 119 89 44
-51 -113 -121 -16
83 67 106 8 74 28
-44 -33 -97 -74
67 106 74 28 30
-96 -71
-17 -28 -27
-17 -85 -28 -65
-74 -28 -83 -30
105 -8
-92 -70 -33 -17
-101 116 77
116 36 6 77 78
16 70 75 92 63
32 97 74 44 14
114 40 25 106
88 -3
121 113
32 83 8 74 30
-63 -28 -27
32 83 8 106 28
-107 -102 -36
53 -73
116 6 93 78
16 33 17 70 63
36 102 22
53 -26
32 97 89 74 44 14
-3 -1 -90
41 70 3
94 -28
-11 -71
15 -75
-78 -93 -77
32 74 8 106 30
25 57 27 110
-24 -93
81 121 38 119 89
90 3 85
97 33 89 74 75 44
39
17 65 27 28 63
10 2 87
32 67 8 28
81 34 38 120 121
121 34 81 89 44
32 83 74 28 30
-92 -70 -75 -63
81 121 119 120 89
33 17 70 75 63
-53 26 73
121 92 113
81 38 119 120 121 44
-16 -70 -75 -17
-32 -28 -83 -30
-32 -28 -8 -30
81 34 119 120 121 44
65 25 57 110 111
60 -87
10 59 82 103
89 38 119 120 121
-93 -77
16 33 17 92 63
34 38 121 44
-90 -57
91 -57
65 25 27 111
108 95
51 4 87 9 58
16 33 17 75 92 63
16 113 4 121
-55 -8
32 89 74 75 14
97 33 89 74 75 44 14
-87 -47
-2 -58 -51
-63 -1 -27
-72 -46
104 -89
67 85 27 28 63
-88 3
-16 -75 -63
116 93 6 77 78
80 97 100 55
66 -102
89 81 44 121
-113 -41
-28 -8 -30
72 -65
-77 -114
32 67 83 106 74 28
121 51 4 38
51 4
-108 -119
32 83 67 74 28 30
16 121 4 38
-17 -85 -67 -65
-66 22 102
-30 -110 -114
103 10 59 47
81 44 38 119
81 34 38 119 89
-87 -58
16 33 70 75 92
80 97 100 39 55
-9 -119
23 98
33 97 89 44 14
24 93 6 71
116 36 6 93 78
17 65 67 85 27 63
121 4 38
34 38 120 121 44
57 90 111
-58 -108 -119
-17 -1 -28 -65
-84 24 71
100 55
82 10 59 47
29 -25
38 119 89 44
32 97 89 74 75 44 14
20 95
72 -27
-4 -51
78 107 22
33 89 75 44 14
38 121 92 113
32 83 106 8 74
97 100 39 55 14
80 97 39 55
7 10 59 47
67 83 106 74 28
1 85 27 28 63
-74 -28 -8 -106
81 34 89 44
10 103 47 7
120 81 44
-41 -70
81 119 120 121 44
65 67 27 28 63
-10 -7 -103
-39 -14 -55
34 38 119 89 44
32 67 74 28 30
32 83 8 28
34 38 119 121 44
-9 -58
32 97 33 74 75 44
81 34 38 120 121 44
107 102 22
-34 -119
89 81 34 38 119 121
-102 -36
16 33 75 63
32 8 106 28 30
-30 -25 -40
61 -74
81 34 120 89 44
-54 107
89 38 119 121 44
38 119 120 89 44
32 33 89 44
1 65 67 85 27 63
-48 -76
57 110 111
-112 4 51
16 4 92
-30 -25 -114
34 119 58 108 62
33 97 74 75 44
-87 -9 -4
113 51 4
32 67 8 74 28
120 81 119
73 59 103 23
16 121 51 38
45 -108
-44 -33 -97
-119 -38 -81 -44
113 51 38
-36 -93 -77
10 59 103 7
32 97 89 44 14
32 106 8 74 28 30
81 121 44 119
32 67 106 28 30
17 65 67 1 85 27 28
16 121 51 92
32 97 75 33
-103 -73 -23
-90 -111
32 97 89 75 44 14
18 -80
114 40 106 30
81 34 119 89 44
32 8 74 28
25 27 110 111
89 81 34 120 121
81 38 119 120 44
32 83 67 8 74 28
119 9 58 108 62
-94 67 28
33 17 70 75 92 63
96 7 22 102 11
33 70 75 92 63
34 119 120 121 44
73 59 103
67 8 106 28 30
-7 -102
32 83 8 106 28 30
121 51 4 92
-17 -1 -67 -27
66 -22
113 41
32 83 8 28 30
32 67 8 74 30
-96 -26 -71
65 57 27 25 111
-70 -33 -63
81 121 119
17 1 85 27 28 63
32 89 74 44
32 97 89 44
97 100 55
-63 -85 -67
120 81 44 121
-87 -58 -51
-36 -6 -116
81 34 44 119
-99 41
121 4 113 92
81 34 119 120 44
10 82 59 7
32 33 74 44 14
6 71 93 79
81 34 119
-106 -25 -40
-49 -84
32 83 67 106 74 30
16 113 92 38
-71 -6
16 113 51
114 30 40 106 110
-44 -75 -97 -32
-119 -121 -81 -89
-63 -85 -67 -65
32 97 33 75 44
32 83 106 74 30
80 97 100 39 55 14
114 30 40 25 106 110
-82 -7
1 65 85 27 63
16 17 70 75 92 63
89 81 38 121 44
32 89 74 75 44
32 97 33 89 44 14
-16 -70 -63
32 74 106 30
-65 -27
-16 -33 -17
96 71 24 73 11
81 38 120 89 44
91 -111
-7 -22
33 97 74 75 14
-36 -93
-83 -8
89 34 38 120 121 44
10 59 7
-102 -96
-21 -46
117 -40
40 114 77
32 67 8 106 28 30
81 34 38 119 120 121 44
38 119 121 44
81 34 38 119 120 44
-44 -33 -14 -74
32 33 89 74 44 14
17 1 65 67 85 27 63
120 81 121 89
59 103 7
32 67 8 74 28 30
121 51 92
32 67 83 8 74 30
97 33 89 74 75 14
97 39 55
57 110 27 25 111
81 34 119 120 89
32 83 106 8 74 28
-63 -67 -27
10 47 7
67 83 8 28
-47 -10
40 25 110 30
1 3 31
32 83 8 30
16 51 4 38
81 38 119 120 89 44
56 -1
32 33 74 75 44
65 67 85 27 28
120 81 121 119
32 97 33 89 14
-87 -9 -51
81 119 120 89 44
81 121 119 89 44
89 121 34 119
-109 -66
17 1 67 65 85 27 28 63
-58 -62 -34
-22 -102
16 51 4
16 33 70 75
121 34 89 44
84 -71
105 -83
116 36 6 78
81 34 119 120 89 44
83 67 106 8 74 30
32 97 33 74 75 44 14
114 30 40 25 110
73 59 23
81 34 119 120
116 93 36 6 77
-45 108 62
-64 78 36
-58 -4
16 51
-36 -6 -77
-17 -63
2 51 4 87 58
121 44 119
32 33 89 75 44 14
-32 -67 -8 -30
-75 -33
16 113 4
-119 -121 -81 -44
1 17 65 27 28 63
-32 -67 -83 -30
50 -47
-115 79
-82 -102 -96
32 97 74 75 14
89 81 34 119 120 121
50 -10
32 74 28 30
-2 -10
32 97 33 89 74
65 25 110 111
-93 -79
8 55
1 65 67 27 28 63
32 83 8 106 30
36 102 22 107 78
81 34 38 119
-42 113
33 97 89 75 14
32 83 106 8 74 28 30
32 83 67 8 30
-107 -22 -36
16 33 17 70 92
32 97 33 89 74 75
-44 -33 -97 -32
96 82 102 7 11
-104 89 44
-78 -6 -77
-106 -110 -114
32 67 83 106 28 30
32 33 89 74 75 44 14
32 97 33 74 75 14
21 -90
113 51 4 38
13 -30
97 14 39
65 57 110 111
32 33 74 75 14
36 93 6 77 78
52 -95
65 17 67 27 28 63
-119 -121 -120 -44
32 33 74 44
71 24 93 79
65 57 27 110 111
121 51 4 113
97 89 74 44 14
32 33 74 75 44 14
-26 -71
-114 -40
16 33 17 75 92
16 70 92 63
32 83 8 74 28
-58 -108
-96 -26 -24
32 67 83 8 74 28 30
-62 -20
82 103 10 59 47
107 36 102
103 23 73 26 59
81 34 38 119 121 44
17 85 27 28 63
32 97 33 44 14
-82 -102 -11
-63 -85 -28
-9 -108 -34
32 97 33 74 14
16 33 70 75 63
-25 -110
32 97 33 44
114 40 25 110
-82 -22 -96
-17 -85 -27
-118 120 81
90 3 85 31
-2 -51
112 -4
89 81 34 38 121 44
-106 -110 -40
-63 -1 -67 -27
-32 -8 -30
-61 -76
-67 -28
34 44 119
17 1 85 27 63
-99 -35
89 34 119 120 121
-63 -85 -28 -27
120 34 44 119
8 83
16 33 70 75 92 63
32 97 74 33
-9 -62 -34
-59 -73
82 7 103 10 47
32 74 106 28 30
114 25 106 110
-70 -3
-56 1 85
54 -107
-13 106 30
36 77 6 116 93 78
89 81 34 38 120 121 44
-50 47 10
-16 -33 -63
16 33 70 63
-117 114 40
-11 -73
16 33 75 92
-35 82 7
32 83 8 74 28 30
32 67 74 106 28 30
103 7 10 59 47
34 38 119 120 121 44
79 98
1 3 85 90 31
40 114 110 30
-27 -111 -25
5 -38
76 -93
33 17 75 63
16 33 17 70 75 63
17 1 85 28 63
-2 -58
81 34 38 121
-27 -111 -110
-15 75 33
32 33 89 74 75 14
-63 -1 -28 -27
-96 -73 -24
-106 -30
2 51 87 9 58
-12 -69
80 55 39
-38 -121
-89 -33 -14 -32
43 -58
32 33 89 44 14
116 93 36 77 78
16 121 4 92
16 113 4 92
80 97 39 55 14
34 38 119 120 121
-86 103 59
16 4 38 92
-41 -70 -3
-32 -28 -8
1 65 67 85 28 63
81 121 44
16 121 51
97 100 39 55
86 -103
115 -79
78 36 102
89 81 44 38
16 121 92 38
33 89 74 75 44
81 121 120 89 44
96 82 7 22 102 11
80 39 55 14
101 -116
89 81 34 38 119 120 121
-72 65 27
16 17 70 63
32 97 75 44 14
121 38
16 113 38 121
-30 -40
32 97 33 75 14
89 119 120 121 44
97 33 89 74 44 14
73 26 23
-2 -58 -4
-110 -40
-9 -51
16 33 17 63
-89 -44
81 38 119 121 44
83 100
81
83 67 106 8 74
121 51 92 113
96 82 7 22 102
-10 -7 -59
-11 -26 -71
-85 -28 -65
-71 -79
76 -6
64 -78
-29 25 110
89 120 121 44
16 113 121
32 83 67 74 28
83 67 8 74 28 30
2 51 4 87 9 58
16 121 4
16 92 38
114 40 25 106 30
-58 -34
16 113 92
89 81 38 121
49 -63
81 34 38 119 120
89 121 44 38
-82 -22 -11
48 -100
120 81 44 38
89 44 119
1 17 67 27 28 63
-30 -110 -40
112 -51
89 34 38 119 121
33 97 75 14
32 8 106 30
-78 -36
-33 -97 -32
32 89 74 75 44 14
32 97 33 74 44 14
-11 -73 -71
32 89 74 44 14
8 106 28 30
32 83 67 8 28 30
80 97 100 55 14
1 90 85
65 17 85 27 28 63
33 97 44 14
1 65 17 85 27 28
-57 -111
-65 -111 -110
20
