2 68 37 46
-73 -4
-7 -75
47
70 42 77 30 47
48 49
-32 9
80 51 10 13 62
1 85 69 54
-30 -70
-47 -8 -70
1 50 69 53
1 17 50 69 14
80 10 90 15 13 79
-9 -20
80 51 10 79 15
70 8 42 77 30
-74 -34
80 51 90 10 15 13 62 79
80 51 62 13 79 15
66 -46
-30 -79
1 85 69
-53 -69 -14
34 -20
51 36 88 42 12
-8 -15
10 79 90 13 62 15
-36 -15
-51 -80 -10 -90
-68 -37
57 68 37 46
-30 -79 -21
-40 78 48
-70 -79
17 69 53 14
80 10 90 79 15
-12 -42 -15
51 36 88 8 42 15
52 7 90 75 62
-11 -52
11 52 86
-21 -86
52 7 75 11
39 -86
10 90 13 62 79
51 10 62 90 13 79 15
27 -13
42 77 30
35 -83
80 51 90 15 62 79
33 60 22 87
25 -57
-6 -31
-87 -33
80 90 13 62 79
80 10 90 13 15
-20 -12
74 -37
-15 -13 -10 -90
-46 -89 -68
-55 88 36
-5 -46 -9
-31 85
-21 -85
16 -22
1 50 53
80 10 62 90 79 15
79 90 62 15
51 90 79 15
-62 -90
80 90 10 79
18 85 69
-47 -42 -30
-63 7 75
-73 -17
-36 -42 -51
-51 -15
59 -47
-1 -85 -18
26 -67
1 18 85 69 54
-5 -82
64 -52
48 86
-36 -12 -42
73 17 4 53
-70 -10
51 88 42 12
1 50 53 14
-88 -36
80 51 90 15 79
90 75 52 7
51 90 10 62 79
10 79 90 62 15
-47 -8
-88 -12 -8
52 7 11 62
80 51 90 10 13 79 15
-69 -85 -18
80 51 90 62 79
40 -78
-85 -86
10 90 62 79
-90 -75 -52
33 60 22
-50 -14
-70 -10 -21
-2 -46
80 90 15 13 79
16 -60
-13 -80
80 90 62 79
51 10 15 62 79
-44 53 17
-18 -75
33
80 51 10 90 62 79
-82 -83 -73
-69 -14
89 2 46 57
41 2 9
64 -11
75 7 90 11 62
44 -17
51 10 13 62 15
27 -80
-88 -8 -15
4
51 36 88 8 42 12 15
-12 -8 -15
84 -51
24 33 87
-57 -89
51 10 15 79
63 -7
80 51 90 13 62
-6 -63
50 14
52 7 75 11 62
1 50 69 14
-53 -17
-84 51 15
48 11 78
51 36 88 8 15
51 62 90 79 15
-47 -8 -30
-43 -24
-45 41 5
80 51 13 62 15
70 8 77 30 47
-76 50 14
40 -48
-3 49
-6 87 33
51 8 42 88 12
-88 -12 -15
51 62 90 13 79 15
9 5 46
1 50 53 69 14
1 18 85 54
36 88 8 42 12 15
26 -4
80 51 10 13 62 79
84 -15
80 10 90 62 15
44 -53
61 -43
-4 -53
89 68 37
80 51 90 15 13 62 79
80 62 10 79 15
-82 -73
33 87 24 60
10 30 70 79
2 68 89 46 57
-66 2 46
-15 -79 -90
70 8 42 47
52 90 11 62
17 67 4 53
-81 -31
-21 -85 -86
-18 -7
51 90 13 62 15
-54 -18
-14 -22
-17 -69 -50
80 10 90 13 79
-62 -75 -52
-17 -14
70 42 77 30
-9 -83
-61 43
17 50 69 53 14
-69 -18
48 78
55 -36
-53 -1 -14
-67 -4
36 88 8 12 15
80 51 10 90 13 62 15
56 -70
81 -90
73 17 67 4
89 36 57
-61 -63
-36 -12 -42 -51
-15 -80 -79 -62
-74 68 37
80 10 13 79
-8 -70
80 51 90 10 62 15
80 51 13 79 15
-36 -12 -8 -15
-16 60 22
80 10 13 62 79
51 90 10 13 62
18 85 69 54
-30 -10 -21
-41 -5
-75 -52
89 37 46 57
17 50 1 53 14
2 37 89 46 57
-88 -12 -8 -15
-35 83
80 51 10 90 13 62
-90 -7 -11
-82 -83
17 50 69 14
80 51 79 62 15
9 2 46
-20 -12 -43
-33 -60 -24
-24 -49
-51 -13 -79 -90
51 8 42 12 15
51 10 13 79 15
41 5
-88 -8 -51
-54 -75
-17 -69
80 90 15 13 62 79
41 2 5 46
17 50 53 14
-77 -8 -70
-38 82
-17 -69 -14
-71 10 79
18 75 7
51 90 13 79 15
-19 21
29 -73
24 60 22 87
30 21 70 79
51 36 88 12 15
48 78 86
9 2 5 46
38 -82
2 5 41 9
43 24 49
-36 -12 -15
80 10 90 13 62 79
45 -5
-88 -12 -8 -51
89 68 37 57
11 52
11 52 78
80 51 10 13 79 15
80 51 10 15 13 62 79
89 2 37 46
1 18 69
-9 -83 -20
7 90 75 62
80 90 13 62 15
11 62 7
1 18 69 54
80 90 13 15
90 75 52 62
80 51 62 10 79 15
19 -21
76 -50
82 5
32 -9
78 52 86
-10 -79
-72 54 18
48 11 52
51 10 13 62
52 86
-15 -80 -79
-79 -21
41 5 46 9
57 2 37 46
24 60 22
-43 -49
70 77 30 47
51 10 62 90 79 15
-17 -1 -50
11 90 75 52
33 22 87 24 60
-47 -70
51 10 15 13 62 79
18 75 54
21 70 10 79
80 13 79 15
70 8 42 77 30 47
42 77 30 47
-41 -46 -9
70 8 42 30 47
80 51 10 90 79
-33 -22
51 88 42 12 15
80 10 90 13 62 15
18 69 54
65 -42
23 -24
80 90 15 62 79
17 50 1 53
-83 -20
-36 -12 -8 -51
36 88 8 42 15
-28 1 69
75 52 7 90 11
80 51 90 13 15
-47 -42 -70
55 -88
51 36 88 8 12 15
-15 -80 -10 -90
-23 24
41 5 46
8 42 77 47
80 51 90 13 62 79
80 51 13 15
48 52 78
80 62 10 13 79 15
52 7 90 11 62
-73 -67 -53
51 36 8 12 15
-77 -8 -30
89 37 46
-69 -85 -54
36 8 42 12 15
21 85 86
-36 -8 -51
-1 -69
80 51 15 79
-73 -67 -17
80 51 10 13 15
25 -89
-88 -12 -42 -15
2 68 37 89 57
63 -75
-15 -13 -79 -90
71 -10
24 60 87
51 36 8 42 12 15
72 -54
-67 -17
-73 -4 -53
-27 13 80
89 2 37 57
9 83 20
2 68 37 57 46
2 68 37 89
41 5 9
28 -69
48 11 86
-36 -12 -51
-90 -75 -11
-73 -4 -17
51 36 8 42 88 12
6 -87
89 37 57
80 10 90 62 79
17 50 1 53 69
82 83 73
20 12 43
2 5 9 41 46
51 90 10 13 62 15
-51 -80 -79 -90
45 -41
2 37 46
-36 -42 -15
-88 -12 -42 -51
75 52 90 11 62
2 68 37 89 46 57
56 -30
70 8 77 47
-77 -42 -70
33 22 87
80 51 90 10 15
-17 -1 -14
17 1 69 53
7 90 11 62
81 -62
-86 -52 -48
24 33 60 22
80 51 10 13 62 15
-36 -12 -42 -15
-70 -21
59 -77
-62 -75 -11
21 70 10 30 79
-88 -42 -15
80 51 90 13 62 15
76 -14
-2 -89 -37
2 5 46
48 52 86
-81 62 90
80 10 79 15
-61 -31
1 85 54
58 -12
-12 -43
-15 -80 -79 -90
1 18 85 69
-90 -75
1 17 69 14
-58 12
-59 77 47
10 90 79 15
-20 -43
79 90 13 62 15
80 51 90 15
-70 -79 -21
51 90 10 13 62 79
-5 -2 -9
-61 -27
36 88 8 42 12
51 90 10 13 79 15
3 -49
-46 -89 -37
80 90 15 79
17 50 1 69 53 14
50 60
-29 73
-39 86
8 42 77 30
-42 -8
-57 -36
-34 20
80 51 90 13 79
89 46 57
80 51 10 13 79
51 90 10 79 15
-90 -7 -52
-89 -36
-87 -22 -24
24 33 22 87
-33 -22 -24
-53 -69 -50
80 10 90 15 13 62 79
9 2 46 41
-51 -80 -79 -62
-15 -13 -79 -62
-26 67 4
-4 -17
89 2 46
-43 -24 -49
80 90 13 62
-36 -8
-77 -47
80 51 90 10 13 62 79
-15 -80 -90
6 -33
18 85 54
-36 -12 -8
89 68 37 46
70 8 42 30
51 90 62 15
17 67 4 53 73
-62 -7 -52
80 51 90 10 13 15
68 37 46
8 42 77 30 47
80 51 90 15 13 79
-5 -46
37
80 51 90 62 15
28 -1
-83 -73
68 89 46 57
80
51 36 8 42 15
65 -8
-64 11 52
-46 -57 -37
-80 -79 -90
74 -68
51 10 13 62 79
-36 -8 -15
24 33 22
-60 -22
66 -2
10 90 13 79 15
89 2 68 46
80 51 90 62 10 79 15
60 22
72 -18
51 10 90 62 15
-90 -52
22 14
31 -85
51 88 8 42 12 15
80 51 10 90 13 79
-65 42 8
51 36 88 42 12 15
-15 -80 -10 -62
80 90 13 79
-12 -8 -51
52 7 11 90 75 62
-25 57 89
80 10 90 13 62
88 89 36
68 37 89 46 57
2 68 37 89 46
70 8 42 77 47
48 52
80 90 62 15
-89 -88
71 -79
80 51 90 10 79 15
-48 -49
-56 30 70
7 11 75 62
80 15 13 62 79
17 1 69 53 14
70 8 30 47
-78 -48
80 10 13 79 15
