9 10 7
16 3 4
-17 -2
16 3 19 4 6 9
14 -7
16 9 19 6
7 17
16 3 19 6 9
19 6
3 9 19
5 -2
-6 -3 -16
11 -1
9 3 7
3 19 6
-4 -16
13 -16
16 9 3 4
16 4
-10 -3 -7
-7 -17
-5 8 2
-15 9 3
18 -19
3 9 19 6
10 7
15 -9
18 -6
17 2
16 3 4 19 6
10 3
-18 6 19
15 -3
10 3 7
13 -4
16 9 3
16 3 19
16 19 3 6
-1 -19
16 19 6
-13 4 16
16 19 3 4
-8 -2
9 3
-20 10
-9 -3
20 -10
3 19 4 6 9
-19 -3 -16
-19 -9 -16
-6 -19
16 9 3 19
3 9 19 4
8 4
1 19
-16 -2
3 19 4 6
9 10 3
16 3 19 4 9
16 3 4 6 9
-12 17
12 -17
-1 -10
16 9 19 4
16 19 4 6 9
-19 -3 -4
16 2
-14 7
8 2
16 9 3 6
3 7
1 10
16 19 4 6
5 -8
16 3 4 6
-11 1
16 19 4
