1 : (((3, 6, 3), (3, 8, 5)), 1)
2 : (((4, 5, 2), (4, 7, 2)), 1)
3 : (((8, 3, 1), (8, 6, 4)), 1)
4 : (((8, 6, 4), (8, 8, 3)), 1)
5 : (((7, 4, 3), (7, 7, 1)), 1)
6 : (((10, 3, 2), (10, 6, 3)), 1)
7 : ((2, 4, 3), (2, 7, 2))
8 : (((7, 2, 3), (7, 4, 3)), 1)
9 : (((7, 2, 3), (9, 2, 2)), 2)
10 : (((1, 3, 2), (3, 3, 2)), 1)
11 : (((2, 2, 2), (2, 4, 3)), 2)
12 : (((7, 7, 1), (7, 10, 2)), 1)
13 : ((5, 4, 3), (5, 6, 2))
14 : (((3, 3, 2), (3, 6, 3)), 2)
15 : ((9, 5, 1), (9, 7, 1))
16 : ((10, 6, 3), (10, 8, 1))
17 : (((8, 6, 4), (10, 6, 3)), 1)
18 : (((3, 6, 3), (5, 6, 2)), 1)
19 : (((8, 8, 3), (10, 8, 1)), 1)
20 : ((10, 3, 2), (10, 6, 3))
21 : (((4, 5, 2), (9, 5, 1)), 1)
22 : (((3, 0, 2), (5, 0, 2)), 1)
23 : ((1, 0, 2), (1, 3, 2))
24 : (((1, 0, 2), (3, 0, 2)), 2)
25 : ((3, 0, 2), (5, 0, 2))
26 : (((0, 4, 3), (0, 7, 2)), 2)
27 : (((2, 4, 3), (5, 4, 3)), 2)
28 : (((0, 7, 2), (0, 10, 2)), 1)
29 : ((7, 4, 3), (7, 7, 1))
30 : ((7, 10, 2), (9, 10, 2))
31 : ((1, 0, 2), (3, 0, 2))
32 : ((0, 2, 2), (0, 4, 3))
33 : ((7, 0, 2), (7, 2, 3))
34 : (((0, 4, 3), (2, 4, 3)), 1)
35 : (((6, 8, 3), (8, 8, 3)), 2)
36 : (((4, 7, 2), (7, 7, 1)), 1)
37 : (((0, 10, 2), (3, 10, 3)), 1)
38 : (((5, 6, 2), (5, 10, 2)), 1)
39 : (((2, 2, 2), (4, 2, 3)), 2)
40 : (((7, 0, 2), (10, 0, 2)), 2)
41 : (((5, 6, 2), (8, 6, 4)), 1)
42 : (((10, 0, 2), (10, 3, 2)), 2)
43 : (((1, 3, 2), (1, 5, 1)), 1)
44 : (((3, 8, 5), (6, 8, 3)), 1)
45 : (((2, 4, 3), (2, 7, 2)), 2)
46 : (((3, 0, 2), (3, 3, 2)), 2)
47 : (((5, 0, 2), (5, 4, 3)), 2)
48 : ((10, 0, 2), (10, 3, 2))
49 : ((4, 2, 3), (7, 2, 3))
50 : (((7, 0, 2), (7, 2, 3)), 2)
51 : ((5, 6, 2), (5, 10, 2))
52 : (((0, 7, 2), (2, 7, 2)), 2)
53 : ((3, 0, 2), (3, 3, 2))
54 : ((7, 7, 1), (7, 10, 2))
55 : ((1, 3, 2), (1, 5, 1))
56 : (((1, 8, 2), (3, 8, 5)), 2)
57 : ((2, 2, 2), (2, 4, 3))
58 : (((3, 6, 3), (3, 8, 5)), 2)
59 : (((4, 5, 2), (4, 7, 2)), 2)
60 : ((0, 10, 2), (3, 10, 3))
61 : (((1, 5, 1), (4, 5, 2)), 1)
62 : (((2, 2, 2), (2, 4, 3)), 1)
63 : (((8, 6, 4), (8, 8, 3)), 2)
64 : ((0, 7, 2), (2, 7, 2))
65 : (((0, 2, 2), (0, 4, 3)), 2)
66 : (((10, 3, 2), (10, 6, 3)), 2)
67 : ((4, 2, 3), (4, 5, 2))
68 : (((3, 10, 3), (5, 10, 2)), 2)
69 : ((4, 7, 2), (7, 7, 1))
70 : (((3, 8, 5), (3, 10, 3)), 1)
71 : ((0, 2, 2), (2, 2, 2))
72 : (((7, 2, 3), (7, 4, 3)), 2)
73 : (((0, 4, 3), (0, 7, 2)), 1)
74 : (((1, 0, 2), (1, 3, 2)), 1)
75 : (((2, 4, 3), (5, 4, 3)), 1)
76 : ((3, 6, 3), (5, 6, 2))
77 : ((3, 3, 2), (3, 6, 3))
78 : (((8, 3, 1), (10, 3, 2)), 1)
79 : (((8, 6, 4), (10, 6, 3)), 2)
80 : (((7, 10, 2), (9, 10, 2)), 1)
81 : (((4, 2, 3), (4, 5, 2)), 2)
82 : ((6, 8, 3), (8, 8, 3))
83 : ((5, 10, 2), (7, 10, 2))
84 : (((5, 10, 2), (7, 10, 2)), 2)
85 : (((5, 4, 3), (5, 6, 2)), 1)
86 : (((2, 2, 2), (4, 2, 3)), 1)
87 : (((5, 0, 2), (7, 0, 2)), 1)
88 : (((7, 0, 2), (10, 0, 2)), 1)
89 : (((4, 2, 3), (7, 2, 3)), 2)
90 : (((5, 4, 3), (7, 4, 3)), 2)
91 : (((0, 2, 2), (2, 2, 2)), 2)
92 : (((2, 4, 3), (2, 7, 2)), 1)
93 : (((3, 0, 2), (3, 3, 2)), 1)
94 : (((3, 3, 2), (8, 3, 1)), 1)
95 : ((4, 5, 2), (9, 5, 1))
96 : ((8, 3, 1), (8, 6, 4))
97 : (((2, 7, 2), (4, 7, 2)), 2)
98 : ((2, 7, 2), (4, 7, 2))
99 : (((7, 7, 1), (9, 7, 1)), 1)
100 : ((1, 3, 2), (3, 3, 2))
101 : ((7, 7, 1), (9, 7, 1))
102 : ((8, 8, 3), (10, 8, 1))
103 : (((10, 6, 3), (10, 8, 1)), 1)
104 : ((3, 8, 5), (6, 8, 3))
105 : ((2, 4, 3), (5, 4, 3))
106 : ((7, 0, 2), (10, 0, 2))
107 : ((8, 6, 4), (8, 8, 3))
108 : ((5, 0, 2), (7, 0, 2))
109 : (((7, 2, 3), (9, 2, 2)), 1)
110 : (((3, 3, 2), (3, 6, 3)), 1)
111 : ((3, 8, 5), (3, 10, 3))
112 : (((1, 8, 2), (3, 8, 5)), 1)
113 : ((1, 5, 1), (1, 8, 2))
114 : (((1, 0, 2), (3, 0, 2)), 1)
115 : ((9, 2, 2), (9, 5, 1))
116 : (((9, 5, 1), (9, 7, 1)), 1)
117 : (((0, 2, 2), (0, 4, 3)), 1)
118 : (((1, 3, 2), (3, 3, 2)), 2)
119 : ((5, 4, 3), (7, 4, 3))
120 : (((3, 10, 3), (5, 10, 2)), 1)
121 : ((0, 7, 2), (0, 10, 2))
122 : ((3, 6, 3), (3, 8, 5))
123 : (((3, 6, 3), (5, 6, 2)), 2)
124 : (((6, 8, 3), (8, 8, 3)), 1)
125 : ((1, 8, 2), (3, 8, 5))
126 : ((7, 2, 3), (9, 2, 2))
127 : ((1, 5, 1), (4, 5, 2))
128 : (((3, 0, 2), (5, 0, 2)), 2)
129 : (((1, 5, 1), (1, 8, 2)), 1)
130 : (((0, 7, 2), (0, 10, 2)), 2)
131 : (((10, 0, 2), (10, 3, 2)), 1)
132 : (((4, 2, 3), (4, 5, 2)), 1)
133 : (((3, 8, 5), (3, 10, 3)), 2)
134 : ((0, 4, 3), (2, 4, 3))
135 : (((5, 10, 2), (7, 10, 2)), 1)
136 : ((4, 5, 2), (4, 7, 2))
137 : (((0, 4, 3), (2, 4, 3)), 2)
138 : ((2, 2, 2), (4, 2, 3))
139 : (((5, 0, 2), (5, 4, 3)), 1)
140 : (((9, 2, 2), (9, 5, 1)), 1)
141 : ((5, 0, 2), (5, 4, 3))
142 : ((8, 3, 1), (10, 3, 2))
143 : (((0, 10, 2), (3, 10, 3)), 2)
144 : (((1, 0, 2), (1, 3, 2)), 2)
145 : (((5, 6, 2), (5, 10, 2)), 2)
146 : ((9, 7, 1), (9, 10, 2))
147 : (((4, 2, 3), (7, 2, 3)), 1)
148 : (((5, 4, 3), (7, 4, 3)), 1)
149 : (((5, 6, 2), (8, 6, 4)), 2)
150 : (((0, 2, 2), (2, 2, 2)), 1)
151 : (((7, 0, 2), (7, 2, 3)), 1)
152 : ((3, 10, 3), (5, 10, 2))
153 : (((0, 7, 2), (2, 7, 2)), 1)
154 : (((7, 10, 2), (9, 10, 2)), 2)
155 : (((3, 8, 5), (6, 8, 3)), 2)
156 : ((7, 2, 3), (7, 4, 3))
157 : ((0, 4, 3), (0, 7, 2))
158 : ((8, 6, 4), (10, 6, 3))
159 : (((5, 4, 3), (5, 6, 2)), 2)
160 : (((2, 7, 2), (4, 7, 2)), 1)
161 : (((9, 7, 1), (9, 10, 2)), 1)
162 : (((5, 0, 2), (7, 0, 2)), 2)
163 : ((3, 3, 2), (8, 3, 1))
164 : ((5, 6, 2), (8, 6, 4))
