1 : (((1, 7, 2), (3, 7, 4)), 1)
2 : ((8, 3, 2), (8, 5, 1))
3 : ((5, 1, 1), (5, 4, 3))
4 : (((8, 7, 3), (10, 7, 3)), 2)
5 : ((4, 3, 4), (6, 3, 1))
6 : (((6, 0, 4), (9, 0, 2)), 1)
7 : (((4, 0, 5), (6, 0, 4)), 2)
8 : (((5, 1, 1), (5, 4, 3)), 1)
9 : (((10, 3, 3), (10, 5, 2)), 2)
10 : (((0, 1, 3), (2, 1, 2)), 1)
11 : (((2, 3, 3), (2, 6, 1)), 1)
12 : ((4, 0, 5), (6, 0, 4))
13 : (((4, 3, 4), (4, 6, 2)), 1)
14 : ((6, 3, 1), (6, 7, 3))
15 : ((9, 4, 1), (9, 6, 3))
16 : (((0, 4, 4), (3, 4, 2)), 1)
17 : (((3, 4, 2), (5, 4, 3)), 1)
18 : (((7, 1, 2), (7, 4, 3)), 2)
19 : (((7, 6, 5), (9, 6, 3)), 1)
20 : (((8, 5, 1), (8, 7, 3)), 1)
21 : (((6, 3, 1), (6, 7, 3)), 1)
22 : (((0, 1, 3), (0, 4, 4)), 1)
23 : (((1, 0, 2), (1, 7, 2)), 1)
24 : ((1, 7, 2), (3, 7, 4))
25 : (((4, 0, 5), (4, 3, 4)), 2)
26 : ((3, 7, 4), (6, 7, 3))
27 : (((1, 0, 2), (4, 0, 5)), 2)
28 : (((2, 3, 3), (4, 3, 4)), 2)
29 : (((5, 1, 1), (7, 1, 2)), 1)
30 : (((2, 1, 2), (2, 3, 3)), 2)
31 : ((10, 5, 2), (10, 7, 3))
32 : (((2, 1, 2), (5, 1, 1)), 1)
33 : ((7, 6, 5), (9, 6, 3))
34 : ((10, 1, 2), (10, 3, 3))
35 : (((7, 1, 2), (10, 1, 2)), 1)
36 : (((9, 0, 2), (9, 4, 1)), 1)
37 : (((7, 4, 3), (7, 6, 5)), 1)
38 : (((4, 6, 2), (7, 6, 5)), 2)
39 : ((2, 1, 2), (2, 3, 3))
40 : (((0, 4, 4), (0, 6, 2)), 2)
41 : (((6, 3, 1), (8, 3, 2)), 1)
42 : ((8, 3, 2), (10, 3, 3))
43 : (((10, 5, 2), (10, 7, 3)), 1)
44 : ((6, 0, 4), (6, 3, 1))
45 : (((8, 7, 3), (10, 7, 3)), 1)
46 : ((8, 7, 3), (10, 7, 3))
47 : ((8, 5, 1), (10, 5, 2))
48 : (((6, 7, 3), (8, 7, 3)), 2)
49 : ((4, 3, 4), (4, 6, 2))
50 : (((0, 6, 2), (2, 6, 1)), 1)
51 : ((1, 0, 2), (4, 0, 5))
52 : (((4, 0, 5), (6, 0, 4)), 1)
53 : ((7, 4, 3), (9, 4, 1))
54 : (((1, 7, 2), (3, 7, 4)), 2)
55 : (((8, 3, 2), (10, 3, 3)), 2)
56 : (((3, 4, 2), (3, 7, 4)), 1)
57 : (((10, 1, 2), (10, 3, 3)), 2)
58 : ((0, 1, 3), (0, 4, 4))
59 : ((0, 1, 3), (2, 1, 2))
60 : (((9, 4, 1), (9, 6, 3)), 1)
61 : (((6, 0, 4), (9, 0, 2)), 2)
62 : ((7, 1, 2), (7, 4, 3))
63 : ((3, 4, 2), (5, 4, 3))
64 : (((3, 7, 4), (6, 7, 3)), 2)
65 : (((7, 1, 2), (7, 4, 3)), 1)
66 : ((2, 3, 3), (4, 3, 4))
67 : ((2, 6, 1), (4, 6, 2))
68 : ((0, 6, 2), (2, 6, 1))
69 : (((1, 0, 2), (4, 0, 5)), 1)
70 : (((4, 3, 4), (4, 6, 2)), 2)
71 : (((2, 3, 3), (4, 3, 4)), 1)
72 : (((2, 1, 2), (2, 3, 3)), 1)
73 : ((1, 0, 2), (1, 7, 2))
74 : (((5, 4, 3), (7, 4, 3)), 2)
75 : (((3, 4, 2), (5, 4, 3)), 2)
76 : ((7, 4, 3), (7, 6, 5))
77 : ((3, 4, 2), (3, 7, 4))
78 : ((8, 5, 1), (8, 7, 3))
79 : (((2, 6, 1), (4, 6, 2)), 1)
80 : ((10, 3, 3), (10, 5, 2))
81 : ((4, 0, 5), (4, 3, 4))
82 : ((0, 4, 4), (0, 6, 2))
83 : ((6, 7, 3), (8, 7, 3))
84 : (((6, 7, 3), (8, 7, 3)), 1)
85 : (((10, 3, 3), (10, 5, 2)), 1)
86 : (((8, 5, 1), (10, 5, 2)), 1)
87 : (((10, 5, 2), (10, 7, 3)), 2)
88 : (((8, 3, 2), (10, 3, 3)), 1)
89 : ((7, 1, 2), (10, 1, 2))
90 : ((9, 0, 2), (9, 4, 1))
91 : ((5, 4, 3), (7, 4, 3))
92 : ((6, 3, 1), (8, 3, 2))
93 : (((10, 1, 2), (10, 3, 3)), 1)
94 : (((0, 1, 3), (2, 1, 2)), 2)
95 : (((6, 0, 4), (6, 3, 1)), 1)
96 : ((2, 3, 3), (2, 6, 1))
97 : (((4, 0, 5), (4, 3, 4)), 1)
98 : (((3, 7, 4), (6, 7, 3)), 1)
99 : (((0, 4, 4), (3, 4, 2)), 2)
100 : (((3, 4, 2), (3, 7, 4)), 2)
101 : (((7, 6, 5), (9, 6, 3)), 2)
102 : (((0, 1, 3), (0, 4, 4)), 2)
103 : (((1, 0, 2), (1, 7, 2)), 2)
104 : (((4, 6, 2), (7, 6, 5)), 1)
105 : (((5, 4, 3), (7, 4, 3)), 1)
106 : (((0, 4, 4), (0, 6, 2)), 1)
107 : ((0, 4, 4), (3, 4, 2))
108 : (((7, 4, 3), (9, 4, 1)), 1)
109 : ((4, 6, 2), (7, 6, 5))
110 : ((6, 0, 4), (9, 0, 2))
111 : ((2, 1, 2), (5, 1, 1))
112 : (((7, 1, 2), (10, 1, 2)), 2)
113 : (((8, 3, 2), (8, 5, 1)), 1)
114 : ((5, 1, 1), (7, 1, 2))
115 : (((4, 3, 4), (6, 3, 1)), 1)
116 : (((7, 4, 3), (7, 6, 5)), 2)
