-14 -26 -7
21 20 13
3 23 26 29
7 23 26 29 14
6 -7
-24 12 35
-9 -19
24 -12
32 -15
8 18 12
-35 -2
7 26 29 14
8 18 31
-10 -34
-20 -21
-14 -3 -29
-2 -37
35 12 31
3 29 14 23
1 -31
11 35 12
-21 -3
3 7 23 26 29 14
11 12 31
26 3 21
22 -26
7 29 14 23
8 35 11
26 14 23
-17 5 21
29 7
22 -3
-25 -15
37
-12 -35
-11 -23
9 -2
35 11
24 -35
-36 4 28
-9 2
-13 -21
27 -10
8 12 31
31
13
-23 -14
25 15
18 35 31
18 11
26 3 14 23
-7 -29
26 3 14
26 3 29 7
-29 -15
8 18 11
35 11 31
23 7 26 29
-1 8 31
25 7
-32 25 15
11 14 23
30 -18
26 29 7
3 29 14 7
8 35 31
3 23 7 29 14
26 3 29
1 -8
8 31
30 -11
29 14 23
26 29 14
3 23 7 26 29
26 3 29 14
33 -14
-1 -17
8 35 12
-18 -11
18 35 12
-11 -14
28
-5 -21
-22 3 26
35 12
-18 -14
3 7 26 29 14
-4 -28
32 -25
-30 18 11
-20 -13
33 -23
19 -20
23 26 29 14
19 -13
-13 -5
2 35
11 31
17 -21
16 -37
21 5 13
26 7 14 23
-5 -26
35 31
3 7 26 14
17 -5
-8 -31
18 11 14
26 5 21
2 37
-14 -26 -29
36 -28
35 18 11
3 7 23 26 14
29 14 7
36 -4
-23 -26 -29
-3 -26
3 23 26 29 14
-6 7 29
18 11 31
34
15
29 15
-27 10 34
27 -34
8 11 31
-33 23 14
6 -29
-21 -26
18 11 12
-35 -11 -31
-19 20 13
-16 37
