16 19 3 6
-7 -17
-16 -2
-6 -3 -16
3 19 6
16 2
20 -10
5 -2
3 19 4 6 9
1 19
16 9 3 4
16 9 3 6
-5 8 2
3 9 19 4
16 3 4
15 -3
-19 -3 -4
10 7
8 4
16 9 19 6
3 19 4 6
18 -19
-9 -3
16 19 4
16 4
-8 -2
-19 -9 -16
16 9 3
12 -17
18 -6
16 3 4 6
5 -8
16 9 3 19
9 3 7
-6 -19
10 3
19 6
3 9 19
16 9 19 4
-11 1
7 17
16 3 19 6 9
16 3 19
9 10 7
17 2
9 3
11 -1
16 19 3 4
10 3 7
-10 -3 -7
9 10 3
16 3 4 6 9
3 7
-4 -16
-18 6 19
16 19 4 6
16 3 19 4 6 9
13 -4
-15 9 3
16 19 6
3 9 19 6
-20 10
-13 4 16
14 -7
1 10
13 -16
-14 7
15 -9
8 2
-17 -2
16 3 19 4 9
-1 -10
-12 17
16 3 4 19 6
16 19 4 6 9
-19 -3 -16
-1 -19
