1 : (((0, 0, 2), (0, 2, 1)), 1)
2 : (((4, 0, 3), (4, 4, 2)), 2)
3 : (((2, 0, 4), (2, 2, 3)), 2)
4 : (((2, 0, 4), (4, 0, 3)), 1)
5 : ((4, 0, 3), (4, 4, 2))
6 : (((0, 0, 2), (2, 0, 4)), 1)
7 : (((2, 2, 3), (2, 4, 1)), 1)
8 : (((4, 0, 3), (4, 4, 2)), 1)
9 : (((2, 0, 4), (2, 2, 3)), 1)
10 : (((0, 2, 1), (2, 2, 3)), 1)
11 : ((0, 0, 2), (0, 2, 1))
12 : ((2, 4, 1), (4, 4, 2))
13 : ((2, 0, 4), (4, 0, 3))
14 : ((2, 2, 3), (2, 4, 1))
15 : ((2, 0, 4), (2, 2, 3))
16 : (((2, 0, 4), (4, 0, 3)), 2)
17 : (((2, 4, 1), (4, 4, 2)), 1)
18 : ((0, 0, 2), (2, 0, 4))
19 : (((0, 0, 2), (2, 0, 4)), 2)
20 : ((0, 2, 1), (2, 2, 3))
