-10 -93 -110
159 75 148 90 27 139 47
-18 -85 -38 -41
70 56 58 155 44
106 -88
160 97 2 59
81 2 132 59 61
-143 -68
-147 -50 -72 -9
-148 -72 -5
34 27 137 75 92 62
19 4 63
-147 -50 -8 -9
-123 -85 -149
-85 -145
65 137 26 34
63 3 149 79
-47 -162
118 14 94 10 93 46
-81 -89
148 90 85 75 27 139 47
-47 -159 -148
-42 -66
-120 -38 -84
148 85 27 75 139 47 159
-61 -81 -59 -21
-105 -77
112 133 70 56
112 1 133 70 56 58 44
112 1 133 70 56
-70 -133
3 4 149 41 63 79
130 153 52 73 26 28
-135 -84
130 52 153 26 28
-31 114 24
34 75 11 92 62
65 34 117 73
66 131 6 42
-38 -149
-117 -73 -137
-143 -133 -120
-137 -45 -27
-37 -133 -68
145 68 84 38 135 120
-61 -81 -21
1 18 58 123 110
112 1 133 70 56 58 155
-12 -154
19 35 124 63
-65 -137
49 -147
128 114 22 24 46
77 -14
-59 -21
-147 -151 -8 -109
-48 131 42
144 118 10 43
37 70 120 143
85 90 75 27 47 159
9 140
65 34 117 73 26
-27 -90
-163 94
-143 -133
-34 -11 -45
145 149 85 38 41 123 159
-89 -50 -109
68 133 70 143
-26 -130
-151 -72 -109
112 1 133 56 58 155
-149 -63 -79
71 -91
-148 -90
-22 -128
-75 -139 -85 -148
-144 -114
148 85 90 75 139 159
-95 -96
65 117 73 26
118 14 94 110 93 46
162 50 151 40 88
-56 -1 -70 -155
68 133 70 37 143
8 72 9 109 50 147 151 89
-10 -46 -110 -94
-77 110 14
1 133 56 58 155
-73 -28 -153
-124 -63 -19
-68 -135
-6 -66
-28 -52
-34 -137
-34 -62 -45
-128 -87
3 4 149 41 79
-112 -1 -133 -155
-68 -145 -135
34 137 75 27 92 45 62
160 97 52 153 92 45
-159 -145
51 -145
-34 -62 -45 -75
-97 -2
-52 -97
-159 -38 -149
1 18 14 58 110
-65 -26
-11 -92 -27
130 52 73 26 28
-114 -128
-56 -58 -70 -44
40 42 131
-46 -110 -94
-14 -1 -18
-151 -40
-50 -40
34 75 11 92 45 62
-153 -45 -97
125 -56
133 70 56 58 44
120 37 70
146 -161
-64 153 52
-56 -58 -133
98 -160
4 149 41 63
-155 -35
148 85 75 27 139 47
-160 -59 -36
-62 -45 -75
-11 -39
-36 -5 -99
-55 43
72 8 90 148
-30 80 154
-117 -91
94 3 78
-85 -145 -149
30 -80
-35 -63 -19
-123 -149
-114 -93 -22
-10 -46 -110
-132 -2 -21
1 133 70 56 155
-118 -46 -110 -94
-18 -38 -149
148 5 8 90 72
-89 -151 -8
-76 18 123
17 3 4 149 79
1 56 58 155
-79 -66
-121 28 130
111 -133
164 -149
144 24 114
-128 -47 -87
-72 -9
128 162 22 87 47
-24 -46 -22
-79 -66 -103
-120 -145
112 133 70 56 58 155
128 162 22 139 47
-26 -28 -52
-86 -132 -89
-120 -84
-73 -130 -52
-118 -93
50 147 8 89 72 9
-24 -93 -22
-123 -159 -38 -149
7 -45
159 148 85 75 139 47
-101 -107
148 85 75 27 139
133 56 155 44
112 1 133 56 155
-137 -62 -92 -75
112 1 58 155 44
-24 -46 -128
-93 -110 -94
50 147 151 8 9 109
-57 62 11
1 133 70 56 155 44
-12 -99
65 137 73 26
-137 -11 -27
141 -47
-24 -93
133 70 56 58
34 137 75 92 45 62
50 147 151 8 89 72 109
-163 -141
-118 -93 -14 -94
89 147 151 72 9 109 8
1 14 58 110
130 37 143
34 27 137 11 92 45
-78 -66
108 -162
17 66 6 103 79
130 153 52 73 26
-15 116
-78 -42 -66
19 35 124 4
-10 -46 -94
-18 -38 -41
-132 -59 -21
-145 -149
-91 -62 -86
-89 -50 -72
157 -73
-162 -151 -40
1 133 58 155
-56 -133 -155
138 -86
-141 139 47
-91 -11 -39
-145 -135
97 2 36 59
17 4 63 79
1 70 56 58 155 44
20 -6
3 4 149 41 63
145 68 84 135 120
-18 -85 -149
112 1 133 56 58 44
-89 -50 -9
112 1 70 155 44
-65 -26 -137
49 -89
112 1 133 70 44
96 -3
50 147 72 89 109 9
34 137 11 92 45 62
112 1 133 70 58
145 18 149 85 38 41 123 159
-36 -12 -99
-27 -139 -159
72 90 5
-150 -91
-137 -11 -92 -27
-45 -160
1 58 155 44
-42 -6
101 -99
-128 -139 -162
85 27 75 139 47 159
-26 -130 -52
-128 -162
-40 -131
111 -70
-126 109 9
35 155
-129 -56
-46 -14
-139 -47
148 85 90 139 47 159
-100 10 118
-21 -116
110 118 14 94 10 46
-56 -58 -133 -155
121 -28
-93 -14
-127 61
56 112
-26 -28 -153
113 -129
-29 5
147 151 8 89 109 9
-75 -85 -90
-84 -12
66 131 6 42 78
1 110 58 123 14
1 18 110 58 123 14
-87 -50 -88
-153 -92 -160
-47 -159
-152 120 68
1 133 70 56 58 44
-118 -46 -14 -94
-78 -42 -6
112 70 56 58 155
-108 87 162
-34 -11 -45 -75
17 149 79 63
-89 -151 -109
136 -59
-26 -52
112 56 58 155 44
-123 -85 -145 -149
-146 161
-21 -140
48 -42
-61 -59
133 70 58 155 44
-61 -81 -2 -21
80 84 154 12
17 66 79
50 147 151 8 89 72
81 147 132 89
34 137 75 11 92 45 62
-89 -151 -8 -109
-110 -14
68 37 133 143
-114 -93 -128
-97 -36
-11 -86
-52 -45 -160
99 116 161
-3 -63 -79
-78 -131 -6
-159 -90
-68 -38 -135
-123 -38 -149
-123 -85 -145
145 18 149 38 41 123 159
-123 -159 -145
112 133 70 56 155 44
-137 -62 -92
-139 -162
-89 -50
148 85 90 27 47 159
34 11 137 75 27 92 62
-145 -41
36 5 12 99
-47 -85 -90
68 133 70 120
-25 22 128
-44 -155
65 137 26 117
-47 -90
-99 -116
126 -9
155 44
65 91 150
34 11 137 75 27 45 62
1 133 70 56 58 155
68 133 37 120 143
34 11 137 75 27 45
148 90 75 27 139 47
-137 -11 -45 -75
-95 21
-11 -92 -75
112 1 56 58 44
-34 -45 -75
-39 -132 -147
107 -63
-1 -58
34 75 92 45 62
-76 -136
-156 8 72
57 -11
-107 4 63
17 4 149 41 79 63
-151 -8 -9
112 1 133 56 155 44
10 118 14 94 110 93 46
112 1 70 56 58 155 44
-22 -139 -87
-32 117 65
-23 74 144
-45 -97
112 1 133 70 155 44
112 1 133 56 58
50 147 151 72 89 109 9
-130 -143
-65 -73 -34
-78 -131 -66
-114 -24
147 132 86 89
-158 -15
112 133 70 56 58
-18 -85 -41
164 -41
-24 -22
-56 -58 -155
-129 -61
34 11 75 27 92 45 62
-123 -145 -41
162 50 87 40 151
34 137 75 92 62
-123 -145
-94 -3 -78
112 133 56 58 155
17 66 6 79
1 133 58 155 44
148 5 8 72
-118 -110
152 -120
-56 -1 -133 -44
-56 -1 -133 -155
81 147 132 86 89
-27 -47
19 103
-34 -11 -27
-127 -77
57 -62
15 -116
-149 -3 -79
160 97 2 36 59
-149 -3 -63 -79
-104 -51
-10 -14
149 41 79 63
-65 -26 -34
-147 -151 -72
85 90 27 139 47 159
-123 -159
29 -5
-151 -50
112 1 133 58 155
-65 -150
-43 -118
17 3 4 149 79 63
-50 -8 -109
-22 -47 -87
-24 -93 -128
-112 -56
89 50 147 151 72 9
17 3 149 41 79
-159 -145 -41
147 132 86
-16 103
83 -84
112 133 56 58
-10 -14 -94
147 151 8 89 109
-97 -59
-73 -52
-73 -28 -52
-20 6 66
-150 -11
-33 151 50
144 24 74
105 -27
-75 -27
-123 -159 -149
-85 -159
119 -90
-102 19
68 133 70 120 143
-118 -93 -110
-137 -11
-139 -159 -148
112 133 70 155 44
1 18 58 123 14
56 58 155 133
-34 -45 -27
-93 -46
-157 73 26
1 18 14 110
34 117 73 26
-37 -133 -120
-87 -151 -88
-52 -92
3 4 41 63 79
-89 -151 -72 -9
-27 -159 -90
-59 -36
-75 -47 -85
-162 -151 -88
34 75 27 92 62
68 37 133 70 120
80 154 84 135
-143 -70 -120
-75 -159 -148
-17 -66 -103
148 85 75 139 159
17 6 103
-26 -153
81 2 132 21 59 61
-68 -145 -84
-36 -99
112 1 133 70 58 155 44
-118 -110 -94
-56 -58 -70 -155
-75 -139 -159 -90
-27 -159
-91 -11 -86
-137 -92 -27
-143 -70 -68
68 37 70 120
159 75 148 90 27 47
-34 -11 -92 -27
-27 -139 -85
122 -58
-82 124 35
50 147 151 8 89 109
17 103 79
-119 148 90
-154 -161
-34 -62 -92 -75
-85 -149
145 68 84 38 120
9 109
147 151 8 9 109
-117 -26 -137
-159 -38
65 91 117
1 18 58 110
-114 -46 -128
-84 -154
32 -65
77 -110
-69 36
-47 -159 -90
-147 -151 -72 -9
-38 -84
56 58 155 44
21 140 116
-62 -39
-46 -94
112 133 70 58 155
-52 -160
148 85 90 75 139
-112 -58 -133 -155
104 -44
-18 -85 -145
-27 -85 -148
-123 -159 -38
112 1 133 70 56 44
-27 -85 -90
-64 -113
-130 -52
17 3 149 41 79 63
147 132 86 39 89
-14 -1 -123
-28 -130
19 4 124 63
-125 112 56
-164 -29
142 -78
-87 -151 -40
89 81 86 39
-18 -85 -38
17 4 41 63 79
112 133 56 58 44
-91 -39
1 133 56 58 155 44
17 3 4 149 41 63
72 8 5
34 75 92 62
-149 -3 -63 -17
-75 -47 -148
-22 -47 -162
3 149 41 63
-89 -72
112 133 56 155
112 1 70 58 155 44
145 18 149 85 41 123 159
-61 -2 -21
-135 -12 -154
-43 -129
82 -124
-162 -50 -88
-95 -13
60 -37
35 124
107 -4
-75 -159 -90
147 151 72 8 109
-68 -145
-162 -50 -40
-131 -66
-18 -159 -38 -41
50 8 72 89 109 9
-60 37 143
-85 -145 -41
8 90 148 5
-61 -132 -59
-18 -145 -41
148 85 90 75 27 139
-86 -39
89 147 72 9 109 8
84 135 154 12
53 -46
1 70 56 58 155
-137 -62 -45 -27
-139 -85 -90
-27 -47 -85 -148
-123 -159 -38 -41
-26 -130 -153
157 -26
-18 -159 -149
-104 44 155
-54 12
58 155 44 133
90 148 5
-73 -130 -153
17 4 149 79 63
133 70 56 155
-118 -93 -14
-18 -159 -145
-27 -47 -159 -148
50 147 8 72 89 109 9
10 118 14 110 93 46
3 4 149 63
148 85 90 75 139 47
17 6 103 79
-139 -159 -90
-94 -78
-11 -45 -75
34 137 75 27 92 45
81 147 132 86
-147 -151 -8 -9
18 14 123 110
33 -50
-27 -47 -85
48 -131
-118 -46
-34 -11 -92
-137 -62 -27
-61 -132 -21
-68 -38 -84
-89 -72 -109
150 39 91 11 62
112 70 56 58 155 44
68 37 70 120 143
50 147 151 8 72 109
17 4 149 41 79
17 3 4 41 63 79
-18 -159 -38
-147 -50 -72
56 129
1 18 110
17 3 149 41 63
148 85 75 139
-130 -153
-144 -24
-14 -58
-118 -46 -94
-58 -133 -155
133 56 58 155 44
-118 -46 -110
-133 -68
95 -21
-162 -40
-117 -26 -34
-11 -27
-131 -42
130 28 143
71 -150
-101 99
-73 -130
-144 -43
81 147 132 39 89
144 10 118 74 43
80 84 135 154 12
-136 2 59
-89 -151 -72
-110 -1 -123
-137 -11 -75
-140 -116
141 -139
-150 -62 -86
-65 -91
-150 -39
3 149 41 79 63
-153 -92 -97
-147 -50 -109
148 85 75 27 139 159
42 66 78 6
-36 -5 -12
-93 -14 -94
112 133 70 56 58 44
-123 -41
34 75 27 92 45 62
20 -66
18 58 123 14
-81 -2
-36 -5
35 4 19 124 63
-81 -2 -21
106 -40
112 1 133 56 58 155 44
124 44
-162 -88
150 39 86 91 11 62
35 4 63
1 133 56 155 44
-34 -11 -75
-120 -145 -135
-50 -72 -9
-89 -151 -8 -9
-10 -93 -14 -94
-52 -45 -97
-50 -8 -9
-75 -139 -90
-19 -103
25 -128
128 22 24 93 46
112 1 133 70 56 58
-150 -11 -39
-118 -14
127 -61
-65 -73 -137
-51 38 145
82 -35
33 -151
1 18 14 123 110
-123 -85 -38 -149
81 147 132 86 39
-52 -92 -97
-75 -47 -90
-91 -62 -39
-50 -72 -109
-138 86 39
66 103 79
112 1 70 56 58 44
72 8 90 5
3 4 63 79
144 74 43 118
72 8 90
152 -68
112 133 56 58 155 44
147 86 39 89
17 3 63 79
-43 -129 -61
-132 -59
-18 -159 -41
-27 -159 -148
162 50 87 151 40 88
-34 -11 -92 -75
-18 -145 -149
-24 -128
-159 -145 -149
-116 -161
-49 -141
-10 -110 -94
-18 -123
-134 34 137
60 -143
-8 -72
-10 -46 -14 -94
-14 -123
-147 -50 -8
112 1 70 56 58
-4 -63
81 2 132 21 59
-123 -85 -38
34 27 137 11 45 62
145 68 84 38 135
19 35 63
17 66 103 79
-118 -94
-110 -58 -18
31 -24
112 133 70 56 58 155 44
-27 -47 -159
-122 1 58
-22 -162
-35 -63
-27 -139 -148
-118 -93 -110 -94
-147 -50 -9
148 85 90 75 27 47 159
-14 -58 -123
-5 -12
1 58 123 14
1 133 70 58 155
11 137 27 92 45 62
-92 -45
37 70 133 120
-163 -67
156 -72
86 39 91 11 62
81 2 21 59 61
75 148 85 90 139 47 159
-41 -149
51 -38
-27 -47 -159 -90
112 133 70 56 44
68 133 120 143
1 133 70 155 44
81 132 86 39
-39 -89
-89 -8 -109
-26 -137
-69 -51
-105 75 27
-149 -3 -4 -79
73 34 117
-149 -3 -63
-124 -35
-143 -133 -68
19 35 124
-71 -23
-138 -53
-135 -154
37 70 133 120 143
112 133 56 155 44
-7 92 45
136 -2
65 34 117 137 26
-153 -45
-89 -151 -9
-36 -12
35 124 63
-90 -8 -5
-147 -151 -72 -109
17 3 4 149 41 79
-75 -47 -85 -148
-75 -47 -159 -148
34 11 75 27 92 62
-46 -128
121 -130
105 -75
1 18 58 123
68 133 70 37 120 143
-11 -45 -27
-142 -115
133 70 56 58 155
75 148 85 90 27 139 159
-18 -159 -38 -149
104 -155
-27 -139 -159 -148
97 52 153 92 45
-137 -27
-123 -85 -145 -41
-74 -43 -118
-98 -122
-37 -70 -68
112 1 70 56 58 155
67 -132
3 149 41 79
83 -135
17 3 149 79
102 -19
160 97 36 59
-27 -139 -90
-62 -92 -27
1 133 70 58
-46 -14 -94
-128 -47 -162
-118 -46 -14
-123 -159 -145 -41
-10 -93 -110 -94
-144 -43 -118
23 -144
-89 -50 -8 -9
-75 -139 -159 -148
-61 -132 -2
112 1 56 58 155
-74 -118
-18 -85 -38 -149
134 -34
-150 -11 -86
-27 -139 -159 -90
-159 -38 -41
54 -12
-147 -50 -8 -109
-34 -11 -45 -27
66 6 103
50 147 151 8 89 109 9
-50 -9
53 -93
-80 -154
160 97 52 92 45
-160 -59
32 -117
80 154
112 1 133 70 56 155
-10 -46 -14
148 85 75 139 47
-18 -85 -145 -41
-67 132 81
50 147 151 89 109 9
17 149 41 79
-21 -140 -116
-137 -11 -45 -27
-89 -8 -9
76 -123
-27 -47 -90
1 70 58 155 44
67 -81
108 -87
-18 -159
4 149 41 79 63
-112 -58 -70 -155
89 81 132 39
-75 -139 -159
112 1 133 70 56 58 155 44
-58 -123
-82 -54
158 -79
-96 3
-27 -47 -85 -90
-49 147 89
-149 -4 -79
138 -39
-50 -72
-93 -128
-5 -12 -99
85 90 75 27 139 47 159
-117 -65
160 97 52 153 45
50 147 151 72 9 109 8
66 6 79
-123 -159 -145 -149
-123 -85
-127 -7
-158 17 79
-52 -92 -160
-10 -93 -94
-123 -38 -41
161 154
-36 -5 -12 -99
-128 -47
17 3 149 79 63
-74 -43 -10
-118 -93 -94
75 148 85 90 27 159
-110 -58 -123
-18 -159 -145 -41
4 149 79 63
-87 -162
-147 -89
-14 -94
122 -1
19 35 4 63
-61 -132 -59 -21
125 -112
13 -159
-26 -28
-13 85 159
75 148 85 90 27 139 47 159
-97 -2 -36
-120 -145 -84
89 50 151 72 9 109
-149 -63 -17
-144 -43 -10
-90 -72
-100 -57
17 3 41 63 79
25 -22
17 3 4 149 41 79 63
89 50 151 72 9 109 8
-137 -45 -75
-153 -45 -160
-46 -110
-94 -3
65 137 117 73 26
-52 -45
-147 -72 -9
-90 -72 -5
1 133 70 56 58 155 44
100 -10
89 50 147 151 72 9 8
-137 -62 -92 -27
112 1 133 70 58 155
-18 -159 -145 -149
-84 -12 -154
-87 -50
-123 -145 -149
-24 -46
81 132 21 59 61
-164 41 149
-159 -149
156 -8
-85 -38 -41
72 90 148 5
-102 -146
-97 -59 -36
30 -154
66 6 103 79
133 37 70 143
-89 -50 -72 -9
-79 -6 -103
7 -92
65 137 34 73 26
112 133 70 58 155 44
-120 -68
-109 -9
13 -85
34 137 75 11 92 62
-47 -85 -148
31 -114
112 1 56 155 44
68 37 120 143
-89 -50 -8
148 85 27 90 139 47 159
-71 150 91
112 70 56 155 44
158 -17
98 -97
-34 -62 -27
17 3 4 149 63
-137 -11 -92 -75
-78 -42
43 129 61
-89 -9
-153 -52
-114 -46 -22
-113 129
-87 -50 -40
-10 -46
-53 93 46
-62 -11
-81 -59 -21
112 56 58 155
133 70 155 44
-61 -81 -2
-123 -159 -41
-162 -151
100 -118
-50 -88
-134 -55
133 70 58 155
147 151 8 109
-91 -62
-43 -61
145 18 149 85 38 123 159
-61 -81 -59
-83 135 84
-18 -149
-132 -81
112 1 133 58 155 44
-61 -81
-74 -144
64 -52
65 34 117 137
1 133 70 56 58
17 66 6 103
162 50 87 40 88
-160 -2 -36
1 133 70 58 44
-88 -42
-9 -140
163 -94
17 3 4 63 79
11 75 27 92 45 62
-34 -62 -92 -27
-159 -41
-75 -139 -85 -90
-162 -50
-10 -118
-28 -143
147 132 86 39
-41 -3 -63 -17
-18 -145
144 10 118 74
112 1 70 44
-123 -85 -41
-18 -85 -145 -149
1 56 58 155 44
112 133 70 56 155
-147 -151 -9
-145 -84
34 27 11 137 75 62
-115 140
115 -140
3 4 149 79 63
-27 -139 -85 -90
137 34 73 26
66 131 42 78
-137 -62 -45
16 -103
-144 -118
35 4 124 63
-91 -11
112 1 56 58 155 44
112 133 58 155 44
-144 -10
147 151 8 89 72 109
126 -109
-149 -3 -4 -17
-160 -97
-62 -45 -27
-14 -58 -18
-137 -11 -92
65 137 34 117 73 26
134 -137
112 56 155 44
-147 -50 -72 -109
89 50 151 72 9 8
8 148 5
-84 -12 -80
-68 -84
133 70 56 58 155 44
50 147 151 8 109
-39 -81
-68 -38
-147 -72 -109
-40 -42
112 1 70 58 44
-39 -81 -147
81 147 132 86 39 89
128 114 22 24 93 46
-91 -86
-135 -12 -80
11 137 75 27 45 62
-137 -45
-128 -139
112 1 56 58
-41 -3 -63 -79
1 133 56 58
-128 -139 -87
-75 -47 -159 -90
-81 -59
-27 -47 -148
55 -43
-81 -21
11 137 75 27 92 45
-153 -97
-142 78
137 34 117 73 26
-45 -27
-123 -38
76 -18
-41 -3 -4 -79
18 14 58 123 110
133 70 56 155 44
-2 -59
119 -148
72 90 148
-87 -40
-5 -99
-137 -92 -75
-92 -97
-61 -132 -2 -21
-37 -143
64 -153
110 58 123 14
150 39 86 91 11
112 1 70 56 155 44
81 132 86 39 89
-130 -37
-89 -50 -8 -109
-86 -81 -89
-137 -11 -45
-35 -4 -19
-22 -47
-123 -85 -38 -41
-89 -151 -72 -109
-118 -14 -94
11 137 75 27 92 45 62
-22 -139 -162
-73 -26
-27 -139 -85 -148
-41 -63 -79
81 147 39 89
-34 -92 -27
23 -74
-61 -59 -21
-137 -62 -45 -75
-38 -145
128 162 87 139 47
34 27 137 11 92 45 62
112 1 133 70 58 44
34 11 137 75 27 92 45
159 75 90 27 139 47
69 -36
17 4 149 41 63
-46 -22
-112 -58 -133 -44
50 151 72 9 109 8
19 124 4
-105 -67
-86 -81 -147
-111 70 133
-120 -38 -135
-137 -62 -75
-147 -8 -9
-95 -29
-114 -46
1 133 70 58 155 44
-74 -24
112 1 133 70 56 155 44
-106 88 40
112 1 70 56 44
-84 -80
-75 -47 -159
-3 -78
-99 -161
73 65 34 117 137
1 18 123 110
137 34 117 73
147 151 8 9 72 109
-11 -45
-85 -38 -149
81 147 86 39 89
-39 -81 -89
-17 -79
-98 160 97
-47 -87
1 133 56 58 44
-39 -132 -89
148 27 90 139 47 159
40 42 88
-151 -72 -9
-150 -62 -39
-163 -156
128 162 22 87 139 47
-88 -40
34 11 137 75 27 92 45 62
-10 -93 -14
-89 -72 -9
128 114 24 93 46
-99 -116 -161
-34 -62 -45 -27
-56 -58 -133 -44
-89 -50 -72 -109
17 149 41 79 63
-75 -47 -85 -90
