210 188 381
-318 -229 -199 -371
242 354 163 5 391 30 63
321 353 403 340 378
118 -186
371 227 229 199
245 213 206 359
-188 -206 -68 -326
-303 20 261
-228 104 70
60 -134
32 242 36 8 73
403 371 74 333 318
344 379 139 239
210 242 36 5 8 73 381
-402 -5 -354
243 148 167 282 189
57 26 380 37
-160 -399 -75
388 343 186 140
-231 -175 -349
368 217 2
-171 -130
93 -330
-104 -274
344 342 376 10 379
187 404 366
-276 -345 -368 -184
336 116 330 91 237
279 29 367
315 305 89 59
402 163 354 391 30 63
68 206 222
49 369 37 22 200 218 331
394 219 6
-200 -49 -331 -218
-391 -236 -205
-27 -3
40 -402
-116 -137 -364
-320 -45 -292 -385
-339 -331 -172
302 236 222 78
232 368 276 341 184 345 315
-25 -121
32 210 242 36 8 381
348 383
291 181 394 219 335
217 333
353 321 403 276 229 340 232 378
368 276 341 184 315
403 371 229 227 199 74 333
-89 -305 -315 -291
226 148 390
112 337 65 100 373 280 153 239
252 -391
-236 -244 -112
44 -401
227 229 333 318
-94 27 3
130 75 171 39
200 26 380 87
-32 -210 -36
-55 -42
-163 -5 -30 -391
-275 -205 -293
369 37 22 200 266 218 331
86 246 344 239
188 213 222
339 342 185 380
368 276 341 184 345 315
-149 -194
294 129 114 358
-112 -65
-349 -63 -237 -306
-205 -293
337 373 389 6
337 373 6 389 377 143
326 246 198 359
403 371 229 199 318
208 249 75 39
-131 -149 -194
65 353 100 293 89
291 35 137 394 335
403 371 229 199 74 318
337 305 389
280 379 86 344 139 239
145 258 375 108 189
337 377 389 305
321 340 276 232 378
-254 -185 -399 -46
339 344 342 376 185 10 379
-349 -63 -82 -275
-144 -206
91 257 330 11
337 373 377
224 83 238 234 398
50 86 359 198 223
115 -96
-291 -219 -137 -335
222 68 213 326
86 246 344 139 302
321 322 65 293 89
241 -234
119 183
10 380
294 129 358
258 375 296 108
243 356 196 340 282 378
-291 -394 -335
16 243 390 167 282 189
249 130 171 39
339 376 10 380
-244 -285 -293
-280 -239
98 402 261 406 231
-8 -210 -242
353 321 276 229 340 232 378
326 50 86
-163 -242 -63 -391
302 73 236 78
305 315 59
-93 91 330
72 367
50 326 359 223
-386 -30 -237 -306
377 394 97
-286 376 339
89 321 293
114 21 358 335
-153 -239 -100 -337
342 344 185 10 380
20 261 231
86 198 326 87
49 165 22 122 47
289 20 261 121 317
226 127 367
226 148 127 367
-344 -380 -185
-343 -186
337 59 305
-354 -244 -112
-352 -253 -16
16 385 148 390 167 189
321 322 65 100 89 126
321 353 403 276 229 340 232
50 198 223
269 -349
-282 -285 -356 -340
26 380 37
178 150 58 283 92 143
339 344 185 380
-45 -253 -385
372 334
89 321 322 126
-179 120
17 -232
72 390 367
-309 -82 -116
-283 -92 -389
-70 -198 -304
-101 372 334
339 376 10 379 380
-291 -394 -137 -181
371 229 199 333 318
321 322 100 89 126
339 344 376 10 379 380
82 275 306 237 30 63
222 206 213 326
403 227 229 371 199 318
-224 -83
368 232 2 341 184 345
31 -116
368 276 341 232 315
246 198 326 87 359 223
65 353 100 293 126
340 229 276 232 378
-254 -225
89 65 293
337 305 373 6 143
-160 -225 -39
33 196 340 282 285
-79 -327
57 10 50 37
344 10 339 342 376 185 379 380
242 402 163 5 30 63
280 379 86 246 344 139 302
33 340 356 282 285 378
16 385 243 148 167 189
178 389 58 283 92 143
81 -294
305 315 291 345 59 126
148 390
-43 -95 -258 -348
-352 -45 -292
-365 148 390
-31 116
-309 -237 -330 -116
-234 -312 -144
336 82 116 309 237
-282 -285 -196 -378
402 163 354 5 30 63
368 232 315 184
-112 -280 -65 -373
-54 -25
-45 -385
-289 -20
321 353 403 340 229
372 334 159
258 375 296 167
89 321 322 65
-55 -202 -309
-64 403 229
27 42 3
386 349 231
57 10 380
280 86 246 344 379 302
302 73 236 222
339 342 376 10 380
86 246 344 379 139 302 239
291 59 89 315 126
33 243 196 340 356
396 -127
397 -33
337 305 373 377 59
145 258 167 108 189
402 163 406 231
326 206
49 369 37 22 266 218 331
-251 383
336 82 116 309 330 91
-112 -280 -337
242 402 5 391 30 63
291 345 315 126
402 163 98
-37 -22 -369 -266
303 -261
89 321 100 65
325 -237
33 243 356 196 282
305 291 35 345 315 126
139 36 236 68
227 318 199
-139 -86 -239
-58 -389 -178
-399 -225
72 226 148 390
-214 -138
-261 -231 -402
-69 175
16 385 148 282 189
280 86 246 344 139 302
-275 -285 -293
-391 -78 -205
368 2 341 232 315 184
175 11
72 29 367
68 213 326
86 359 198 87 223
321 340 229 276 378
-232 -315 -2 -184
-84 -22
-158 98
-129 -193
-45 -292 -385
160 401 227 199 24
245 188 213
94 -27
145 258 375 296 167
33 306 275 322 293 244 205 285
16 385 148 390 167 282 189
3 147 27 109
-254 -185 -225
-153 -112
57 26 10
-253 -366 -279
389 150 58 92 143
305 315 291 35 345 89 59 126
321 353 403 340 232 378
337 373 389 6 377
-302 -86 -239 -344
-84 -22 -122
-217 -364 -249
-163 -5 -63 -354
188 213 206
196 340 282 285 378
144 70 104 206
-242 -63 -354
-11 -257
-147 -253 -366
-309 -237 -91 -116
-253 -16
-257 -28
344 342 376 185 10 379 380
178 389 150 58 143
202 3 147 109
2 276 341 345 315
-352 -385
-359 -326
77 -187
26 50 380 37
44 -24
-238 -362 -107
243 340 282 285 378
291 35 89 126
379 86 246 280 139 302
86 344 379 139
158 -98
-224 -238 -234
117 -373
305 315 345 59 126
29 147 292 253 109 366
-32 -242 -36
49 369 37 22 200 218 266
-394 -137 -181
210 242 36 8 73 381
-37 -49 -331
-95 -254
342 376 10 379
-306 -285 -293
-275 -285 -322
139 236 78
-41 336 309
407 -208
33 306 322 244 293
371 229 199 74 333
305 389 6 377 59 143
337 373 377 143
-22 -331 -218
-150 -307 -256
-327 -267 -401
291 35 89 315 59
-131 -355
89 305 291 35 345 59 315
68 213 222
379 86 246 139 239
42 202 27 109
33 306 275 244 322 205 285
-340 -321 -403 -232
197 -170
233 -246
-140 -92 -192
35 291 181 219 335
212 -243
403 371 229 74 333 318
139 236 302
50 380 37 87
305 389 377 59
-349 -63 -82
33 196 356 285
280 344 139 239
-139 -246 -239 -379
-335 -393 -114
41 -309
-125 378 340
-381 -242 -36
291 35 137 394 219 335
135 -75
280 379 246 344 139 302 239
385 148 390 167
-337 -389 -59 -377
403 371 229 199 74 333 318
266 218 307
-289 -214 -120
403 227 74 333 318
57 26 84 47
103 296 348 95
326 245 206 359
401 267 221 79
50 86 198 326 223
65 321 89
151 392 218 266 332
35 291 89 59 126
-254 -225 -46
300 -92
73 68 222 36
206 68 213 222
368 276 341 232 315 184
-283 -58 -389 -178
-308 -220
-181 -393
193 130 28
305 59 377
243 356 196 282 378
152 -2
-375 -258 -167 -108
403 371 229 227 74 318
-22 -369 -218
-344 -10 -185 -339
403 371 229 227 199 74 318
-330 -257
329 -312
50 86 246 198 359 223
339 344 185 379
-293 -65 -353 -89
320 352 214 255
29 292 109 279 253 366
337 373 6 377 59
29 390 367
112 354 244 391 236 205 78
-402 -242 -63
264 -198
50 198 86 246
-112 -280 -100
392 307 332
-111 -363
200 50 10 37
-310 -154
337 305 377 143
-112 -280 -373
-244 -285 -322
278 -221
210 242 36 5 73
245 188 213 326
127 29 367
226 79 327
344 379 86 246 280 139
-184 -262 -190
-31 -363
200 26 10 380
386 306 237 30 63
156 -280
-197 170 129
210 242 36 5 8 381
403 340 229 276 232 378
26 37 87
89 321 322 353
289 214 120 255
344 185 10 380
188 245 206
-54 -121 -346
147 292 279 253 109 366
-291 -137 -181
-375 -296 -189 -108
111 -387
-283 -92 -143 -150
305 337 389 6 377 59
3 147 202 27 109
305 291 35 59 315
-293 -65 -321 -126
258 43 348 95
242 354 163 5 30 63
-116 -137 -294
101 -372
-83 -362
106 372 334 159
10 380 37 87
33 306 275 244 322
305 337 373 6 377
-283 -58 -178
65 100 293 89 126
371 227 229 333
288 -16
337 100 373 280 153
-289 -261
-121 -289
242 163 354 402 391 63
73 139 236 78
-289 -255 -120
-42 -309
242 354 5 30 63
-349 -63 -237
-55 -43
402 163 231
-275 -244 -322
321 353 100 293 89
368 2 276 345 315
72 327
353 340 229 232 378
-121 -317 -261
-332 -215
73 139 68 302
50 198 326 246 87
-342 -225 -46
50 326 246 87
-45 -253
371 199 74 333 318
68 236 36
305 389 6 59
19 -192
50 86 87 359
321 322 353 100 65 89 126
208 130 39 171
-379 -344
321 322 353 65 293 126
-320 -292
139 36 302
321 65 293 89
139 68 222 36
2 276 232 315 184
-283 -58 -389 -150
345 89 59 305
321 293 353
130 39 249 75
-283 -389 -150
-349 -30 -237
402 242 354 5 163 30 63
305 337 373 6 377 59
-406 -231
16 385 243 390 282
-291 -137 -335
-316 84 47
-386 -82 -306
148 29 279
-358 -129
-18 142 107
188 68 206 222
50 37
-11 -91 -295
-112 -280 -100 -337
326 86 359 223
208 249 39
-242 -30 -391
280 86 344 379 139
258 296 43 348 95
86 246 280 302 239
-256 -134
-205 -33 -293
323 -108
-374 322 293
112 337 65 100 373 153 239
321 403 229 232
302 73 68 78
337 305 373 389 377
368 232 2 276 341 184 345 315
-309 -82
-219 -137 -335
302 236 78
89 305 35 345 59
258 167 296 108 189
305 389 377 143
-321 -229 -232
402 354 5 391 30 63
33 243 196 340 282
217 371 333
35 291 181 137 335
-247 398 224
200 50 26 87
-258 -189 -108
72 29 390 367
337 373 305
385 243 148 167 282
368 276 184 345 315
345 291 315
353 403 276 232 378
-334 -159
33 306 322 244
371 333 318 199
-116 -294
-341 -262 -190
29 147 292 279 109 366
389 373 377 59 143
-127 -367
121 164 54 25 346
363 -225
65 353 100 89 126
32 210 242 36 8 73 381
82 116 309 330 91
-288 -93
50 380
376 342 344 10 379 380
276 232 315 184
403 340 229 378
200 57 26
369 331 49 37 200 218 266
-271 -174
65 322 321 100 293 353 126
307 392 266 332
226 127 29 367
403 227 229 371 199 333 318
-112 -280 -100 -373
50 86 326 246 198 223
-112 -337
-345 -315
86 246 344 379 239
-361 -105
66 -210
291 89 59 126
302 36 78
305 59 389
52 -68
50 246 326 87 223
57 10 380 37
200 37
129 170 358
-387 -134
368 2 276 341 184 345 315
33 306 275 322 293 205 285
65 322 321 293 126
-30 -82
80 -57
258 375 167 189
-293 -100 -321 -89
-349 -63 -275
291 35 89 315 126
29 404 279 253 366
-79 -221 -401
226 29 279
-322 -293
386 82 275 306 349 237
-291 -394 -137
32 372 334
16 385 243 148 282
145 167 108 189
-391 -205 -112
-181 -393 -114
-46 -14
73 139 36 302
147 42 202 109
305 35 89 59 126
-275 -244 -285 -322
86 198 246
200 380 37 87
-171 -28
-308 -264
-90 356 196
348 103 95
-386 -63 -82 -306
-283 -58 -389
305 6 377 59 143
208 249 265 217 364
-265 -364 -249
65 322 353 321 293 89 126
339 342 344 10 380
17 -276
86 198 326 223
68 245 206 359
258 103 296 43 348
-323 -363
57 10 50 87
-386 -63 -82 -275
124 -320
346 362 98 283
89 305 35 345 315 126
114 358 294
16 385 243 148 390 167 189
371 229 74 318
284 -305
243 196 340 378 285
-243 -285 -196 -378
305 373 6 377 143
333 318 199
57 50 380
129 114 358 294 170
-107 -210 -213
206 213 326
145 258 375 296 167 189
-30 -275
245 213 222 359
-288 16 385
112 354 244 391 153 205 78
339 342 344 10 379 380
24 401 221 327
-150 -332 -256
-204 -183
226 279 29 367
33 243 196 340 378
386 275 306 237 30 63
303 -20
338 187
-23 306 275
302 139 68 36
321 403 340 276 232 378
371 227 229 403 333
50 86 359 87 223
-289 -255
-369 -131
305 291 35 59 126
260 -333
-84 -47
200 50 87
65 322 353 100 293 126
2 276 341 232 184
106 372 334
147 404 253 109 366
145 134 262 299 108
-121 -20
-359 -198 -86 -50
72 390 279
57 10 26 87
-186 -54 -140
-22 -369 -266
50 26 87
-216 87 50
-261 -98 -231 -402
-239 -65
291 35 345 89 59 126
-11 -330
386 306 275 237 63
50 86 87 246 326
339 344 10 379 380
133 -147
227 403 229 199 74
50 198 87 326 223
65 100 293 126
-343 -25 -388
65 321 353 100 293
305 373 389 6 59
50 326 198 87 359
-246 -86
25 186 388 343
-391 -244 -112
-254 -185 -399
-2 -368
-11 -330 -257
113 -42
24 227 311
305 315 35 59 126
-16 -167 -390 -282
33 243 340 282 285
33 243 356 196 340 282 378
-376 -331
245 68 213 326
182 -355
257 129 193 170 28
368 276 232 345 315
-31 -169
186 343
139 36 236 78
50 326 359 198 223
402 98 20 406 231
337 373 6 377 59 143
337 389 377 143
-147 -253 -404 -279
-387 -215 -134
-295 -129 -28
-52 222 68
57 274 26
65 321 353 100 293 89
65 321 353 100 89
160 401 311 24
-337 -143 -305 -377
8 372 183
57 380 37 87
-369 -331
139 68 302
-25 -346
147 292 253 109 366
65 321 100 353
8 32
-309 -91 -116
65 100 293
-54 -121
-306 -244 -33 -293
-344 -380 -185 -339
-150 -307
-145 -134 -298
-42 -336
147 42 27 109
385 243 148 167 282 189
84 165 22 122 47
188 245 206 68
-391 -78 -244
279 148 29 367
291 35 181 137 394 335
210 381 188 213
114 181 358 393 335
176 -29
65 322 353 293 89
74 318 199
65 322 353 321 89
-49 -331 -266
65 322 293 353
-8 -381 -242 -73
208 249 130
386 349 406
361 -295
152 -368
368 2 341 345 315
50 37 87
112 337 373 280 153 239
161 -298
16 385 243 390 167 282
188 245 326 68
280 379 86 344 139 302
326 206 359
178 389 150 58 283 92 143
86 87 326 359
-356 -196
29 147 279 109 366
123 -231
-354 -78 -153
174 -362
227 371 229 199 74
96 404 207
103 296 43 348 95
178 389 150 58 92 143
344 379 86 239
57 380 37
100 373 280 153
16 243 148 390 167
208 249 171 39
188 68 206
-275 -33 -322
112 337 65 100 373 280 239
353 340 276 232 378
24 401 221
65 321 322 353 100 126
368 2 276 341 232 315 184
65 322 353 293 89 126
371 333 229
339 376 342 344 379 380
-41 -297
225 342 185 254 399
291 35 315 126
242 354 402 5 30
-201 404 366
227 371 229 199 333 318
320 352 214 138
194 355 21 393
315 345 89 59 126
379 86 280 139 239
337 305 373 389 143
-363 399 225
145 258 375 167 189
184 298 262
-385 -189 -148 -243
-317 -255 -120
-104 -198 -274
305 389 373 59 143
-45 -253 -16
321 403 340 229 276
-109 -404 -279
305 35 345 315 126
29 390 279
302 139 68 222
-82 -275
225 39 75 399
-42 -3 -147
-306 -205 -33
225 342 46 185 254 399
371 403 229 199 333
-114 -358
29 147 279 253 109 366
339 344 376 185 379 380
234 312 144
337 389 377 59
208 249 217 364
-349 -237 -275
-290 21 393
243 356 340 196 282 285 378
201 -366
242 402 163 5 391 30
220 -238
305 291 89 315 59
-375 -296 -167 -108
227 229 199 74 318
-183 -119
50 198 359 86 326 223
225 46 185 254 399
33 322 244 293 205 285
-147 -292 -404 -279
-355 -393
305 337 389 6 377 143
388 54 25 186 140
-47 -22 -165
258 167 296 189
-402 -63 -354
32 210 36 8 381
339 342 376 185
-58 -389
-233 246 86
141 -206
321 65 100 89 126
217 371 265
-37 -49 -266
291 89 315 126
89 291 345 315
368 265 333
188 222 326 359
-8 -210 -5
227 229 199 74 333 371 403 318
97 219
89 65 100 293
337 373 389 377
-112 -100 -373
304 274 84 57 47
57 26 37
242 354 402 5 391 30
363 -399
86 344 379 139 302 239
132 -37
16 243 148 390 167 189
89 291 35 345
-333 -368 -217
400 -244
-84 -22 -165
326 86 87 359 223
-255 -138 -352
168 -43
321 276 229 340 232
29 147 404 279 109 366
65 100 373 280 153 239
-199 -160
-75 -208 -130
65 353 293 89 126
267 221 327
200 50 37 87
368 2 276 184 345 315
-144 -245 -70
337 373 389 143
53 -160
10 380 50 87
-224 -238
321 353 100 293
26 50 37 87
-144 -206 -104
86 246 139 302 239
401 24 267 221 79
379 86 139 302 239
86 280 139 302 239
68 236 222 36
24 401 267 327
339 342 376 10 379 380
187 404 207
-369 -195 -131
50 198 87 86 326 223
-234 -312
32 210 242 36 5 73
-66 381 210
-131 -149
145 258 375 296 167 108 189
147 292 279 253 29 366
-237 -330 -116
-126 -305 -315 -291
401 327 267 221 79
65 322 100 89 126
-57 -26
33 243 196 340 356 378 285
247 -398
170 114 294
291 59 345 315 126
-47 -22 -122
16 385 167 189
206 222 326
72 187 79
298 190 262
16 385 243 148 390 282 189
321 403 229 232 378
-307 -256
337 305 389 59
339 342 185 10 379 380
305 315 59 35
-238 -107
-70 -223
308 -119
-232 -315 -368
98 20 261 406
-241 234
-257 -193
33 243 196 356 285
402 20 261 406 231
-376 -369 -131
10 26 380
243 340 282 285
353 321 403 276 229 232 378
341 184 298 190
86 198 87 223
265 2 371
-352 -292 -16
232 321 276 229
389 150 58 283 92 143
-210 -242 -73
-8 -210 -5 -36
-17 276 232
337 305 373 389 59
321 322 353 100 89 126
-275 -244 -33 -322
-283 -143 -150
72 148 390 279
-163 -242 -63 -354
112 65 100 373 280 153
291 35 59 315
-386 -63 -237 -306
65 321 89 353
-117 -363
-331 -172
258 43 95
232 368 276 184 345 315
50 326 198 86 87 359 223
-37 -49 -369
-388 -58 -192
243 196 356 378 282 285
50 198 87 86 246 223
73 139 236 36
403 371 229 199 74 333
49 84 165 22 122 47
-108 -298
-354 -236 -205 -112
-108 -134 -298
350 -195
-250 114 358
397 -285
-326 -198 -86 -87
296 258 95
148 29 390 279
50 326 86 223
-22 -331 -266
74 229 318
326 198 86 359
121 164 54 25
112 354 244 391 205 78
-371 -333
33 306 275 322 293 285
321 65 322 100
338 366
321 322 65 100 293 89
139 78
2 276 341 232 345 315 184
-45 -292 -16
386 349
33 243 356 282 378
32 210 242 36 8
160 401 24 199
-156 280 239
360 -137
371 403 229 318
305 337 6 377 59 143
402 20 261 406
72 367 390 279
403 371 199 74 333 318
89 305 345 315 59
305 291 35 345 59
369 37 22 266 218 331
-287 -94
82 275 386 237 349 30 63
326 68 206
356 196 340 378
50 326 198 246 87 223
377 6 97
213 107 188 381 142
242 354 402 5 391 63
-352 -45 -385
-396 127 367
339 344 342 376 10 380
-287 -201
392 218 307
402 354 242 391 30 63
-398 -224
305 291 315 126
242 354 402 5 163 391 30
-391 -78 -244 -153
344 86 280 139 302
-184 -298 -190
86 139 302 239
68 36
-266 -392 -307
198 359 86 246 326
-144 -70
-275 -205 -285 -322
191 -10
242 163 354 5 391 30
16 148 390 282 189
226 79 207
-302 -139
-104 -198
-361 -90
-49 -369 -218
16 385 243 390 167 282 189
280 344 379 302 239
-178 -150
89 291 35 345 315 126
353 321 403 276 229 378
-398 -238 -234
32 242 36 5 8
-35 -219 -137 -335
340 229 232 378
227 403 229 371 199 74
-346 -362
86 198 246 87
-200 -22 -331
202 42 309 55
83 362 107 142
243 196 340 282 378
86 87 326 246
57 50 87
130 75 39
339 342 344 185 10 380
210 242 36 5 381
-337 -389 -305 -6
-200 -22 -331 -266
-80 57 26
-22 -165
356 196 340 378 285
68 213 326 359
-391 -205 -153
33 243 196 340 282 285
50 86 359 326 223
321 403 276 229 232
229 371 333 199
405 -359
339 376 342 344 185
-134 -262
-283 -58 -143 -150
160 227 311 199
337 305 373 6 377 59 143
72 148 29 367
86 246 326 87 223
119 149
89 65 293 353
305 35 89 315 126
305 291 35 89 126
-58 -389 -150
62 -331
-150 -332
291 35 345 89 126
353 403 340 229 276 232
-275 -244 -33 -293
305 373 6 377
-109 -292 -366 -29
368 232 341 184 315
-295 -170 -28
276 341 232 345 184
337 305 59 143
-352 -320
187 327
-186 -25
136 -144
-275 -244 -33
72 226 207
376 342 344 185 380
50 223 198 326 246 359
-386 -30 -306
54 343 25 186 140
89 291 35 305
33 243 340 282 378
-283 -92 -389 -178
-339 -369 -172
-215 -299
33 243 356 282 285
286 -376
373 389 6 377 143
86 246 344 139 239
-349 -63 -306
-232 -368 -184
-378 -321 -229 -232
99 -140
-275 -244 -285 -293
-376 -331 -172
226 148 279 367
223 86 246 198 326 359
-272 332 307
-339 -369 -195 -131
16 243 148 390 282 189
-397 33 285
392 218 332 151
-323 -169
-339 -369 -195
242 163 402 30 63
353 403 276 378
242 163 354 402 391
368 2 276 341 345
-150 -215
76 -289
368 2 184 345 315
328 -204
276 340 229 232
-364 -208
326 68 222 206
86 198 326
354 244 391 153 236 205 78
280 379 344 139 302
339 342 185 10 380
-164 -261
-352 -292 -385
257 295 330 91
-283 -92 -150
-145 -262
210 36 5 8 73 381
225 39 311 75 399
139 68 36
24 401 221 79
21 358 181 393 335
-320 -16
-117 373 337
202 42 109
29 404 292 279 253 366
386 275 306 349 237 30 63
89 305 35 345 59 126
-16 -385
403 229 74 333
3 42 147 202 27 109
321 353 100 293 89 126
-378 -340
163 261 406 231
-112 -239 -373
-340 -321 -229
-147 -366 -279
337 377 389
107 142 83 238
351 -227
321 322 100 293 126
337 100 373 280 153 239
-166 266 218
401 227 199 24
337 389 377 6
224 83 234 238
-214 -138 -352
-386 -63 -275
-254 -342 -399
403 227 229 199 74 333
-25 -388
-20 -261
320 385 352 45 292 253
392 218 151
187 366
258 375 296 167 108 189
371 403 229 199 74
50 380 37
-375 -258 -108
304 274 26 47
368 276 341 232 184
-137 -364 -294
403 227 371 199 333
33 243 356 340 196 282 285
162 -164
38 -122
129 170 358 114
-124 352 320
-329 312
78 68 236 222
203 -255
122 165
-37 -22 -331 -266
72 226 279 367
377 59 389 6
324 -394
-32 -210 -242
-349 -30 -82 -306
161 -262
386 82 306 237 63
-175 -11
321 65 100 293 89 126
50 86 198 223
73 139 36
-342 -185
321 353 403 340 232
305 373 389 59
-99 -328
78 68 236 36
326 188 206
304 57 26 47
-214 -138 -320
-109 -253 -29
305 35 59 345 89 315 126
271 -8
184 298 341 262
-309 -82 -330
-275 -244 -293
339 344 185 10 379
89 315 305
-35 -219 -137 -181
257 129 295 170 28
225 311 75 399
368 371 333
298 341 190
98 163 20 261
72 29 390 127
160 227 311 24 199
-189 -167
402 163 354 242 30
305 377 6
-184 -262
258 103 296 43
258 375 167 108 189
148 29 390
385 243 390 282 189
-340 -321 -229 -276
321 100 293 89 126
-113 202 42
-267 -221
321 276 229 232 378
125 -340
336 82 309 330 91 237
206 188 245 326
227 371 199 74 333
-139 -246 -280 -344
73 139 78
403 333 229
65 322 293 89 126
-215 -134
-174 362
-25 -164
72 127 279
-361 -152
147 292 404 279 253 109
296 258 348 103
29 147 292 404 279 253 109 366
32 210 242 36 5 8 73 381
-336 -82 -116
342 185 10 379 380
279 127 367
208 130 39
258 103 43 348 95
65 322 353 100 89 126
291 35 345 89 59
-387 -256 -134
65 353 100 293 89 126
50 326 246 359
246 344 379 139 239
336 116 309 330 91 237
26 50 37
-34 172 131
112 354 391 236 205 78
208 130 39 249 75 171
-198 -274
-245 -206
89 65 100 353
-120 -375
208 217 249 265
-153 -65 -337
-275 -205 -285 -293
151 392 218 266
-178 -332 -215
10 50 37
16 385 148 390 167 282
-354 -78 -244 -153
-15 143 389
227 371 74 333 318
-327 -221 -24
-373 -389 -305 -377
-310 283
-317 -214 -120
339 376 344 185 10 379 380
160 39 311 75
-83 -142
401 267 221 327
306 275 244 293 322 285 205
-354 -78 -112
49 369 331 200 218 266
307 151 392 218 332
105 -190
-198 -304
50 326 198 246 359
307 151 392 218
-200 -49 -331
-393 -358
-177 346
222 188 213 326
-339 -195 -172
62 -369
33 243 196 340 282 285 378
10 50 37 87
-159 -254
65 321 126 353
403 371 229 74 318
7 -97
305 389 143
402 98 20 261 406 231
-385 -189 -390 -282
353 403 276 340 378
-112 -100 -337
339 344 376 10 380
371 229 333 318
200 57 26 37
33 196 356 282 285 378
46 195 14
-306 -205 -322
337 377 6
112 354 244 153 236 205 78
-14 -393
50 326 198 246 86 87 359
-153 -100 -337
361 -257
-51 302 139
155 -178
145 258 375 296 108 189
-318 -403 -199 -333
321 353 340 232 378
-285 -196 -340
-317 -261
339 376 344 379 380
-372 -334
403 333 318 199
337 389 6 59 143
-249 -208
258 167 296 189 375
65 321 100
-306 -205 -33 -322
-153 -239 -65 -373
373 389 377 143
-331 -195 -131
321 353 403 229 232
112 337 100 373 280 153
270 -193
-292 -366 -279
403 340 229 232 378
-92 -58
-170 -129
242 36 5 8 73 381
206 188 213 326
302 73 36 78
146 -78
-376 -369 -195 -131
-145 -108
-285 -293
258 375 296 108 189
-110 95
-291 -181
72 226 29 367
213 210 107 381
385 243 148 390 189
-85 -329
72 390 127
246 280 379 302
304 274 26
314 -335
-77 207 187
33 306 322 244 293 285 205
368 2 333
106 55 43
236 222 78
379 86 344 139 302
337 305 373 389 377 143
139 68 236 302
280 344 139 302 239
-200 -22 -331 -218
196 340 378 285
321 322 100 293 89
-185 -399
121 164 25 346
-83 -362 -107
129 170 294
-383 -387
16 385 167 282 189
-255 -214
73 236 222 78
65 322 100 293
242 163 402 391 30 63
89 321 100 126
-155 -7
226 127 390 279
33 243 356 196 282 285 378
50 326 198 246 86 359
98 20 261
402 163 261 231
89 291 35 59 345 315 126
217 333 265
-106 -55 -43
73 36
369 339 131 195 376 331 172
339 342 185 379 380
208 130 39 249 75
-395 213 188
302 68 78
321 353 276 229 232
339 342 376 185 10
277 -65
-289 -120
-376 -339
368 2 276 232 345
50 86 87 223
3 42 147 202
368 276 341 232 345 184
305 291 35 59 345 315 126
-214 -320
-153 -239 -65
33 356 282 285 378
16 385 243 148 167
243 196 340 356 282
147 404 292 279 109 366
-331 -195 -172
305 291 35 126
-370 153 112
97 219 6
-326 -198 -246 -50
402 406 261 98
290 -21
322 293 89 126
65 322 353 321 293 89
-147 -292 -366 -279
250 -114
-106 -43
-312 -144
-386 -30 -82 -275
160 225 75 39
305 373 389 377 59
-336 -237 -91 -116
-13 -357
353 322 100 293 89
49 369 37 22 200 331
-126 -89
198 326 359 223
232 2 276 341 184 345
72 187
372 204 334
230 190
72 148 390 127
73 236 222 68
380 37
33 243 196 378 282 285
-109 -253 -366 -279
274 84 57 26 47
-200 -22 -369 -218
98 20 261 231
-320 -292 -385
304 274 198 70 104 223
83 238 362 107 142
-257 -170
33 243 340 356 282 285 378
-301 -325
321 353 403 229 232 378
-163 -5 -30 -354
169 -315
368 2 232 345 315
307 392 218 266 332
98 402 163 261 406 231
33 243 356 340 196 285
57 50 37 87
337 373 6 377 143
-340 -353 -229 -276
-308 -329
339 344 185 10 379 380
-375 -296 -167 -145
353 322 100 293 89 126
353 321 403 340 229 232 378
-252 -110
226 390 367
65 322 100 293 89 126
200 57 10 87
-185 -399 -46
244 391 153 236 78
-8 -210 -5 -73
-361 -64
321 353 100 293 126
3 42 147 202 27
-402 -30 -354
-78 -244 -153
-283 -92 -143 -178
-116 -137
337 373 6 389 377 59 143
339 342 344 185 10 379
-376 -331 -195
-120 -45
112 337 65 373 280 239
89 35 345 315 126
321 322 353 100 293 65 89 126
112 354 244 391 153 236
216 -50
337 373 389 6 143
402 163 354 242 391 30
368 2 276 341 184 345
-47 -49 -122
-331 -131
305 315 59 126
96 404 366
288 -385
342 376 185 10 379 380
29 147 404 292 253 109 366
33 243 356 196 282 378
-274 -26 -47
160 401 227 199
-200 -331 -218
-265 -208
-362 -98
72 226 187
321 403 340 232 378
-291 -219 -137
29 147 404 279 253 366
333 229 318
-310 -156
57 26 380 87
-41 -69
376 344 185 10 380
-163 -242 -30 -391
337 305 373 389
-243 -285 -356 -340
33 322 275 244 293 285 205
371 227 403 333 318
344 185 10 379 380
-298 -262
-313 -363
-159 -312
188 213 222 359
-217 -208
32 242 36 5 8 73 381
243 356 196 282
337 373 389 6 59
-387 -215 -299
145 258 375 167 108
72 279 367
222 68 245 206
291 345 315 59
-12 254
389 6 377 59 143
400 -205
368 2 232 184
16 385 243 282 189
-398 -83
403 227 371 74 333 318
-150 -332 -215
-91 -330
305 373 389 6 143
15 -143
339 376 185 10 379 380
68 213 206 359
-168 -123
-153 -280 -65
-391 -78 -153
339 376 344 185 10 379
393 181 358 335
148 279 390 367
50 86 359 87 246 223
49 37 22 200 218 266
169 -345
73 236 222 36
200 57 10 37
-89 -305 -345 -291
98 402 20 231
302 139 68 78
21 181 393 335
-388 -92
369 49 37 200 266
-302 -86 -280 -344
371 229 199 74 318
145 258 296 108 189
-139 -239 -344
321 353 340 276 232 378
24 221 79 327
344 376 185 379 380
-104 -70
403 227 229 371 199
210 107 188 142
368 2 276 232 345 315
403 371 229 227 74 333 318
192 97
339 376 185 380
-379 -380 -185 -339
353 403 340 229 232
320 385 16 292 253 45
-254 -342 -46
33 356 196 282 378
-275 -205 -285
-164 -121
-244 -205
286 -339
374 -322
210 107 142
345 305 315
112 354 244 391 153 205
198 326 87 223
-14 -355 -393
337 389 6 377 59 143
339 376 342 344 185 380
-202 -3 -109
-354 -236 -153
-340 -353 -403 -232
305 373 377 389
-32 -210 -5 -73
2 276 232 345 315 184
-306 -205 -33 -293
89 321 126
187 79 207
198 86 246 359 223
402 163 354 30 63
-391 -236 -205 -153
305 291 35 345 59 126
251 -383
388 54 343 25 186
-349 -30 -82 -275
-37 -49 -331 -266
34 -172
-339 -331 -131
368 2 341 184
65 321 353 293 89 126
86 246 280 139 239
321 322 293 126
339 376 342 344 185 10 380
305 291 89 126
-163 -242 -354
139 236 68
305 35 59 89 315 126
-386 -237 -275
226 279 367
-178 -332 -256
33 306 275 322 244 205
-58 -143 -150
365 -148
-63 -82 -306
-46 -195 -14
32 210 242 36 8 73
-99 -233
-17 -363
-335 -21 -358
258 296 43 95
139 236 78 68
321 353 340 229
-107 -210 -188
-159 -312 -95 -254
226 279 390 367
35 181 137 394 219 335
33 243 356 196 378 285
-38 165 122
-227 -199
306 275 322 293 285 205
148 390 167 189
353 321 403 276 378
245 188 213 222
279 367
-111 -284
50 86 246
-306 -205 -285 -322
163 20 261 406 231
-71 189 167
188 326 359
305 389 373 6 377 143
147 292 404 279 253 29 366
98 163 402 406 231
368 232 2 276 184 345 315
-336 -82 -330 -116
-108 -134
337 305 6 59
368 2 276 341 232 184
-346 -362 -98
67 -63
321 353 276 232
403 227 229 333
-160 -399 -39
-391 -78 -205 -153
-306 -205 -285
-34 -7
339 376 185 10 380
305 315 291 59
148 127 390 367
-275 -205 -33
-121 -346
-376 -195 -172
65 322 89 126
-153 -280 -65 -337
-35 -394 -137 -181
50 326 86 246 223
274 26 84 47
3
337 305 373 6 389 59 143
-283 -58 -150
403 227 229 318
10 26 37 87
160 401 199 24 311
-140 -388
337 389 6 377 143
243 148 390 167 282
-340 -353 -229 -232
-254 -342 -225 -46
49 369 331 22 200 218 266
33 275 244 293 285 205
50 326 198 86 87 246 359 223
385 243 390 167
210 242 36 8 73
188 68 359
337 305 389 59 143
291 35 345 315 126
57 274 26 47
227 229 199 74 333 318
72 148 29 279
377 6
-354 -236 -112
337 373 389 6 59 143
336 82 116 309 330 91 237
403 229 74 318
50 198 86 87 326 359
226 148 390 127
339 376 185 379 380
368 333
353 403 276 229 232 378
86 344 139 302
96 338
173 -296
305 35 291 89 315 59
49 369 37 22 200 266 331
27 3 109
393 21 181 358
376 342 344 185 10 380
256 134 215 299
-185 -225
221
-400 244 205
-243 -285 -340
-308 -141
100 293 89 126
-147 -253 -279
210 213 188 381 142
-317 -289
50 380 87
399 75 311
353 340 229 276 232 378
-155 178 150
52 -222
280 86 246 344 379
-224 -234
245 213 206
89 315 126
89 65 100 126
72 226 29 390
-376 -331 -195 -172
-230 -190
274 198 70 104 223
305 373 389 143
57 26 87
280 86 344 379 139 302 239
388 54 25 140
-269 386 349
353 403 276 229 378
33 243 340 356 282 285
305 291 35 315
242 163 354 402 5 63
246 86 280 139 302 239
200 26 37 87
73 36 302 68
304 274 84 57 26
-205 -285 -293
291 181 137 394 219 335
380 26 10 50
-58 -143 -178
353 403 276 340 232 378
73 139 36 222
403 229 199
-330 -295
-181 -358
43 348 95
243 196 356 378 285
258 348 95 103
305 373 377 59 143
377 97
65 321 322 293
229 227 333 199
200 26 380 37
57 26 37 87
-379 -380 -342 -339
-335 -181
-30 -237 -275
403 227 199 74 333 318
233 -86
321 403 340 229
68 245 222 359
32 242 36 8 73 381
-87 -50
-386 -82 -275
368 2 341 184 345 315
89 305 291 35 345 126
402 354 163 5 391 30
371 227 229 74 333
49 369 37 22 200 266 218 331
33 196 356 340 378 282
291 89 315 59
-245 -70
304 26 84 47
392 122
-297 45
356 196 340 285
50 223 246 326 87 198 359
74 229 318 199
389 6 377 143
321 353 403 276 232 378
89 305 291 35 345 315
-346 -98 -283
-169 345 315
72 226 79
280 379 246 344 139 302
54 343 25 186
-309 -237 -116
371 227 318 199
326 359 198 87 86 246
402 163 20 261 406 231
210 107 381
339 344 379 380
307 151 392 266 332
184 341 262
114 21 358 393
-306 -244 -293
16 385 148 390 282 189
227 199 74 333 318
50 246 86 87 326 359
-153 -280 -100 -337
147 292 404 279 253 109 366
82 116 330 91 237
-104 -198 -304
297 -45
296 258 103 95
-99 140 388
386 406 231
50 86 246 326 359
211 -79
342 344 185 10 379 380
227 311 24 199
337 305 373 377
403 229 199 333
336 82 116 309 330 237
-111 387
-104 -223 -274
337 305 373 6 377 143
321 65 353 100 293 126
280 86 246 344 379 302 239
50 326 359
139 36 222
112 244 391 153 236 205
402 163 20 231
351 -199
321 322 353 89 126
291 35 137 394 219
16 385 390 167 282 189
112 65 337 100 373 280 153
65 337 100 373 280 153
35 291 181 137 394 219
-349 -63 -82 -306
-112 -65 -337
-320 -45 -253
-312 -95
-266 -218
402 163 354 242 30 63
82 386 349 237 30 63
326 222 206 359
-202 -42
227 229 74 318
339 131 195 376 331 172
337 305 389 373 377 59 143
368 232 2 184 345 315
-137 -364
-294 -358 -129
16 385 148 167 282 189
98 163 20 402
372 334 183
8 32 183
368 2 341 184 315
32 210 242 36 5 8 381
107 188 142
257 129 193 295 170 28
-354 -78 -205 -112
-200 -369 -218
326 50 86 246
-307 -215
188 213 326
98 163 402 261 231
-376 -369 -172
178 150 283 92 143
178 389 150 58 92
337 305 373 6 59
200 57 26 10
321 65 353 293 126
258 348 95
274 84 47
-395 -329
353 403 276 229 232
307 151 392 218 266 332
-96 -338
337 305 373 389 6 59
13 -184
26 37
29 147 292 279 253 109
344 246 280 379 302
82 275 306 386 349 30 63
50 326 359 87 223
73 36 222 78
321 353 89 126
321 340 229 378
89 35 126 305
72 148 127 279
50 198 87 86 223
392 218 266 307
188 222 326 68
50 198 326 246
10 26 37
50 87 86 246
32 210 242 8 381
258 103 296 43 348 95
-109 -292 -404 -279
368 2 232 315
61 -291
321 322 65 293 89 126
243 390 167 282
127 390 367
-381 -210
89 291 345 59 126
392 218 307 332
74 371 333 318
401 327 24 267 79
-336 -309
200 10 37
368 2 276 232 315
-109 -253 -404
114 181 358 21 335
273 -46
276 232 345 315 184
276 232 345 315
160 225 39 75 399
302 68 78 36
-30 -237 -306
-151 -392
-8 -210 -36
-20 -98 -231 -402
-109 -292 -279
354 244 391 236 205 78
145 258 167 296 108
68 213 206
49 369 22 200 218 266
368 2 232 315 184
16 385 148 390 282
-139 -86 -280 -379
-310 -329
-331 -195
353 321 340 229 276 232
368 2 341 232 315
331 37 22 200 218 266
165 151
72 226 279
302 36 236 78
339 342 344 185 379 380
296 43 348 103
384 -304
2 232 345 315 184
334 183
354 244 391 153 236
344 86 280 139 239
305 373 6 377 59 143
90 -196
326 359 86 246 87
339 376 344 185
245 188 213 206
321 353 340 229 378
388 54 343 25 140
65 321 322 353 100 293
-283 -58 -143 -178
76 -317
188 213 326 359
206 245 326
2 371 333
139 236 36
-86 -239 -344
182 -194
326 68 245 206
-37 -22 -369 -218
-14 -355 -21
-377 -97 -219
50 86 326 87 359
98 163 20 402 406
222 245 206
-218 -392 -332
256 387 134 215 299
258 43 348 103
86 246 139 239
371 227 229 199 333
-123 406 231
368 276 232 315
274 84 57 26
-25 -121 -346
32 210 36 5 8 73
245 326 359
-354 -236 -205
266 218 307 332
49 369 22 266 218 331
200 50 10 87
-145 -134 -262
96 338 187
349 231
89 35 345 315 59
200 57 26 87
-257 -170 -28
74 227 333 199
262 184 298 190
-331 -218
337 305 373 377 143
16 385 243 167 189
89 315 126 305
-84 -122
208 130 249 171
243 148 390 282
390 367
339 342 376 185 379
73 139 302
-222 -68
304 274 84 47
-320 -292 -16
-354 -78 -205
-238 -83
-210 -242 -36
35 291 181 137 219
-334 -106
-61 35 291
2 276 341 232 315 184
242 354 402 5 391 30 63
379 344 139 302 239
403 276 229 340 232
368 341 232 184
344 86 280 239
33 243 356 340 282 378
-121 -317
-276 -315 -2 -184
371 403 229 199 333 318
281 -130
305 291 35 345 126
377 389 305
401 267 79 327
368 345 315 184
188 68 213 359
188 206 359
-98 -283
57 50 26 37
402 98 20 261 406
114 21 358 393 335
33 196 356 340 282 285 378
-344 -10 -342 -339
376 342 344 185 379 380
188 213 222 68
338 366 207
403 340 229 232
291 35 345 89 315
291 35 181 137 219 335
18 -107
33 306 275 244 322 285
347 -292
226 148 29 279
-349 -30 -306
24 401 327
-289 -214
-237 -82
-152 2 368
-58 -192
89 305 291 345 59
72 226 127
86 198 326 246
-14 -194 -393
16 385 243 148 390 282
65 322 293 89
29 292 404 279 253 109
33 243 196 340 378 282
-205 -33 -322
403 227 199 333
403 276 229 232
337 389 377 59 143
16 385 243 148 390 167 282
243 196 340 282
368 232 276 184 315
-281 171 130
296 258 348
160 401 227 199 24 311
403 227 371 199 318
-320 -45 -292 -16
305 35 89 315
-364 -294
32 210 242 36 5 381
369 339 131 195 331 172
65 322 100 293 126
-375 -258 -189 -145
305 35 345 315
29 147 292 404 279 253 109
328 -183
369 49 37 200 218 266
-282 -33 -196 -340
-232 -315 -368 -341
-88 379 344
112 354 244 236 205 78
68 222 326
258 167 296 108
160 225 39 311 75
248 -321
-162 164 121
305 291 345 315 59
243 196 340 282 285
-9 55
-13 341 184
336 116 309 330 91
33 306 275 244 293 285 205
376 344 185 10 379 380
300 -58
243 148 390 282 189
198 359 86 246 87
16 385 148 167 189
403 371 229 227 74 333
368 265 2
50 86 198 326 359
-391 -236 -244 -112
-200 -331 -266
49 369 200 266
-202 -309
337 373 389 6 377 59
-373 -337
-270 193 28
-65 -337
326 50 86 359
50 10 380 37
339 342 376 185 10 380
376 342 344 185 10 379
-323 -360
403 227 229 333 318
127 148 29 279
321 322 293 353
86 50 198 87
69 -175
227 229 199 74 333
-83 -362 -142
160 225 39 311 399
181 137 394 219 335
245 188 213 359
50 198 359 223
-261 -98 -231 -163
-147 -253 -366 -29
-11 -91 -257
-145 -299 -262
-153 -280 -337
-265 -364 -208
368 2 276 341 232 345 184
256 387 134 215
112 244 391 153 236
321 322 65 100 89
291 345 89 315 126
86 344 139 302 239
236 222 78 36
-130 -28
29 292 404 253 109 366
326 198 86 87 359
180 -217
-109 -253 -366
341 232 315 184
-223 -274
224 186
-157 14
-323 -397
226 29 390 367
188 245 326 359
-339 -369 -131
-22 -218
32 210 242 5 8 73
-312 -254
86 246 344 379 302
-239 -100 -337
-287 -407
72 226 148
-163 -242 -30
243 340 356 378 282 285
-144 -206 -70
403 276 229 232 378
321 322 353 293 89 126
-354 -236 -205 -153
160 401 227 199 311
192 388 58 140
65 100 293 353
210 242 36 5 73 381
107 188 381 142
243 196 356 340
86 246 344 139
385 148 390 167 282
321 403 340 276 229 232 378
-83 -107
-352 -45 -253 -16
242 354 402 391 30
188 326
339 342 376 185 379 380
-391 -78 -205 -112
-339 -195
25 186 388 54
336 82 116 91 237
33 243 196 356 282 285
385 243 148 390
-32 -381 -5 -36
3 147 109
280 246 344 379 302 239
302 68 222
86 359 198 87 246 223
375 296 167 108 189
305 389 373 6 377 59 143
402 242 354 5 163 391 30 63
72 327 207
304 274 84 57 26 47
-70 -274
-339 -172
220 -83
284 -59
148 390 167 282 189
353 321 403 276 229 340 378
210 188 213 142
403 371 229 74 333
145 134 262 298 108
-84 -49 -165
-291 -394 -137 -335
305 291 35 89 315 126
-279 -390 -72 -367
271 -32
209 -392
82 116 309 330 237
243 167 282 189
345 305 291 59
2 276 341 345
368 2 315 184
-131 -149 -355
29 292 279 253 366
-257 -129 -28
242 163 354 402 5 391
65 321 100 126
321 322 353 100 89
-276 -315 -368 -341
160 311 75 399
-391 -236 -244 -153
98 402 20 261 231
191 -380
-194 -393
377 389 6 305
344 339 376 380
-22 -122
29 404 279 253 109 366
402 20 261 231
321 322 353 100 293
184 190 262
326 359 86 246
-213 -188
188 68 213 326
365 -390
258 375 296 167 108
50 198 87 223
-310 -319
252 -354
8 32 372
292 404 253 109 366
33 356 196 340 378
341 262 184 298 190
10 380 37
-320 -45 -292
139 36
72 29 279
-147 -292 -366 -29
315 305 89 59 126
305 35 291 59 315 126
-43 -258 -348
258 375 167 108
-342 -399 -46
206 213 326 359
89 65 100
65 321 100 293 126
321 353 403 276 229 232
200 10 37 87
-161 298 262
-275 -205 -33 -293
-120 -45 -375
371 403 199 333 318
-242 -30 -354
65 321 293 126
-386 -63 -82
-344 -380 -342 -339
210 242 36 8 381
304 274 198 70 104
198 359 86 246
73 139 236 68
74 333 318
371 229 199 318
-55 -309
173 -258
68 326 359
243 196 378 282 285
154 -185
50 86 246 359
321 353 340 229 276 378
321 322 353 293 89
345 89 291 126
26 380
-295 -170 -193
403 229 74 333 318
227 199 74 318
320 385 352 45 16 292 253
349 406 175
187 79 327
403 227 229 199 74 318
187 366 207
-177 -101
86 326 246
35 291 181 137 394 219 335
-385 -189 -390 -243
385 243 167 189
176 -279
32 204 183
-99 -191
337 305 373 389 377 59
112 65 337 100 373 153
26 50 10 37
-320 -45
-386 -349
231 349 175
-402 -242 -63 -391
148 279 367
337 305 389 6
-402 -5 -63 -391
-286 -300
226 390 279
344 342 376 185 379
-139 -86 -239 -379
386 275 306 349 30 63
339 342 344 185 10 379 380
145 134 262 298 299 108
-275 -244 -285
243 356 196 282 285
245 206 359
89 291 35
368 2 341 232 184
-89 -59 -315 -291
337 305 389 6 377
-218 -392 -307
166 -218
-37 -22 -266
-14 -194
256 307 150 215 332
178 389 150 283 143
-309 -237 -91
49 37 22 200 266 218 331
203 -214
16 148 390 167 189
33 356 282 378
336 116 91 237
306 275 244 293 285 205
403 199 74 318
287 -230
-375 -258 -167 -145
210 36 8 73 381
292 404 109 279 253 366
16 385 243 390
50 10 87
-109 -366 -29
-283 -92 -389 -150
-89 -305 -315 -35
353 403 340 229 232 378
232 321 340 229
217 265
-349 -30 -82
305 389 6 59 143
227 371 229 74 333 318
-224 -83 -234
243 356 340 378 285
200 50 380
133 -109
194 131 355 149 172
-8 -381 -36
337 305 373 377 59 143
2 276 341 184 345 315
318
68 78
-349 -30 -275
157 -14
384 -274
404 366
379 86 344 139 239
276 341 232 345 315 184
-178 -307 -215
-130 -193
369 331 37 200 218 266
196
-253 -385
302 73 36 222
72 187 327
354 244 391 153 236 205
61 -35
29 147 404 253 109 366
2 276 341 232 345 315
404 366 207
-214 -352
-48 -347
140 54 343
72 127 390 279
50 223 198 326 87 359
-292 -253
276 341 232 315 184
403 340 276 232 378
-164 -289 -20
257 330 11 295
-39 -208 -130
33 356 196 378 285
8 183
310 -283
-84 -49 -122
-104 -223 -304
280 246 344 379 239
68 245 326 359
305 337 389 377 143
73 236 78 68
89 305 291 345 315 59
246 280 379 139 302 239
-163 -402
-283 -389 -178
403 227 229 199 318
8 32 334
289 164 261 20 121
-25 -164 -346
-385 -390 -243
302 68 236 36
-170 -28
304 57 274 26
-391 -354
26 380 50 87
-109 -253 -366 -29
398 343
-147 -253 -366 -279
305 389 373 377 59 143
337 59 373 305
-386 -63 -237 -275
-253 -404 -279
72 226 29 279
32 210 242 36 5 73 381
128 -72
147 404 279 253 109 366
139 68 78
403 227 229 371 318
402 163 354 391 30
-344 -185 -339
-304 -274
98 163 20 406 231
72 148 390 367
222 188 245 326
-194 -21
-78 -205 -112
305 291 35 345 89 59
313 -89
-254 -342 -225
227 333 199
344 185 379 380
-287 -351
213 107 188 381
368 2 341 184 345
292 109 279 253 366
145 167 296 108 189
229 199 74 333
77 -207
321 65 353 293
50 198 86 87 246 359 223
-191 10 380
305 291 35 345
-243 -196 -340
-181 -393 -358
-402 -5 -30 -391
2 276 232 345 315
123 -406
-239 -337
305 291 35 89 315
68 222 36
357 -364
32 210 36 5 8 73 381
385 243 390 167 282 189
49 37 22 266 218 331
3 147 42 27
188 68 245 222
304 274 57 26 47
8 334 183
98 20 406 231
389 150 58 283 143
-309 -330 -116
-391 -78 -112
243 340 378 285
356 196 340 378 282 285
227 403 229 199 333 318
242 163 354 402 5
-153 -239 -100
337 373 389 59 143
78 139 68 222
188 68 245 359
242 354 5 391 30
198 86 246 326 223
121 54 25 346
-192 -97
68 245 206
368 232 2 184 345
-265 -217
353 403 276 229 340 378
229 199 74 333 318
50 86 246 223
-21 -393
403 340 229 276 378
345 291 315 35
50 86 87 246 223
296 43 348 95
-124 -69
402 406 231
403 227 229 74 333
112 354 244 391 153 236 78
8 334
39 311 75 399
146 -236
401 227 311 24
302 73 68 222
321 403 340 229 232 378
-306 -205 -285 -293
139 36 78
188 213
29 147 292 279 253 109 366
210 213 107 188 142
57 50 380 87
-165 -122
222 245 206 359
379 246 344 139 302 239
-56 138
-22 -331
-328 204 183
210 188 381 142
402 242 354 163 391 30 63
339 342 344 185 379
88 -344
402 163 20 406 231
198 326 359
48 -11
50 326 198 359
227 403 199 74 318
89 322 293
342 344 185 379 380
71 -189
322 100 293 89 126
-354 -205 -112
128 -226
337 65 100 373 280 153 239
371 333 318
10 26 380 87
321 403 340 276 232
301 -375
280 344 379 239
242 354 402 5 391
89 305 35 345 315 59
-306 -244 -285
86 246 280 139 302
371 403 229 333
354 244 391 153 236 78
243 340 356 282 285
305 373 389 6 377 59
321 353 322 100 293 65 89
-336 -82 -91 -116
-339 -331 -195
395 -188
353 322 65 100 293 89 126
200 26 37
-402 -242 -30 -391
145 167 108 189 375
-185 -46
339 342 344 379 380
321 65 353 100 89 126
16 385 243 148 282 189
246 198 326 223
-309 -82 -91 -116
-200 -22 -369 -266
89 315 126 35
50 198 359 87 246 223
304 274 198 70 223
65 322 353 293 126
-70 -198 -274
-280 -100 -337
-253 -366 -29
368 2 276 341 232 345 315
-29 -279
188 213 206 359
102 -103
82 275 386 306 237 349 30
-295 -257
130 171 28
73 68 78
24 267 221 327
376 344 10 379 380
-243 -33 -356 -340
-32 -210 -242 -73
321 403 276 229 340 232
-167 -390 -243
53 -311
336 116 309 91 237
-37 -22
227 371 229 74 318
-299 -262
-271 32 8
403 229 199 318
208 217 364 265
73 36 236 68
291 345 89 315 59
65 322 100 293 89
112 337 65 373 280 153 239
-254 -185 -46
98 163 406 231
50 198 86 246 87 326
258 43 103 95
72 226 390
388 343 25 186 140
-200 -22 -369
50 326 198 223
385 243 148 390 167
-306 -285 -322
-352 -45 -292 -385
51 -139
386 306 237 349 63
337 6 377 59 143
72 127 390 367
-336 -237 -330
377 389 143
276 341 232 345 315
86 359 198 87 326 223
25 186 388 140
-217 -364 -208
-384 304 274
305 345 315 126
107 362 83 238
370 -153
385 148 390 167 189
277 -100
-388 -58
368 276 341 232 345 315
-232 -315 -368 -184
112 354 391 153 205 78
403 227 229 199 333
321 322 353 293 126
50 198 359 246 223
65 322 100 89
353 322 293 89
-304 -26 -47
-259 256 215
305 35 345 89 126
393 194 21 14
-326 -198 -86 -50
305 389 6 143
345 89 291 305
337 305 373 59 143
82 275 306 386 349 30
-349 -63 -237 -275
402 261 406 231
-109 -253 -279
-275 -293
224 234 83 398
32 210 36 8 73
305 291 35 89 59
-85 73 36
337 305 377
-283 -58 -143
339 342 376 185 10 379
-282 -243
80 -26
204 334 183
38 -165
-339 -131
16 148 167 282 189
302 68 236 78
-341 -184
385 390 167 189
368 2 276 184 315
-47 -22
242 402 163 5 30
-338 -366 -187
342 344 185 379
-112 -239 -337
-47 -122
-287 -128
379 246 86 344 139 239
-351 227 199
236 78 36
272 -307
72 390
-320 -253 -16
245 213 326 359
-240 -319
386 306 82 237 30 63
403 227 199 318
148 29 390 367
72 79 327
280 86 246 344 239
89 305 59 345 315 126
-132 200 37
403 229 199 74 318
402 163 261 406
-92 -143 -150
339 342 376 10 379
280 139 302 239
368 232 345 315
-37 -22 -369
345 305 315 89
-361 -357
49 369 22 200 266
321 340 229 232 378
-394 -219
49 369 37 22 218 331
406 231
324 -219
-37 -331 -218
-34 -272
210 107 188 213
226 148 390 279
72 226 127 367
-275 -205
292 404 279 253 366
-140 -58 -192
379 86 246 280 139 302 239
348 103
-176 29 279
367 127 390 279
188 68
32 210 36 5 8 381
-16 -189 -390 -243
-153 -65 -373
305 389 373 377 143
313 -126
401 327 24 267 221 79
208 130 171
54 343 25 140
188 222 206
65 322 321 89 126
-121 -317 -20
-121 -289 -261
33 243 196 340 356 378
339 376 342 344 380
371 229 74 333 318
-112 -65 -373
304 274 47
178 58 283 92 143
321 65 293 89 126
-376 -195 -131
304 274 84 26 47
344 339 376 185 379
16 385 243 390 167 189
226 187 207
305 389 59 143
-153 -239 -65 -337
96 338 366
-108 -262
-296 -258
73 139 68 78
50 326 198 246 87 359
-147 -253 -404 -29
-357 364
187 327 207
305 337 377 59 143
-139 -246 -239 -344
33 196 356 282 285
-232 -345 -2 -184
16 385 243 148 390 167
-179 -9
-389 -150
-124 -113
-340 -321 -232
-308 119
368 341 232 345 315
-398 -83 -234
-8 -5 -36
50 223 246 86 359
16 243 390 167 189
86 198 87 326 223
57 10 380 87
342 344 10 379 380
-275 -33 -293
-200 -49 -369 -218
34 -131
-403 -229
368 341 184 315
-296 -167 -108
-37 -331 -266
321 65 100 293 89
196 340 356 282 285
321 322 293 89
227 371 199 74 333 318
403 227 229 74 318
-239 -65 -373
344 10 379 380
385 243 167 282
33 356 196 340 378 285
306 275 244 293 322 205
78 139 222
379 86 246 139 302 239
377 394 6
72 148 367
243 148 390 167
-380 -185 -339
-254 -342 -399 -46
-309 -82 -91
64 -403
16 243 148 390 167 282
305 373 6 389 377
50 86 359 87 198 223
342 376 10 379 380
337 373 377 6
-195 -14
29 147 279 253 109
242 402 163 5 391 30 63
-145 -299 -298
-210 -5 -36
320 352 214 138 255
389 377 59 143
386 349 175
368 341 184 345 315
-91 -257
302 68 236 222
145 375 296 167 108
-164 -317 -20
155 -150
72 127 367
-378 -353 -229 -232
-342 -225
-179 -69
-344 -380 -339
72 148 279 367
243 196 340 282 285 378
-100 -65
139 236 222 36
325 -82
-37 -49 -369 -218
50 86 326 246 359 223
98 163 261 406 231
16 385 390 167
320 214 138 255
337 305 389 6 59
222 213 326 359
57 50 37
-236 -205 -112
-339 -369
82 275 306 237 349 30
296 258 348 95
280 246 344 139 302 239
232 321 229 353
-320 -253 -385
-40 163 402
-37 -49 -331 -218
-402 -242 -30
368 2 276 341 345 315
-354 -78 -205 -153
403 229 333 318
-31 -71
345 89 315
337 305 373 389 6
321 353 403 340 276 378
68 213 222 359
-109 -253 -404 -29
-248 353 321
-302 -86 -239 -379
210 213 107 381 142
-35 -137 -181
353 322 293 89 126
371 333 199
337 305 373 389 59 143
175 386 231
244 391 153 236
403 371 229 333 318
-143 -389
-300 92 58
243 196 282 285
-232 -315 -184
-70 -198
-277 100 65
-55 -202 -336
-153 -239 -337
-236 -205 -153
-160 -225
71 -167
200 57 50 37
178 389 150 283 92 143
-159 -312 -254
-402 -242 -30 -354
263 -22
50 86 198 87 326
228 -104
336 309 55 42
305 35 89 315 59
368 2
305 373 6 377 59
49 369 200 266 331
289 214 120 317
260 -371
337 6 377 143
-275 -205 -322
263 -49
112 354 391 153 236 78
342 376 185 10 380
208 75 39
321 322 100 293
-70 -304
-37 -22 -218
-135 75 39
16 243 390 167 282
-402 -242 -391
403 229 199 74 333 318
178 389 283 92 143
228 -70
403 371 199 74 333
305 291 345 315
29 147 404 279 253 109 366
385 243 148 390 282 189
-217 -364
198 326 223
29 109 279 253 366
368 2 276 341 232 315
-205 -285
-200 -49 -218
270 -28
321 353 403 276 232
148 29 390 127
368 341 232 345 184
280 246 344 139 239
200 50 10 380
50 198 86 246 87
72 226 390 127
-361 -365
-232 -345 -368 -341
291 35 181 394 219 335
27 202 3 109
57 26 380
68 245 326
385 243 148 167 189
336 42 309 202
16 385 243 148 167 282 189
200 57 37 87
236 78
-105 190
302 139 236 78
344 379 139 302
321 403 340 229 232
305 291 59
-103 -348
-354 -236 -244
338 187 366
3 42 147 202 109
166 -266
402 20 406 231
-349 -30 -237 -306
197 -129
200 57 37
50 326 198 246 223
-136 144
57 26 47
-39 -249 -130
4 -25
24 401 267 221
-275 -205 -33 -322
-235 149
98 163 20 261 402 406
236 78 68
392 218 266
246 198 326 87 86 223
-185 -225 -46
98 402 231
-306 -205 -293
-308 -80
380 26 50
227 371 229 199 74 318
-45 -375
-293 -65 -321 -89
-336 -330 -116
-353 -321
32 210 36 8 73 381
-320 -45 -253 -16
-37 -49 -369 -266
382 -318
187 207
210 213 107 188 381 142
222 68 245 326
-112 -239 -65
-291 -219 -137 -181
337 389 143
114 181 358 335
337 305 373 389 6 377 143
402 163 20 261 406
407 -249
342 344 185 380
-163 -30 -354
224 83 398 238
302 73 139 78
96 338 207
32 210 242 36 73 381
50 87
-375 -258 -189 -108
-220 238 83
353 403 340 229 378
321 353 276 229 340
188 68 245
403 227 229 74 333 318
339 344 10 380
-294 -114 -129
-378 -321 -403 -232
-401 -227 -311
307 151 218 266 332
305 291 345 89 59 126
337 305 377 6
-386 -30 -82
321 322 353 100 293 126
246 344 139 302 239
180 -265
280 86 344 139 302 239
307 151 392 218 266
-334 -106 -159
160 39 311 75 399
-157 -7
-73 -36
-344 -380 -342 -376
82 275 306 349 30 63
210 107 188 381
-99 -66
210 107 188
33 306 322 244 205
-12 -156
383 387
316 -47
305 337 389 377 59
211 -327
326 359 198 87 223
227 229 74 333 318
291 315 35
16 385 243 167
-150 -256
33 356 196 340 285
379 86 246 139 302
145 258 167 108
112 337 65 100 280 239
305 291 35 345 89 59 126
114 294 358 170
305 59 377 6
-24 -199 -160
89 291 126
-81 294
226 148 29 127
321 322 65 100 293
-320 -385
291 35 89 59
50 326 87 359
240 -159
-62 369 331
3 42 27 109
73 139 68
305 35 345 315 59
89 305 291 345 126
26 84 47
403 227 199 74 333
-63 -237 -275
337 305 6 59 143
-5 -30 -354
305 59 373 377
33 243 356 340 378 285
50 198 86 246 326
337 373 377 59 143
377 219 6
130 171 39
68 222 206 359
-337 -389 -305 -377
33 243 196 340 356 282
50 246 86 87 359
-5 -242
403 227 371 199 74 333
100 373 280 153 239
338
210 107 188 381 142
72 226 367
-340 -321 -229 -232
326 50 86 87
-32 -381 -242 -36
-47 -49
-180 265 217
-111 -324
218 307 332
134 262 298 299 108
73 68 222
145 258 167 108 189 375
50 246 326 87 359
245 68 213 222
371 403 333 318
305 291 89 315 126
321 353 293 89 126
385 243 148 390 282
353 321 340 229 232
-268 106
404 279 253 109 366
314 -181
305 389 377 59 143
50 86 246 198 359
373 389 6 377 59
147 42 202 27 109
266 218 307 151
-303 -268
305 337 389 377 59 143
-322 -65 -321 -89
-308 -209
-238 -362 -142
-55 -42 -336
242 354 163 391 30 63
10 380 50
86 246 344 379 139
402 163 20 261 406 231 98
-306 -244 -285 -293
135 -39
326 68 206 359
-54 -164 -346
265 371 333
-372 -106 -159
96 338 404
-205 -285 -322
82 275 386 306 349 237 30 63
305 89 59 126
65 321 322 353 100
321 340 276 232
-386 -30 -275
386 306 275 82 237 349 63
-8 -242 -36
200 10 380 87
82 275 306 349 237 30 63
192 388 58 140 92
302 36 222 78
68 222
-315 -368 -184
33 243 282 285 378
73 68 222 78
246 198 326 87 223
-257 -129 -193
392 218 266 332
386 306 275 237 349 63
33 243 196 378 285
-37 -22 -331
200 57 50 380
-335 -393 -358
353 321 276 229 232 378
101 -334
145 258 375 108
139 302
229 199 333 318
274 26 47
198 87 326 359
369 339 131 195 376 331
74 333 318 199
272 -332
78 139 36 222
65 321 322 100 293 89 126
112 244 153 236 205 78
-346 -283
-142 -210 -188
305 291 35 89 59 126
-150 -307 -215
42 3 109
188 68 222
98 163 20 406
72 226 327
72 226 390 367
65 321 353
280 379 344 139 302 239
305 337 6 377 59
-183 -334 -8
337 373 389 377 143
36 78 68
-42 -27 -109
-43 -95 -258 -103
226 127 390 367
50 86 326 246 198 359 223
-306 -244 -33 -322
72 226 29
-112 -239 -100 -373
206 68 213 326
200 57 26 380
371 403 229 199
403 229 318
339 342 376 185 380
305 315 291
188 326 68
-332 -307
194 355 393 14
-287 -363
319 -242
337 6 377 59
-349 -30
-157 -259
388 54 343 140
32 210 242 5 8 73 381
200 26 380
160 225 311 399
339 342 344 185
114 21 181 393 335
371 403 199 333
243 356 340 196 285
-278 267 221
336 82 116 330 91 237
-255 -320
-12 -146
43 348 103
198 87 326 246 359
49 369 200 218 266
118 -343
-133 147 109
402 354 163 5 391 30 63
202 42 3
-82 -330 -116
68 206
188 213 68
-251 -277
-70 -223 -304
98 163 261 231
-320 -45 -253 -385
217 2 265
-401 -227 -160
305 291 35
321 322 293
402 98 20 163 406 231
1 -6
-347 292 253
321 353 403 340 276 232
-379 -10 -185 -339
32 210 242 5 8
-106 -55
86 326 246 223
86 344 379 302 239
139 236 222 68
-172 -194
244 391 153 236 205 78
73 36 78 68
-261 -98 -406 -402
-186 -224
242 354 402 5 163 391 63
-236 -78
188 68 326 359
321 353 340 276 378
226 127 29 279
-92 -389 -178
78 139 236 222
-362 -107
178 283 92 143
392 307 151
222 206 245 326
339 342 344 185 10
184 190 341 262
85 -36
321 293 89 126
112 354 153 236 205 78
305 291 89 59 126
342 376 185 10 379
82 116 309 330 91 237
337 389 59 143
337 389 6 143
337 389 6 377 59
192 388 58 92
326 188 222 206
374 -293
50 86 87 246 326 223
106 334 159
33 243 196 340 285
-1 6 377
339 185 10 379 380
368 2 341 232 345 315
16 385 243 390 282 189
50 198 87 359
302 68 36
188 245 206 359
305 291 35 345 89 315 126
127 148 279 367
32 242 36 5 8 73
-255 -138 -320
50 86 87
-219 -181
57 26 10 50
-209 151 392
-74 -318
65 100 373 280 153
321 353 340 232
319 -5
-291 -219 -181
-74 -229 -199 -333
-24 -401
29 292 404 279 109 366
200 26 50
226 148 29 390
-8 -242 -73
-339 -331 -195 -131
-284 59 305
-33 -285
226 29 390 279
89 321 293 353
114 21 181 335
305 291 59 126
-312 -95 -254
-200 -22 -218
-78 -205 -153
32 210 242 5 8 381
73 36 236 302
-348 -383
222 326 359
227 333 318 199
178 389 150 58 283 143
227 229 199 333 318
258 43 348
57 50 380 37
-225 -39
401 327 24 221 79
200 57 10 380
302 139 36 78
148 390 279
385 243 390 167 189
242 354 391 30 63
401 327 24 267 221
188 245 326
-306 -33 -293
-387 -256 -299
349 175
235 -149
368 217 371
64 -229
86 246 326 87 359 223
-37 -49 -218
337 65 100 373 280 239
50 198 87
305 389 373 6 59 143
198 86 326 359 223
89 305 291 35 345
-121 -261
-291 -219
51 -302
-217 -249
112 337 65 280 153 239
-326 -223 -86 -50
305 291 345 89 126 315 59
-182 355 194
224 398
57 274 84 47
89 126 305
-42 -3 -109
-391 -78 -244 -112
229 74 333 318
26 380 87
209 -151
50 86 359 87 326 223
98 402 20 163 231
-375 -167 -108
-402 -5 -30
50 326 359 246 223
305 35 59 345 315 126
321 353 340 229 232 378
-35 -394 -137 -335
-402 -242 -354
-148 -390
-355 -194
-83 -234
280 86 246 344 139 302 239
225 342 46 185 254
402 20 261
35 291 59 315 126
82 275 386 237 349 30
305 345 315 59
-186 -25 -388
107 188 213
210 242 5 8 73 381
-336 -82 -330
401 327 221 79
305 337 6 377 143
402 261 98
-346 -362 -283
339 376 342 344 10 379 380
-37 -22 -331 -218
74 227 333 318
-402 -5 -30 -354
-257 -170 -193
65 321 100 293
-24 -199 -311
-376 -369 -195
245 206
403 74 333 318
73 36 222
188 206 326 68
-181 -21 -114
342 185 10 380
73 139 68 36
54 343 186 140
353 321 403 340 229 232
369 37 22 200 218 331
-70 -223 -274
353 293 89 126
33 243 196 285
246 280 379 302 239
-145 -134
20 261 406 231
227 229 199
-349 -30 -237 -275
145 258 375 296 108
-386 -30 -237
-311 -225 -39
179 -120
110 -95
41 -336
-32 -210 -242 -36
369 49 37 200 266 331
188 222 326
29 147 292 404 279 109 366
305 6 377 143
337 373 59 389
402 163 261 406 231
33 340 356 378 285
-362 -283
-78 -244 -112
-378 -321 -229 -276
305 291 59 315 126
112 354 244 391 153 236 205 78
-243 -285 -196 -340
148 127 367
72 29 390
321 353 403 229 378
403 229 199 333 318
73 36 78
23 -275
368 2 276 232 184
403 371 199 74 318
377 389 6
-309 -237 -330
145 258 167 296 189
337 305 389 6 143
194 355 21 393 14
-172 -131
-116 -364
201 -404
210 242 5 8 381
-153 -280 -100 -373
-129 -28
-369 -195 -172
144 245 70 104 206
-147 -109
-53 311 160
402 163 20 261
386 306 82 349 237 63
344 339 342 376 379
345 89 126 305
405 -326
390 279
305 345 89 59 126
65 321 126 89
29 147 404 279 253 109
-323 145 108
89 321 100 353
-385 -167 -243
-187 -72 -327
210 213 107 188 381
385 243 390 282
280 344 379 139 239
15 -389
244 391 153 236 205
336 82 116 309 91 237
373 389 6 377 59 143
89 305 315 291
-306 -244 -285 -322
368 2 276 341 184
368 2 371
3 147 42 109
242 354 5 391 30 63
196 356 340 378 282
160 227 311 24
-386 -30 -82 -306
-112 -239 -100 -337
163 20 261 231
89 345 315 126
291 35 89 315
72 226 148 127
-47 -165
145 375 167 108
72 279
-23 -173
-352 -253 -385
377 219 97
-352 -253
246 86 280 379 302
321 353 293 126
337 389 373 377 59 143
-349 -82
-24 -227 -160
256 178 307 150 215 332
321 353 276 232 378
-401 -199 -311
-404 -366
280 86 344 302 239
-186 -54 -388
89 59 35 305
-8 -381 -5 -73
-243 -285 -196
246 198 326 359 223
289 164 261 20 121 317
72 148 127 367
305 291 345 59 126
33 306 275 244 293 322
-361 -363
337 373 389
-206 -70
-339 -331 -195 -172
33 306 322 244 205 285
386 275 306 82 237 30 63
305 291 345 315 126
371 227 229 333 318
-178 -307
-207 -187
-280 -65 -373
336 82 116 309 330
-240 -158
-280 -65 -337
162 -121
40 -163
341 262 298 190
296 258 43
16 385 148 390
188 206
-295 -28
99 -388
395 -213
-354 -236 -244 -112
-276 -315 -368 -184
114 181 358 21 393 335
-7 97
337 59 373 377
227 229 318 199
245 206 213 222
268 -106
-354 -78 -244
98 20 261 406 231
16 385 243 148 390 189
368 2 276 232
-360 137
89 305 291 345 315
-112 -239
8 204 334
112 337 65 100 280 153 239
-140 -58
26 10 380 37
380 57 26 50
279 29 390 367
198 86 246 87 223
-273 46
-8 -381 -5 -36
-401 -199 -160
210 242 36 5 8
73 36 236
-354 -205
402 98 163 261 406
33 243 340 356 285
368 217 265
112 354 244 391 153 236 205
-19 -62
16 385 243 390 189
-254 -185 -225 -46
147 279 253 109 366
139 68 222
-352 -45 -16
339 342 376 185 10 379 380
50 198 86 87 359
3 147 42 27 109
296 258 43 348
210 107 381 142
353 322 65 100 293 89
-112 -239 -65 -337
338 187 404
246 86 280 379 239
339 344 185 10 380
243 196 340 378
65 322 293
-385 -167 -390 -243
50 86 87 326 223
326 50 198 87
200 380 37
200 10 380 37
-254 -399 -46
-203 255 214
291 345 89 126 315 59
-243 -33 -196 -378
16 385 243 167 282
321 322 353 100 293 89 126
4 -54
26 50
403 227 199 333 318
-36 -68 -78 -139
33 243 340 285
-340 -229 -232
392 151
402 163 261 98
-407 249 208
232 2 341 184 345 315
50 246 198 223
-214 -120
402 354 391 30 63
305 291 59 89 315 126
367 390 279
280 246 344 379 139 239
337 305 373 389 6 377
368 2 276 341 232 345
-108 -134 -262
1 -377
-336 -237 -330 -116
402 261 231
188 68 222 359
386 306 349 237 30 63
32 242 36 5 8 381
65 322 353 100 89
3 42 202 27
-349 -82 -275
16 385 390 167 282
341 184 345 315
-30 -82 -306
-318 -229 -199 -333
-134 -298
327 24 267 221 79
175 406 231
29 404 279 109 366
353 403 340 229 276 232 378
35 181 137 394 335
43 348 103 95
-327 -221 -401
147 292 279 253 109
72 226 148 367
-385 -167 -148 -243
23 -306
371 227 199 333 318
-112 -280 -65
326 50 198
160 401 311 199
-153 -239 -100 -373
-299 -134
305 291 35 89 126 315 59
33 306 322 244 293 285
221 79 327
2 341 184 345 315
-386 -30 -237 -275
-76 317 289
72 127 29 367
145 258 167 296 108 375
389 58 283 92 143
257 91 295 330 11
337 305 389 143
68 222 326 359
26 380 37 87
-35 -219 -335
-401 -199
-339 -369 -195 -172
247 -224
36 78
-159 -312 -95
-354 -205 -153
127 29 279
50 86 198 246 223
-295 -129 -193
-181 -21 -358
-47 -49 -165
141 -245
79 327 207
73 139 236 302
86 198 223
-6 -377
73 236 78
-178 -307 -256
73 139 36 78
200 57 26 50
33 306 275 322 293 244 285
305 337 389 6 59 143
72 226 148 29
29 292 404 109 279 253 366
188 213 359
245 188 213 68
-8 -210 -73
86 246 326 359 223
403 229 199 74
368 217 333
-320 -45 -385
12 -254
154 -342
178 150 58 283 92
341 232 345 315 184
321 322 100 293 89 126
-354 -244 -153
114 21 358 181 393
321 353 403 340 276 232 378
-244 -33 -293
74 371 318 199
-200 -22 -266
188 206 326 359
68 245 222
339 376 344 185 10
368 341 232 345 315 184
107 188 213 142
-376 -131
-402 -5 -63 -354
98 163 20 261 231
65 353 321 100 293 89 126
35 291 345 89 315 59
-291 -394 -181
-128 226 72
393 114 181 358
65 353 89 126
-138 -230
-243 -33 -196 -340
-92 -389 -150
-387 -215
-205 -112
-178 -215
16 385 390 167 189
344 139 86 239
88 -379
-32 -381 -242 -73
-46 -195
-311 -225 -75
112 100 373 280 153 239
369 339 131 376 331 172
385 243 148 390 167 282
227 371 199 74 318
368 276 232 184
-346 -98
124 -352
367
403 371 227 199 74 333 318
36 222 78
208 75 171 39
-10 -380
32 210 242 36 5 8 73
321 403 340 229 378
225 342 185 46 399
-219 -137 -181
305 291 35 59
-292 -385
50 326 87 223
160 225 311 39
291 35 89 126 315 59
-287 -278
-376 -331 -195 -131
188 222 206 359
-107 -381 -188
35 137 394 219 335
-388 -192
-81 -161
385 148 390 167 282 189
-67 63 30
-144 -245 -104
200 10 380
33 356 340 282 378
208 39 249 75 171
321 65 322 353
-375 -258 -167
112 337 100 373 280 153 239
16 148 282 189
-139 -86 -239 -344
-354 -112
89 293 126
-385 -167 -148 -282
-239 -100 -373
-44 24 401
-320 -45 -16
-223 -198
-59 -305
305 291 35 345 315
-310 -146
33 243 282 285
-154 342 185
79 327
372 204 183
16 385 148 390 167
368 276 232 345 184
323 -145
-95 -258 -348
-8 -210 -242 -36
86 246 344 379
72 226 390 279
280 86 344 379 302 239
49 369 37 22 200 266
377 219
-43 -95 -296 -348
338 404 366
-173 296 258
-30 -82 -275
403 229 199 74 333
68 236 222
-35 -291
-37 -331
402 163 261
337 373 389 377 59
33 243 340 282 285 378
112 337 65 373 153 239
208 130 75 171
198 86 246 223
339 344 376 185 10 380
321 353 322 100 293 89
344 86 280 379 239
-212 282 243
112 65 100 373 280 153 239
86 246 280 239
200 26 10 37
57 10 26 37
-352 -45 -292 -16
98 163 20 261 406
243 390 167 189
222 188 245 206
112 337 65 100 373 239
-319 5 242
248 -353
388 54 343 25 186 140
337 305 373 389 6 143
49 37 22 200 218 331
-275 -285
194 355 131 149
-153 -239 -373
178 389 150 58 283
72 127 29 279
339 344 342 376 10 379
243 196 356 285
65 353 322 100 293
177 -346
65 321 322 100 126
-109 -292 -366
321 353 403 229
16 243 148 390 167 282 189
210 242 36 5 8 73
194 131 149 172
50 198 86 87 246 359
200 26 50 37
-339 -331
50 326 87
379 86 246 344 139 302
322 275 244 293 285 205
379 246 344 139 302
321 65 322 353 293
-109 -292 -404 -29
113 -202
212 -282
50 86 326 246 198 87 223
18 -142
148 390 367
371 229 199 74 333 318
327 267 221 79
68 326
160 225 399 39
127 279 29 367
175 231
33 196 340 285
90 -356
-200 -49 -331 -266
200 50 380 37
-50 -26 -380 -37
115 -338
-163 -242 -30 -354
-168 43
242 402 5 30 63
-78 -205
-346 -362 -98 -283
202 3 42 109
82 275 349 237 30 63
-108 -299 -298
200 50 380 87
26 50 10 87
321 353 403 340 229 378
125 -378
208 130 249 75 171
243 148 390 167 282 189
-239 -65 -337
-218 -151 -307
160 225 311 75 399
403 227 371 199 333 318
401 221 327
200 26 10 50
-49 -331 -218
148 127 390 279
-254 -185
242 354 402 5 30 63
160 225 39 75 311 399
337 305 377 59
32 210 242 8 73 381
401 79 327
68 206 359
-344 -10 -185 -376
-257 -129
320 385 352 16 292 253
316 -84
246 280 139 302 239
-99 -329
344 339 376 379
129 114 294 170
200 57 50 87
139 36 236 302
389 150 58 283 92
116 137 364 294
33 243 340 378 285
243 148 390 167 189
340 276 232 378
-35 -219 -181
8 372 334
368 2 345 315
403 227 229 199 74 333 318
-8 -381 -242
401 267 221
243 390 167 282 189
-37 -218
93 -91
217 2 333
89 305 35 345 315
388 54 343 186 140
-256 -215
8 32 204
89 321 353
206 188 213 222
315 89 59 126
370 -112
388 58 140 92
89 305 291 59
-226 -72
379 280 139 302 239
65 322 353 89 126
129 114 358
299 387 134 215
32 334 183
372 32 204
73 36 302
371 227 333 318
60 -299
321 353 100 89 126
160 401 227 311 24
16 385 243 148 167 282
178 307 150 215 332
49 369 22 200 266 331
89 65 126
305 389 6 377 143
-99 -174
145 375 296 167 108 189
-37 -369 -266
226 187 327
33 306 322 244 293 205
337 305 373 6 59 143
112 65 100 280 153 239
344 339 342 376 185 379
33 340 378 285
-102 103 348
74 371 333 199
338 187 207
278 -267
290 -393
112 244 391 153 236 205 78
-108 -299
42 147 109
-186 -25 -140
403 227 229 371 333 318
78 68 222 36
353 276 340 229 232
304 274 26 84
280 246 86 344 379 239
-109 -366 -279
276 341 184 345 315
-32 -8
145 258 296 108
97 394 219
86 246 344 139 302 239
138 230
386 306 237 63
130 39 249 75 171
305 291 345 89 315 126
33 306 275 244 205 285
245 68 213 206
-58 -150
50 198 86 359
-376 -331 -131
200 57 380 37
375 167 108 189
321 322 353 65 89 126
-401 -160
-311 -160
339 376 344 185 380
368 2 276 341 184 315
188 213 206 68
10 380 87
98 163 20 402 261
-75 -39
-343 -25 -140
57 10 26 380
382 -74
72 148 279
291 181 137 219 335
291 35 181 394 219
210 242 36 73 381
-121 -289 -20
208 249 130 75
320 385 352 45 16 253
72 226 148 279
112 100 373 280 153
305 389 6 377 59
-112 -280 -65 -337
368 232 184 345 315
-141 245 206
72 279 29 367
339 376 344 10 379
57 50 26 87
72 148 29 390
112 354 244 153 205 78
344 86 246 280 139
-99 -52
-206 -104
-48 11
72 148 390
82 386 306 349 237 30 63
85 -73
385 243 148 390 167 282 189
-388 -92 -192
32 210 242 36 5 8
302 139 236 222
-102 -400
-258 -167 -145
86 280 139 239
242 354 402 5 163 30
-116 -364 -294
-78 -112
159 312 95 254
139 68
-314 335 181
-314 -60
145 258 167 296 108 189
73 139 222 78
-164 -289 -261
-159 -95 -254
72 226 127 279
-4 54 25
315 35 89 59 126
392 266 307 151
188 68 206 359
127 29 390 279
-306 -275
50 198 87 246 359
-294 -358 -170
200 26 380 50
29 279
256 178 307 150 215
-122 -392
89 345 315 59
210 107 213 142
-55 -42 -309
258 103 296 348 95
-112 -239 -100
-49 -22
321 322 293 89 126
-302 -246 -239 -344
86 50 198 326
-291 -219 -335
-112 -239 -65 -373
-16 -167 -148 -243
269 -386
250 -358
89 305 345 315 126
243 356 340 196 378 285
368 217
-160 -225 -75
302 68 222 36
-336 -82 -91
2 276 341 232 345
368 2 341 232 345 315 184
86 246 280 379 302 239
-119 -149
-260 371 333
243 340 356 282 378
86 198 246 87 326
127 29 390 367
26 10 50
127 148 29 367
294 129 170 358
57 26
305 337 389 6 377 59 143
-385 -167 -390 -282
-211 79 327
33 196 340 282 285 378
229 333 199
127 367
226 148 390 367
114 21 335
227 229 199 74
394 219
-232 -315 -2 -341
353 100 293 89 126
-172 -149 -194
-295 -129
-308 -263
321 340 232 378
232 345 315 184
226 279 127 367
-343 -54 -388
321 353 403 340 229 276
-153 -280 -65 -373
98 402 261 231
65 322 293 126
29 292 279 253 109
368 2 276 232 345 184
208 130 39 75 171
213 326 359
-379 -380 -185 -376
368 2 276 341 232
339 342 344 185 380
33 340 282 285 378
198 86 359 223
33 196 340 378 285
112 337 65 100 153 239
98 402 406 231
-82 -91 -116
-325 237 82
280 246 86 344 139 239
-225 -46
-287 230
305 337 389 373 6 377 59 143
380 37 87
258 348 103
200 50 37
291 35 59 345 315 126
102 -348
-35 -394 -181
-382 74 318
321 403 340 229 276 378
-109 -292 -366 -279
-16 -167 -390 -243
-402 -30 -391
264 -223
200 37 87
86 359 198 87 246 326 223
72 367 127 279
-164 -289
402 20 261 98
-252 391 354
-260 -363
-313 126 89
33 306 275 293 205 285
337 305 373 143
371 227 229 199 318
-361 295 257
-14 -194 -21
321 65 353 89 126
-200 -37
98 261 231
16 385 243 282
302 139 36 222
33 196 356 340 282 285
342 344 185 10 379
86 246 344 302 239
-164 -317 -261
-258 -167 -108
33 196 356 378 243 340 282 285
243 196 340 285
-49 -122
-376 -369 -195 -172
-274 -57 -47
208 130 39 75
-116 -137 -364 -294
336 82 309 330 91
-115 96 338
50 223 246 326 87 359
89 291 305
305 291 35 345 59 315
147 404 279 109 366
321 353 340 378
50 223 246 326 87 86 359
89 35 59 345 315 126
73 36 236 78
289 214 120 317 255
194 355 131 172
3 202 42 27 109
16 385 243 148 390 167 282 189
326 359
-264 223 198
371 229 74 333
-142 -107
402 163 20 261 231
73 139 68 222
56 -138
336 82 309 330 237
-354 -78 -244 -112
-232 -345 -368 -184
371 333
-318 -229 -227 -333
9 -55
402 354 242 30 63
339 376 342 344 185 10
-108 -299 -262
8 204 183
-39 -208 -171
94 -3
-168 -67
16 385 243 148 390
321 403 276 229 232 378
35 137 394 335
156 -239
208 130 39 249
82 309 330 91 237
-263 49 22
302 73 139 222
385 243 390 167 282
-340 -321 -403 -276
33 243 196 340 378 285
65 321 293
-405 359 326
65 321 353 100 126
208 130 39 249 171
243 356 196 340 378
-339 -195 -131
259 -215
227 403 229 199
-309 -330
261 406 231
347 -253
321 353 229 232 378
246 280 379 139 302
305 377 59 143
385 243 167 282 189
144 245 70 206
371 227 199 333
16 243 148 390 282
49 84 22 122 47
98 163 20 261 406 231
57 10 380 50
337 305 389 373 6 377 59
289 214 317 255
112 244 391 153 236 78
-309 -82 -330 -116
-320 -253
-200 -49 -369 -266
68 222 359
210 188 213
289 164 261 121 317
-138 -320
86 246 139 302
33 243 196 282 285
337 305 373 6
-82 -330
229 318 199
112 354 391 153 236 205 78
120 45 375
50 198 359 87 223
276 341 232 184
-323 -248
291 35 345 59 315
216 -87
-8 -381 -242 -36
72 226 29 127
98 402 20 163 261 231
-11 -330 -295
-349 -275
-63 -30
322 100 293 89
16 148 390 167 282 189
-31 -248
-60 299 134
302 139 78
-146 236 78
-344 -380 -185 -376
401 227 199 24 311
33 322 275 293 205 285
-155 -350
86 50 198
65 322 321 100 293 126
392 307 332 151
-317 -214
304 84 57 26 47
50 198 87 246 223
-349 -82 -306
-118 343 186
-32 -210 -5 -36
50 246 198 87
243 356 340 196 282 285
78 139 68 36
16 243 167 282 189
-349 -237 -306
132 -200
245 70 104 206
-186 -388
339 344 342 376 185 379 380
2 341 232 315 184
368 232 2 276 184 315
243 340 282 378
33 243 356 282 285 378
373 389 6 377
-63 -82 -275
-131 -194
127 390 279
-391 -236 -112
-31 -397
16 385 243 390 167
258 167 108 189
89 65 293 126
67 -30
305 291 35 315 126
89 291 315
-402 -242 -63 -354
96 187 366
379 86 280 139 302 239
-273 -15
222 245 326 359
302 139 222
-352 -45 -253 -385
72 187 207
291 181 137 394 219
406 402 163 98
-137 -294
114 21 393 335
321 353 340 276 232
16 385 148 390 189
227 403 371 199 74 318
-19 192
147 404 292 253 109 366
302 68 222 78
339 185 10 380
72 226
280 86 246 344 302 239
246 86 280 379 139 239
-160 -39
-195 -131
344 139 302 239
386 82 306 275 237 63
-350 195
-243 -285 -356 -378
258 103 296 43 95
86 246 344 379 302 239
227 371 229 199 74 333 318
66 -381
-139 -86 -344
-172 -149 -355
401 327 24 79
204 183
86 326 359
280 379 246 86 344 139 239
148 390 127
184 341 190
117 -337
259 -256
321 353 403 276 229
321 100 293 89
82 275 386 349 30 63
89 59 305
16 385 243 167 282 189
336 309 55 202 42
72 29 390 279
321 65 353 293 89
349 406 231
302 139 222 78
-8 -210 -242 -73
98 261 406 231
16 243 148 282 189
-37 -369 -218
33 306 322 244 285
-385 -167 -390
344 139 302 239 246 86 280 379
339 344 185 379 380
371 227 229 199 74 333
-354 -78
89 35 345 315
-354 -236 -244 -153
-109 -253 -404 -279
304 57 274 47
-139 -86 -280 -344
-274 -26 -84
68 222 78
257 129 193 295 28
-362 -98 -283
403 227 371 229 199 333
-276 -232
385 243 148 390 167 189
147 292 404 279 253 366
321 65 322 353 126
377 394 219
403 199 74 333 318
-193 -28
13 -341
321 340 229 276 232 378
385 390 167 282 189
-240 159
-352 -45 -253
-282 -285 -196 -340
-311 -399 -39
242 36 5 8 73
245 206 213 326
396 -367
321 65 322 353 100 89
98 406 231
-35 -219 -137
-391 -236 -205 -112
98 163 402 231
307 151 218 332
281 -171
33 306 275 244 293 322 205
-324 394 219
178 389 150 58 283 92
57 26 50
2 276 341 184 345
-159 -95
73 36 68
-301 375
16 243 148 167 282 189
96 187 207
-234 -144
