-61 -36
67 -79
-115 -21
95 7
72 28 30
16 99 102 22 106
65 18 116 37 108
64 1 98 54
73 -103
-75 -8 -74
-15 60
104 101 38
50 11 79
-105 -74
-16 -56 -17
-36 -60
85 86 87 9
52 61 6
-74 -65 -116
-48 -20 -4
-112 -57
64 1 54
40 99 102
-102 -94
-74 -37 -108
52 61 7
39 -72
81 -97
-41 -113 -88
77 -56
-30 -32
-74 -18 -108
-86 -9 -87
19 37 101
31 -43
-30 -11 -28
52 6 7
45 4 20 84
-106 -40
-94 -72 -32
16 99 102 22 40
31 -87
99 102 22 40 106
90 -36
18 116 37 105 74
4 45
-21 -41
34 -93
115 95 21 41
-83 84 48
18 116 37 74 108
-28 -25 -70 -115
80 -85
40 102 22
8 74 75
-74 -18 -37 -108
-99 -100
-74 -116
-76 37 116
65 18 116 37 105 108
40 50
66 -71
-33 19 101
-114 -44
97 70 25 13
8 105 74 75
-28 -97 -70
64 56 100 54
85 86 87 9 43
17 99 100 56 75
64 98 100 54 56
64 1 100 54
-90 36
64 98 54
-94 -30
101
-38 -116 -101
-55 -93 -85
82 -40
-94 -30 -32
25 28 70 97
44 -95
-29 -18 -112
40 106 99 22
-1 -100 -64
52 95 7
85 55 88 57 9
71 11 28 30
115 71 25 28 13
-113 -86
-46 45 4
-51 69 27
55 88 9 93 57
97 70 71 28 13
48 20 4 84 45
112 65 18 29
97 71 25 28
48 64 84 21
85 55 57 93 9
52 61 95
-74 -116 -108
97 115 70 71 28 13
91 -105
-72 -30
-108 -36 -60
76 -37
104 116 38
-74 -18
-80 85 9
97 115 25 28 13
-97 -25
25 7
-23 -103
64 1 98 100 54
25 28 13 70
8 17 105
40 106 102
105 74 75 17
112 57 93
-79 -70
97 115 70 25 28
4 87
48 64 84
-35 -112
52 7
-32 -29
23 54 103
-48 -20 -45
-67 79
-55 -93 -9
19 101
113 20 86
-82 106 40
76 -116
81 -25
30 72 10 94
-105 -116 -108
19 116 38
5 -115
65 18 116 37 105 74
55 88 57 9
65 18 37 105 108
-75 -74
-4 -87
25 69 7
-92 41
-91 -14
-16 -100 -75
98 84 21
-74 -18 -116 -108
116 37 105 74 108
-68 -73
97 115 25 28
11 28 71
25 52 97
25 97
-98 -64
102 22 40 106
-107 -96
-48 -4
48 20 84 4
32 30 72 94
97 69 25
16 99 100 56 75
-102 -40 -99
-56 -100
97 70 25 28 13
-18 -116 -108
73 -23
18 116 105 74 108
89 -35
104 19 38
-86 -9 -43
88 85 93
-6 -61
-99 -56 -17
-74 -65 -116 -108
80 -9
113 41 55
68 -50
97 115 70 25 13
97 27 69
91 -74
55 57 93 9
48 45 84 20
-99 -100 -17
112 65 18 35 29
-16 -75
97 115 70 25
-28 -70 -115
-77 56 100
-56 -75
-88 -57 -85
-65 -112
64 1 98 100
57 85 9 55
-18 -116
-57 -9
-95 -21
27 52 69
-99 -56
-23 -27
48 84 21
-111 -81
32 30 72 10 94
8 17 74 75
-17 -75
-30 -11 -71
-105 -18 -116 -108
-115 -21 -41
-86 -85 -43
65 37 105 108
115 71 25 28
-78 20
48 84 20
-16 -56 -75
-29 -18
-29 -112
108 36 60
-65 -18
17 74 75
-16 -100 -17
48 98 84 21
42 -88
-27 -25 -7
-69 -27
-71 -28
25 28 70 71
-85 -9
72 11 28 71
-25 -70 -115
-54 -100 -98
-18 -35
48 64 98 84 21
37 116 101
38 70 13 79
111 -32
72 28 30 71
-99 -17
116 38
-39 72 30
-16 -99
-73 23 103
-35 -57
39 -30
65 18 116 37 105 74 108
97 52 7
16 99 40 106
85 88 57 93
97 27 7
-99 -100 -75
-107 16 99
-34 93 57
38 70 104 13 79
63 -75
-50 -11 -79
-102 -40 -16
-28 -25 -115
112 65 18 35
-43 -87
-108 -60
-85 -87
-84 -48
43 45
114 -29
-113 -20 -86
48 84 4
-1 -54
61 6 7
-103 -27
51 -69
102 22
45 84 20
85 88 9 93
-18 -112
1 98 100 54
-30 -28
97 115 70 71 25
110 -61
56 98 100 54
-18 -37 -108
-14 21
85 55 88 57 93
-115 -95 -41
85 55 88 57 93 9
16 99 102 22 40 106
16 102 22 40 106
55 88 57 93
88 41 113 55
40 16 99 22
53 -108
72 11 28 30
12 -7
16 102 22 40
115 70 25 13
25 27 7
-71 -25 -70 -115
64 98 48 84
-22 -102
88 113 55
-103 -1
72 11 30 71
48 64 21
-32 -8 -29
112 57 35
-62 65 18
-103 -69
97 115 70 71 25 13
59 -94
83 -84
65 18 116 105 74 108
-113 -55
-64 -21 -84
-37 -116
58 -102
51 -27
-74 -65 -37
-66 71 28
-3 8
32 8 29
8 105 74 17
97 52 69
-115 -95 -21 -41
-9 -43
-41 -55
46 -45
99 102 22
38 70 104 13
-79 -13 -104
58 -22
-55 -57 -9
18 116 37 105 74 108
-44 95
-71 -97 -70 -115
-28 -25 -13
34 -57
102 94
-107 -73
64 98 56 54
33 -101
-65 -116 -108
14 -21
-11 -79
-45 -4
115 70 25 28 13
-22 -40 -99
-68 50
-53 108
64 98 100
-105 -18 -108
59 -10
-70 -38
65 116 37 105 108
85 55 88 9
27 69
-28 -25 -70
-50 -11
-88 -57 -9
97 115 70 25 28 13
48 20 4 45
-86 -9
-74 -18 -116
-33 -78
115 70 71 28 13
45 4 20
-95 -41
-64 -21 -48
-105 -18 -116
107 -16
64 1 98 54 56
-114 29
-29 -18 -35
115 70 28 13
-79 -13 -38
-112 -93
42 -55
-113 -20
16 99 102 40 106
83 -48
33 -19
-88 -55
64 1 56 54
104 38
-42 88 55
43 87
-71 -25 -13 -115
104 19 37
16 102 40 106
16 17 99 100 56 75
65 37 105 74 108
-24 1 54
56 100 54
85 88 57 93 9
36 61
-115 -95 -21
-103 -54
61 7
-13 -70
97 115 71 25 28
-12 52 7
-2 113
104 37 38
106 99 102 22
-95 -21 -41
-108 -36
-98 -21 -48
-109 -14
6 95 7
-86 -85 -87
-59 -73
24 -1
10 94
101 38
-100 -17
49 -13
-52 -7
61 6 95
-79 -70 -38
116 101
64 1 100 54 56
19 116 101
104 116 37
89 -112
-50 -79
8 17 75 105
97 71 25 28 13
97 70 71 25 28 13
-93 -57
15 -60
97 115 70 28 13
92 -41
-105 -18 -37 -108
109 -104
11 28 30
16 99 102 106
-55 -57
-96 11
-42 -90
48 98 64 21
25 27 52
40 106 99
25 27 97
64 56 100
99 102 40 106
40 16 99
97 115 70 71 28
8 105 74
97 115 71 25 28 13
-91 105 74
112 18 35 29
16 99 102
105 74 75
-74 -65 -37 -108
26 -98
65 18 37 105 74 108
-10 -30 -32
-74 -65 -108
27 7
27 69 103
61 95
-67 -77
72 11 30
85 57 93 9
-32 -8
115 70 71 25 28 13
85 87 9 43
-8 -29
104 19 101
116 37 38
-19 -101
66 -28
40 16 99 102
82 -106
65 18 116 37 74 108
86 87 9 43
64 98 21
1 54 103
1 98 100 54 56
97 70 71 25 28
28 30 71
115 70 71 28
109 -38
16 99 22 40 106
-54 -56 -64
-28 -97 -13 -115
-81 97 25
3 -8
99 102 22 40
96 -11
-92 -62
38 70 104 79
27 52 7
-89 -90
-64 -48
-54 -100 -64
48 4 45
25 27
-105 -18 -37
65 18 105 74 108
88 41 55
-94 -32
63 -17
8 17 75
65 116 37 105 74 108
-5 -3
115 70 71 25 13
2 -113
-7 -95 -61
77 -100
16 99 102 22
-100 -75
-105 -65 -116
64 1 98 100 54 56
-84 -20 -4
70 71 25 28 13
-99 -75
-86 -87
-63 17 75
64 98 100 54
19 116 37
64 1 56 100
-72 -11 -28
116 101 38
-99 -56 -75
85 55 88 9 93
-13 -38
-10 -72 -32
-10 -94
-102 -106 -99
-94 -72
-53 -2
64 1 98 100 56
65 18 116 105 74
27 69 7
-59 10 94
37 101 38
52 69 7
-17 -8 -74
-88 -93 -9
115 70 25 28
10 22
-41 -113 -55
62 -65
-110 6 61
62 -18
64 98 56 100
-49 13 70
-55 -9
24 -54
-28 -25 -13 -115
-70 -104
-109 104 38
12 -52
7 61 95
26 -64
-71 -25 -70
64 100 54
-23 -54
46 -4
19 101 38
115 70 71 25 28
65 18 116 74 108
16 17 99 100 75
-105 -65 -37 -108
17 8 105 74 75
97 25 7
70 71 28 13
1 100 54
97 115 70 71 25 28
65 18 116 37 74
107 -99
61 6
-10 -30
78 -20
-26 98 64
97 115 70 71 25 28 13
40 106
71 72 11 28 30
-105 -65 -116 -108
32 30 10 94
-55 -57 -85
48 4 45 84
-58 22 102
110 -6
-115 -41
25 52 7
27 23 103
-104 -38
-29 -65 -112
-28 -97 -70 -115
-31 43 87
-111 32
72 11 71
-20 -86
104 116 101
60
85 55 88 93
-5 115
48 98 64
97 70 71 25 13
-16 -100
-79 -38
-9 -87
-75 -8 -105
-79 -70 -104
-63 -49
25 27 69
-74 -18 -37
116 37
-115 -95
-40 -50
-89 35 112
-47 -15
47 -86
49 -70
1 100 54 56
-29 -65 -35
-47 86
64 98 84 21
48 4 20
