23 26 29 14
-35 -2
8 35 31
29 14 23
3 23 26 29 14
-10 -34
6 -7
35 12 31
-20 -21
24 -35
18 11
2 35
-35 -11 -31
26 3 29 7
26 3 21
11 31
8 18 31
-13 -5
11 35 12
29 15
22 -3
16 -37
8 18 12
-6 7 29
23 7 26 29
19 -13
-14 -3 -29
18 35 12
-12 -35
11 14 23
32 -15
-11 -14
35 12
33 -14
-9 2
18 35 31
3 7 23 26 29 14
3 23 7 29 14
27 -34
19 -20
26 5 21
26 3 29 14
-2 -37
-14 -26 -29
18 11 12
13
-21 -3
3 23 7 26 29
-1 8 31
25 15
-7 -29
32 -25
17 -21
3 23 26 29
-27 10 34
-17 5 21
15
31
17 -5
-13 -21
26 29 7
26 3 29
3 29 14 23
-5 -21
-18 -11
-9 -19
21 20 13
7 29 14 23
-23 -14
26 3 14 23
-3 -26
30 -18
35 31
26 7 14 23
3 7 23 26 14
26 29 14
8 11 31
34
26 14 23
-24 12 35
30 -11
36 -28
35 11 31
3 7 26 29 14
-19 20 13
27 -10
8 35 11
6 -29
-29 -15
33 -23
18 11 14
37
-20 -13
36 -4
25 7
-32 25 15
-25 -15
1 -31
35 18 11
26 3 14
2 37
7 23 26 29 14
-21 -26
-11 -23
7 26 29 14
21 5 13
-1 -17
35 11
24 -12
-4 -28
9 -2
8 35 12
-23 -26 -29
22 -26
-16 37
18 11 31
-14 -26 -7
29 14 7
-33 23 14
8 18 11
-8 -31
-18 -14
8 31
-5 -26
11 12 31
-22 3 26
29 7
8 12 31
28
-30 18 11
3 29 14 7
1 -8
3 7 26 14
-36 4 28
