20 95
65 67 85 27 28 63
-77 -114
65 57 27 25 111
34 38 119 121
81 44 119
32 97 33 89 75
-30 -25 -114
34 38 119 44
-10 -7 -103
80 39 55 14
-59 -73
120 121 44 119
61 -74
41 70 3
32 83 67 106 74
34 38 119 120 121
12 -96
8 67 28 30
10 82 7
8 83
16 33 17 70 75 92 63
-22 -96
32 89 74 75 44
65 25 27 110 111
97 14 55
32 67 106 8 74 28 30
32 83 67 8 28 30
16 113 38 121
-9 -51
-92 -70 -75 -63
-17 -85 -28
-17 -1 -28 -65
-36 -93 -77
-64 78 36
32 97 33 74 75 44
-7 -22 -96
16 33 70 75
89 34 44 119
65 57 27 110 111
-50 47 10
32 67 83 8 74 30
121 44 38
112 -4
1 65 67 27 28 63
68 -34
-53 26 73
81 34 38 89 44
32 97 33 74 44
-90 -57
86 -103
16 17 70 75 63
-3 -85 -90
32 97 44 14
65 27 110
16 33 70 75 92
121 51 113
80 100 39 55
26 23 103
-42 113
32 97 33 89 44 14
-32 -28 -8 -30
32 97 33 74 75 14
118 -120
-33 -97 -32
-71 -6 -79
104 -89
34 38 120 121 44
64 -36
-87 -9 -4
89 81 34 38 119 120 121
32 83 8 74
27 110 111
49 -17
67 83 106 28 30
81 121 38 119 120 89
17 67 27 28 63
32 67 74 8 106 30
2 51 4 87 58
121 34 89 44
-47 -7 -59
81 34 38 120 121
-71 -6
-63 -28 -27
-73 -71
-9 -62
16 121 4 38
107
16 121
34 119 9 58 62
103 10 59 47
97 89 74 75 44 14
32 97 33 89 74 75
37 -97
-32 -8 -30
67 83 8 106 28
10 59 103
116 93 6 77
-38 -121
120 81 121 119
81 34 119 89
120 81 44 38
67 83 8 28
-7 -102
-102 -11
84 -71
32 67 106 74 28
-59 -26 -23
81 34 38 119 44
32 67 83 106 74 28
-36 -77
16 33 75 92
1 3 85 90 31
121 51 4 38
32 97 33 89 74 75 44 14
33 89 74 75 14
-36 -93
83 106 8 74 30
-11 -96
16 113 4 121
-44 -33 -97 -32
109 -16
-63 -1 -67 -65
40 116 77
57 90 111
97 14 39
81 34 38 121 44
120 81 121
33 17 70 92 63
59 23 103
65 25 27 110 57
16 121 4
10 47 87
34 119 58 108 62
-99 -35
89 81 38 121
80 97 39 55 14
32 97 74 44 14
1 17 67 27 28 63
32 83 67 74 28
8 55
51 4 38 92
-77 -40
-7 -22 -11
-7 -102 -96
82 10 59 47
-44 -33 -14 -74
-96 -73 -24
83 67 8 74 28 30
-36 -6 -116
32 83 67 106 8 74 28
33 70 75 92 63
1 17 67 65 27 28 63
-24 -93 -79
106 8 74 28 30
32 97 33 89 44
121 34 120 89 44
-96 -73 -71
83 67 106 8 74 28 30
15 -33
-41 -70
49 -63
89 34 38 119 120 121
78 107 36 102
32 83 8 74 28 30
83 8 74 28 30
32 67 8 28
67 8 74 28 30
80 100 39 55 14
-16 -75 -63
-13 106 30
-31 -111
32 83 106 28 30
-78 -6 -77
8 106 28 30
32 67 8 74 28 30
-65 -27
16 92
30 25 106 110
21 -90
82 7 103 59 47
121 38 113
81 34 119 121
59 103 7
89 44 121 119
-86 103 59
17 1 65 85 27 28 63
113 51 92
81 121 119 120 89
65 27 111
60 -2
65 25 110 111
-49 17 63
80 97 100 55
-14 -97
86 -59
-82 -22 -96
32 67 106 28 30
-91 57 111
117 -40
81 121 119 89
89 34 119 120 121
65 17 67 85 27 28
-107 -102 -36
81 34 38 119 120 121
-26 -73
-72 -46
81 34 38 119 121 44
-32 -28 -83 -30
89 38 119 120 121 44
88 -3
116 36 6 77 78
80 97 39 55
-74 -28 -8 -30
38 119 120 89 44
-82 -96
16 121 51 4
45 -108
81 34 119
-58 -62
-116 -40
53 -73
1 67 85 28 63
1 65 67 85 27 28 63
105 -83
32 33 74 75 44 14
25 57 27 110
91 -57
-89 -44
-16 -70 -33 -17
89 81 34 119 120 121 44
10 47 7
36 102 22 107 78
-63 -85 -67 -27
113 51 38
-76 6 93
97 39 55
83 67 106 8 74 30
-62 -20
2 51 87 9 58
80 97 39
32 67 83 8 106 28
-63 -1 -28
32 97 33 89 74 44
32 33 89 75 44
1 90 3 85
-62 -119
60 -87
-41 -3
121 92 38
16 51 92
81 34 120 121 44
81 34 89 44
53 -26
32 97 14 33
-92 -16
32 33 89 44 14
32 97 89 74 44 14
65 25 57 110 111
-9 -58
54 -107
16 4 92
113 51 92 38
16 17 70 75 92 63
83 67 8 74 28
81 34 121 44
-2 -9 -4
-107 -22 -36
-71 -79
-18 -66
-88 -53
96 82 102 7 11
32 67 106 8 74 28
-63 -1 -27
65 17 85 27 28 63
32 67 83 106 8 74 30
114 40 106 30
114 30 25 106 110
32 97 89 75 44
-5 38 121
82 59 7
96 7 22 102 11
16 33 17 92 63
-47 -10
99 -41
83 67 8 28 30
32 89 74 75 44 14
32 83 67 106 8 74
36 102 22
89 34 38 120 121 44
89 81 34 38 119 121
65 25 27 111
-87 -4
32 97 89 74 75 44
-17 -28 -27
-17 -85 -28 -65
-9 -62 -119
32 97 74 75 14
-44 -33 -32
13 -106
23 98
6 71 93 79
80 97 100 39 55 14
121 34 119
73 59 103 23
-21 -46
116 93 6 77 78
-3 -85 -31
96 71 73 26 11
-30 -25 -40
-11 -73
-70 -33 -63
82 103 10 59 47
89 81 34 120 121
89 81 38 120 121
97 89 74 44 14
97 100 39 55
67 83 106 74 28
25 27 110
108 95
73 26 59 103
32 83 8 30
-73 -24
39
96 71 24 73 26
-93 -77
46 -98
-24 -93
89 81 34 38 121 44
96 71 24 73 26 11
-79 -98
32 83 8 28
-100 -55
38 119 89 44
65 57 27 111
10 82 59 7
78 77 93 36
81 34 119 120 89
23 73 26 59
89 81 44 38
51 4 92
89 121 44 38
90 3 85
73 59 103
32 83 67 106 74 30
-11 -73 -24
43 -9
89 81 44
-87 -58 -51
116 93 36 6 77
17 65 67 1 85 27 28
79 98
-120 -81
16 33 70 92
32 97 33 44
-87 -51
-63 -85 -27
-2 -58
81 121 119 89 44
57 27 111
81 119 120 44
16 121 51 38
34 38 119 120 121 44
114 40 25 106 110
-34 -119
-41 -70 -3
-104 -66
16 33 92 63
120 81 89 119
96 82 7 22 102 11
16 113 4 92
73 59 23
1 65 17 85 27 28
-44 -33 -97 -74
-96 -26
-78 -93 -77
89 74 75 14
18 -80
-87 -9 -51
38 119 120 121 44
33 97 75 44
-10 -82 -59
32 67 8 28 30
97 33 89 74 75 44
-19 23
29 -25
32 33 74 75 44
-32 -28 -8
-69 70
16 113 38
10 59 103 7
97 100 55 14
16 92 38
-82 -102 -96
-2 -58 -51
32 97 33 89 75 44
32 83 67 8 74
59 103 47 7
-67 -28
10 59 47
83 8 28 30
73 26 59
18 -39
33 97 74 75 44 14
-63 -28 -65
68 -119
89 81 34 38 120 121 44
83 106 8 74 28 30
-58 -62 -119
32 8 28 30
36 22 107 78
32 67 8 74 28
-96 -26 -24
-110 -40
-37 14 97
32 33 89 44
-11 -26 -71
32 67 28 30
-106 -30
89 119 120 121 44
33 97 89 44
82 59 47 7
66 -102
-63 -85 -28 -65
-16 -33 -63
-114 -40
82 7 103 10 59
32 8 106 30
-32 -28 -8 -106
81 38 120 121
83 67 106 74
1 65 85 27 63
-30 -40
-52 95 20
-61 74 32
17 67 85 27 28 63
81 34 120 89 44
65 67 85 27 28
-16 -33 -17
16 4 38 92
33 97 75 44 14
32 83 67 8 30
114 30 40 25 110
81 34 38 120 44
103 23 73 26
83 8 106 28 30
-44 -75 -14 -32
81 38 119 120 89
-22 -102
16 33 17 75 92
105 -8
-108 -119
121 113
-16 -70 -33
32 83 8 74 30
5 -121
101 -77
61 -32
32 97 75 44 14
121 34 81 89 44
97 100 55
-89 -33 -97 -74
112 -51
117 -114
10 2 87
32 97 74 14
32 97 33 74 14
34 119 120 121
16 51
89 81 34 119 121 44
-113 -41
-87 -9
81 34 121 119 89
-107 -102 -78
-44 -97 -32
-71 -93
81
32 97 33 75 14
-23 -98
33 97 89 75 44
16 113 51 38
16 121 4 92
103 23 26 59
83 67 106 8 74 28
114 40 25 106 30
65 57 110 111
67 106 74 28 30
-7 -96
101 -116
116 36 77 78
120 34 44 119
116 6 77 78
89 81 38 121 44
16 17 75 92 63
-87 -10
16 33 17 70 75
-3 -1 -90
-27 -111 -25
81 121 44 119
-102 -96
17 1 85 27 28 63
16 17 92 63
16 70 75 92 63
81 34 121 38 119 120 89 44
-27 -57 -110
-94 67 28
89 81 34 38 119 121 44
-89 -33 -14 -32
89 81 44 120
32 97 33 89 74 44 14
90 3 85 31
-2 -51
97 33 89 74 75 44 14
33 97 89 75 44 14
1 65 85 27 28
-99 41
97 39 55 14
-9 -62 -34
81 34 38 119 120 44
-51 -113 -121 -16
-21 31 90
121 44 119
16 121 51
65 1 67 85 27 28
96 82 7 22 102
81 38 119 120 121
81 34 119 120 121
32 97 89 75 44 14
83 67 106 8 74
32 83 74 106 28 30
-96 -73
-96 -26 -71
16 33 17 70 75 63
119 120 89 44
-96 -24
-24 -6 -79
32 97 89 74 75 14
-95 -20
33 97 89 44 14
32 8 74 28 30
32 83 8 28 30
32 67 83 106 74 28 30
-58 -34
115 -79
52 -20
81 121 38 119 89
32 33 74 75
-36 -6 -77
81 119 120 121 44
-16 -70 -33 -63
-9 -108 -34
34 119 9 58 108 62
16 33 17 70 75 92
89 38 119 120 121
16 33 75 63
81 34 38 119 120 89
32 97 33 74 75
17 1 67 85 27 28 63
1 17 65 27 28 63
-119 -121 -120 -44
121 38 119 89
78 107 102 22
16 33 17 63
80 55 39
-80 -97 -55
89 34 38 119 121
81 34 38 119 89
33 89 75 44
89 120 121 44
17 1 67 85 28 63
-48 -76
81 34 38 119 89 44
65 17 67 27 28 63
32 67 8 106 28
-106 -110 -40
-68 34 119
-2 -10
67 83 106 74 28 30
16 33 17 75 92 63
114 40 25 106
32 97 33 89 75 14
97 33 89 74 44
90 3 31
-87 -58
89 81 38 119 121 44
56 -1
82 59 103 7
81 38 119 120
118 -81
34 38 119 120 89 44
16 113 51 92
-85 -90
57 110 27 25 111
32 83 8 106 30
-82 -22 -11
34 38 119 121 44
32 83 8 106 28 30
65 67 27 28 63
-17 -85 -67 -65
35 -82
121 34 119 89 44
33 17 70 75 92 63
89 81 38 120 121 44
65 1 85 27 28 63
78 107 22
114 25 106 110
-119 -38 -81 -44
32 97 33 74 44 14
33 97 89 75 14
100 55
-18 80 39
81 38 119 120 44
-75 -33
-78 -93 -116
107 102 22
20
-36 -93 -116
121 51 92 38
80 97 100 39 55
89 121 44
29 -110
107 36 102 22
36 93 6 77
-32 -67 -8 -30
-105 83 8
81 34 38 119
89 38 119 121 44
16 51 92 38
81 38 119 89 44
120 81 121 89
32 67 83 8 28
32 97 89 74 44
121 4 113
81 34 38 120 121 44
24 93 6 71
65 17 67 85 27 28 63
-11 -26 -24
-92 -33 -63
71 24 93 79
32 74 106 28 30
-57 -111
97 100 14 39
-17 -85 -28 -27
-32 -28 -83 -106
80 97 14 39
34 119 120 121 44
114 30 40 25 106 110
64 -78
32 83 106 8 74 28
20 62
81 38 120 121 44
81 34 120 44
-39 -14 -55
-88 3
32 8 74 28
114 40 25 110
-87 -58 -4
107 36 102
-54 107
32 67 8 74 30
-31 -90
-104 89 44
76 -93
121 51 4
34 38 121 44
120 81 119
32 33 74 44 14
-80 -39
32 89 74 75 14
-26 -71
80 97 14 55
33 17 75 63
32 33 89 75 44 14
17 1 67 85 27 63
32 97 33 89 74
32 97 74 75 44
16 121 51 92
-44 -75 -97 -74
-11 -71
-61 -76
-89 -75 -97 -32
42 -113
16 113 51
16 121 51 113
17 65 27 28 63
32 74 8 106 30
32 74 28 30
-48 100 55
32 67 83 8 106 30
73 26 23
83 100
-9 -119
-44 -75 -97 -32
-1 -85
32 33 89 74 75 14
17 65 67 85 28 63
-7 -22
-7 -102 -11
32 67 74 28 30
37 -14
-39 -97 -100
114 25 106 30
-27 -111 -110
-32 -67 -83 -30
83 67 8 106 28 30
89 81 44 121
83 67 106 74 30
116 6 93 78
-49 -84
108 62
32 97 33 89 74 14
32 97 89 44
1 3 85 31
81 34 44 119
32 33 75 44 14
34 119 120 89 44
17 1 85 28 63
-32 -67 -8 -106
40 25 110 30
80 97 100 39
16 33 17 75 63
-84 24 71
113 41
81 34 119 120 89 44
65 25 57 27 110 111
32 97 74 33
-119 -121 -81 -44
-63 -85 -67 -65
1 67 85 27 28
1 17 67 85 27 28
57 27 110 111
-24 -71
121 4 113 92
121 51 4 92
32 89 74 44 14
57 110 111
-17 -85 -67 -27
96 71 24 73 11
5 -38
121 4 38 113
10 103 47 7
-74 -32
32 33 89 74 44 14
52 -95
-16 -70 -75 -17
48 -55
84 -24
50 -47
116 93 36 77 78
-55 -8
30 40 106 110
89 81 34 119 120 121
33 97 74 75 44
-2 -58 -4
-70 -3
16 113
32 97 89 74 14
116 78 6
32 83 106 8 74 28 30
65 27 110 111
17 1 65 67 85 28 63
32 33 74 75 14
-109 92 16
81 121 119
121 51 4 113
-17 -1 -67 -27
-63 -1 -28 -27
-44 -33 -14 -32
81 34 38 120 89 44
89 34 119 120 121 44
32 33 74 44
-34 -121 -81 -44
81 121 120 89 44
121 38
-30 -110
113 51 4 38
90 85 31
-74 -28 -83 -30
-39 -97 -55
-109 -66
32 83 8 74 28
25 106 114
-117 114 40
-82 -7
81 119 120 89 44
89 121 34 119
81 34 119 120 121 44
-72 65 27
-58 -51
120 81 44
-2 -87
-46 98
16 51 38
16 33 70 75 92 63
-92 -70 -33 -17
104 -44
121 51 92
-90 -111
89 34 38 119 120 121 44
81 34 38 119 120
25 110 111
-2 -9 -51
113 51 4
-60 2 87
103 23 73 26 59
45 -62
97 89 44 14
89 44 119
81 34 38 119 121
32 33 89 74 75 44 14
114 30 40 106 110
-101 116 77
-56 1 85
32 67 74 28
16 51 4 38
32 106 28 30
33 89 75 44 14
19 -23
81 38 120 89 44
109 -92
25 27 110 111
17 65 85 27 63
116 36 6 78
91 -111
-102 -36
1 90 85 31
89 81 34 38 121
121 92 113
-82 -102 -11
12 -11
-29 25 110
72 -65
120 81 44 121
32 97 33 89 74 75 44
32 83 67 8 106 28 30
32 83 74 28 30
89 81 34 120 121 44
-103 -59
16 113 92 38
32 97 75 33
65 27 110 57
81 34 119 120
33 70 75 63
-16 -70 -75 -63
-30 -110 -40
-17 -63
120 121 38 119
32 106 8 74 28
1 90 85
72 -27
16 33 70 63
-4 -51
-45 108 62
-63 -67 -27
83 67 8 106 30
-83 -8
103 7 10 59 47
16 33 17 70 63
32 67 8 106 28 30
56 -85
17 1 85 27 63
16 70 92 63
32 97 89 44 14
-25 -110
-93 -79
-96 -71
121 38 119
81 44 38 121
67 106 28 30
-12 11 96
121 51
10 103 82 7
97 100 39 55 14
32 8 74 30
16 121 92 113
121 51 38
10 82 47 7
32 67 74 106 30
-108 -62
57 110 25 111
-10 -7 -59
121 4 38 92
-89 -33 -97 -32
13 -30
2 51 4 87 9 58
81 34 38 119 120 121 44
-58 -4
32 83 8 106 28
-58 -108 -119
81 44 38 119
67 85 27 28 63
16 51 4
15 -75
81 119 89 44
16 121 92 38
116 93 36 77
-44 -33 -97
6 71 24 93 79
-30 -110 -114
69 -70
89 34 38 119 121 44
35 -7
32 83 106 8 74
32 67 74 106 28 30
89 34 38 121 44
116 36 6 93 78
-58 -119
16 33 17 70 92 63
32 97 33 89 14
17 1 65 85 28 63
-106 -25 -40
33 17 70 63
-62 -34
17 65 67 85 27 63
-115 -94
-85 -28 -65
-103 -73 -23
40 114 110 30
97 89 75 44 14
-82 -102
-78 -36
66 -22
121 34 44 119
32 33 89 74 75 44
17 1 65 85 27 63
30 40 25 106 110
32 67 83 8 74 28 30
1 65 67 85 27 63
32 106 8 74 28 30
32 97 33 75 44
16 121 92
16 113 92
10 59 7
-63 -85 -28
32 67 8 106 30
1 85 27 28 63
-63 -1 -28 -65
-116 -77
-74 -28 -8 -106
121 51 38 113
-87 -47
32 83 67 8 74 28
89 74 75 44 14
83 8 106 30
33 97 74 44 14
32 83 74 8 106 30
16 113 51 4
-11 -73 -71
89 81 34 38 120 121
121 4 38
-9 -108 -119
81 38 119 121
34 38 119 120 44
32 97 33 44 14
-17 -1 -28 -27
107 36 78
16 113 4
113 51 4 92
-58 -108 -34
100 55 39
-112 4 51
82 7 103 10 47
32 97 74 44
100 39 55 14
36 6 93 78
16 33 70 75 63
97 89 74 75 14
36 102 22 78
33 89 74 75 44 14
-63 -85 -65
78 36 102
-115 79
81 34 38 121
34 38 119 89 44
-17 -85 -27
32 83 106 74 30
94 -28
34 44 119
-15 75 33
89 81 119 120 121 44
36 93 6 77 78
17 85 27 28 63
119 9 58 108 62
89 81 38 119 120 121 44
113 51
32 33 89 74 75
32 97 33 89 75 44 14
38 119 121 44
51 4 38
94 -67
33 97 44 14
33 17 75 92 63
1 3 90 31
120 121 44 38
32 89 74 44
1 67 85 27 28 63
-12 -69
-35 82 7
-16 -70 -63
32 97 33 89 74 75 14
-65 -111 -110
81 38 119 121 44
32 97 74 75 44 14
81 34 119 121 44
1 65 67 85 28 63
40 114 77
51 4
82 103 7 10 59 47
48 -100
-85 -67 -27
90 31 111
16 113 121
-63 -1 -67 -27
-63 -85 -28 -27
-7 -11
32 67 83 106 28 30
32 83 67 74 28 30
17 1 67 65 85 27 28 63
67 8 106 28 30
65 85 27 28 63
-58 -62 -34
-92 -70 -33 -63
81 121 44
1 3 85
32 8 106 28 30
-43 9 58
33 97 74 75 14
16 17 70 63
17 1 65 67 85 27 63
-119 -121 -81 -89
-28 -8 -30
-118 120 81
43 -58
81 38 119 120 89 44
16 33 17 70 92
65 25 27 110
80 97 100 39 14
32 74 106 30
33 97 75 14
-59 -73 -23
7 10 59 47
32 97 89 74 75 44 14
50 -10
10 59 82 103
33 89 74 75 44
-71 -93 -79
81 34 119 89 44
16 33 75 92 63
89 38 120 121 44
16 51 4 92
67 106 8 74 28 30
38 121 92 113
82 7 10 59 47
97 33 89 74 44 14
1 3 31
32 33 89 74 44
36 77 6 116 93 78
32 83 67 28 30
-6 -93
-58 -108
32 97 33 75 44 14
33 17 70 75 63
-85 -28 -27
21 -31
32 33 75 44
57 27 25 111
-63 -85 -67
81 34 120 121
51 4 87 9 58
16 33 70 92 63
17 67 85 28 63
-74 -67 -8 -30
80 97 100 55 14
32 97 33 74 75 44 14
-66 22 102
-106 -110 -114
81 38 119 120 121 44
16 17 70 92 63
76 -6
-32 -28 -30
121 51 92 113
16 113 4 38
97 33 89 74 75 14
81 34 38 119 120 89 44
32 67 83 106 8 74 28 30
16 121 38
81 34 119 120 44
38 81 121
-1 -28 -27
