-69 -187 -181 -81
195 -139
160 133 134 232 42 125
70 -55
-156 37 191
53 54 37 186 188 191
160 134 55 232
160 67 20 232 126
-119 -204 -5
161 148 12 206
96 48 128 224 168
130 114 196 69 202 11 142
-67 -160 -126
140 226 39 153 220
234 68 142
-133 -42 -232 -134
-31 110
-67 -232 -206
123 28 207
96 224 208 24 169 74
-36 -136 -5
130 114 234 11 142
24 129
81 69 97 86
-182 -92 -9
24 129 97
226 205 191
112 -209
192 226 135 140
-99 -147
-151 204 136
-182 -14 -9
130 114 196 69 202 234
43 -5
37 54 186 188 191
-204 -106
133 183 201 109 223
-112 209 75
97 187 69 86
-11 -130 -234 -69
32 64 215 139 223
36 5 119 136 106
192 140 226 135 153 220
228 102 103 230 207
226 220 140
-18 -108
32 64 215 170 139 223
42 125 54
-136 -65
192 55 39 138 222
81 202 181 154
192 148 134 55 12 222
202 187 69
-201 -42 -160 -134
-1 138 222
-100 -18
-64 -139 -32
-44 -197
-96 -129 -74
208 129 224 24 169 74
114 130 196 69 234 11
200 -39
32 215 170 139 223
208 179 40 74 75
-121 -111
192 220 39 135 153 140
197 30 44 222
97 202 86 154
97 154 187 181
97 187 163
97 202 69 86
91 -59
160 67 199 126 206
-203 -14
160 133 134 55 232 125
-79 -197 -150
-96 -8 -24 -208
122 -109
81 66 217 49
96 48 128 168
81 154 69 97
98 181
-132 228 102
197 30 138 222
-32 -79 -197 -150
97 187 181
192 148 55 134 39 138 222
-70 134 55
-199 -160 -126 -56
117 -160
-215 -223 -170
130 163 235
192 153 220 39
27 -137
-153 -137
160 232 42 125
202 187 69 86
134 55 42 125
-134 -192 -148 -222
97 235 187
160 133 232 201 42
-61 -87
81 202 181
114 196 69 202 234 11 142
130 114 69 202 11 142
-96 -169 -129 -74
24 129 235
-159 -230 -11
148 59 12 206
-74 -40 -209
-146 120
-79 -44
-133 -125 -160 -55
5 229 137 106 141
220 125 54 135
-134 -192 -12
160 232 42 55
-67 -126 -56
208 129 24 169 74
-55 -39 -12 -138
160 133 134 232 42
144 65 193 120 218
225 98 181
160 133 134 232 201 125
-58 -203
81 202 69 181
-203 -209 -92
186 188 37
-229 -79
-170 -214 -197
-32 -44 -150
133 134 55 232 201 125
-32 -79 -197
81 69 181
-134 -39 -12 -138
186 53
-199 -126 -206
48 128 176 224 168
-79 -44 -150
221 -163
-173 -176
81 202 86 154
48 128 176
-102 -204 -193
-218 -121
81 66 49 217 154
-233 -57
32 64 215 170 223
-214 -44 -13
81 69 97 181
-178 -143
198 -145
-170 -214 -44 -13
42 220 125 54
-96 -169 -74
-114 -234 -202
81 202 187 181
-32 -214 -197 -150
130 196 69 234 142
97 154 69 181
-220 -226 -39 -153
-215 -139 -32
185 -203
-94 153
160 67 20 56 232 126 206
128 48 130
192 140 226 39 153 220
130 114 196 69 202 234 11 142
-159 -103 -114
-208 -40 -75
81 154 69 86
209 203 75 92 14
-171 84
-179 -40
-109 -25
-125 -42
-134 -192 -148 -138
220 54 188 125
-32 -214 -44 -13
-119 -106
-54 -125 -220
-65 -120
-208 -40 -209
56 59 12 206
-11 -234 -69
192 140 226 39 220
76 181 174
160 133 134 232 201
192 148 134 39 12 222
81 187 69 181
162 -92
-206 -161 -59
182 9 14 111
-225 -98
166 -3
-72 -207
160 67 199 232 126 206
29 -128
97 154 181 86
-88 76 174
-137 -120
-141 -79 -18
24 235 163
154 187 69
-65 -144
-224 -129 -74
81 49 66 217 154 143
113 -25
-197 -150
-96 -169 -129
148 134 55 138 12 222
-183 -67
-84 -169 -78
96 128 176 224 168
178 190 110
226 39 135 220
-38 97 187
-165 -67
192 55 134 39 12 222
226 140
-26 -194
144 121 218 58
48 130 235
140 226 39 135 153 220
81 217 143
-205 -84
81 49 143
-22 218 144
192 140 39 135 220
140 226 39 135 220
192 220 39
160 133 55 232 201 125
160 133 55 232 42
226 39 135 153 220
-46 -87
-196 -234 -69
130 114 196 69 202 234 142
-202 -69
-227 -72
-67 -126 -206
96 208 8 169 74 24
-182 -14
128 130 196
192 39 134 55 222
192 153 226
-92 -14
210 -32
181 86
160 67 20 56 126 206
177 -86
160 134 232 42 125
130 114 69 202 11
-214 -197 -13
81 187
-39 -12 -222
-200 39 192
-170 -79 -150
18 100 229 214 141 79
105 161 68
-67 -232 -126 -206
235 163
-167 193 65
37 53 186 188
24 97 235
160 133 134 55 201 42 125
192 226 39 135 153 140
-208 -179 -75
160 67 56 126 206
-222 -30
103 230 102 207
128 48 163
96 224 176 168
37 54 188 191
-203 -75 -14
192 55 39 12 222
188 54 135 42 220 125
-210 -27
96 129 224 169 74
66 217 154 143
-7 -40
-210 170 32
-154 -143 -217
65 193 228 102 136
148 39 134 55 138 12 222
-25 -227
-91 -38
160 20 56 126 206
97 202 187 86
-11 -130 -234 -202
-114 -130 -142 -202
97 187 69 181
-55 -12 -222
-55 -192 -148 -138
22 -218
81 181 86
68 174 76
216 -81
96 129 224 24 169
150 7 40 108 13
-224 -169 -24 -208
192 148 134 55 12
-30 -203
-223 -133
81 181 97
130 114 196 69 202 234 11
228 102 103 207
115 -20
114 130 69 202 234 11
130 196 69 202 234 11 142
90 -173
160 42 125 55
-196 -130
-215 -172
-39 -192
64 172 215
97 202 187 154
-81 -143 -66
-3 -173 -36
-134 -39 -148 -222
-114 -196 -234 -69
187 69
192 55 134 39 138 12 222
-221 235 163
-14 -111
8 169 78
81 154 66 143
-199 -232 -20 -206
-152 -126 -105
-212 30
96 224 176
140 226 153 220
-180 186 53
160 133 134 55 232 201 42 125
6 -197
160 67 199 232 206
-224 -8 -24 -74
-233 -151
81 202 154
-109 -25 -199
156 -37
228 230 103 123 207
205 37 191
-94 -151
160 133 134 55 201 42
-114 -196 -234
81 202 69 154
133 55 201 42
-172 -45
-114 -196 -69
-96 -169 -208
167 -193
-84 -169
-139 -109 -133
-224 -169 -129 -74
-15 -87
-61 -80
133 183 201 139 109 223
208 129 8 169 74 24
-32 -79 -13
97 202 69 181
-199 -160 -126 -206
-96 -169 -24
-32 -214 -44
-96 -169 -24 -208
130 114 196 69 234
-199 -160 -126
-219 196 130
211 -135
-32 -197 -150
96 48 128 176 224
-79 -13
-102 -136
36 119 136 106 204
97 187 86
-55 -39 -148 -222
192 148 134 138 12 222
81 187 181
112 -75
-170 -214 -197 -150
-33 7 108
-36 -204 -106
-55 -148 -222
47 -64
213 -229
-144 -121
130 114 196 202 234 11
-133 -125 -160 -134
160 134 232 201 125
81 154 143
-70 -51
48 224 128 168
96 129 208 169 74
-206 -12 -161 -59
-170 -197 -150
-218 -144
-172 -85
24 97 187
-102 -193
-207 -103 -228
-116 49 143
160 133 55 201 42 125
98 76 174
140 226 220 135
192 226 140 39
71 -168
192 153 226 135
-223 -109
160 133 134 55 201
-46 201 133
-170 -44 -150
-24 -129
-210 -155
-160 -126 -206
81 97 154 181
-150 -40
133 55 232 201 42
160 67 20 199 56 206
98 76 181
96 129 208 24 74
-173 -159
-4 8 169
-233 -127
72 123 28 207
-11 -130 -142 -69
160 56 199 232 126 206
81 154 217 49
-2 -95 -124
202 69 181 154
-49 -143
81 154 86
-109 -25 -67
-55 -192 -138
-160 -20 -206
-1 -29
15 -67
81 217 49 143
192 226 39 153 220
-102 -136 -193
-155 188 54
32 197 150 170 44 13 79
160 67 20 56 199 232 126 206
36 5 119 136 106 204
187 69 181 86
-139 -183 -133
192 148 55 134 39 138 12 222
-170 -32
160 133 134 42 125
161 56 12 206
96 129 24 169 74
37 53 186 188 191
81 66 217 154 143
192 148 39 138 12 222
41 -79
192 148 134 55 138 12
148 39 55 138 12 222
-183 -25 -67
81 97 202 154
-17 -111
-145 -45 -182
202 187 181 86
-85 -173 -119
-55 -39 -148 -138
2 95 124
-50 -151
-168 -48 -96
-91 -219
81 187 69
81 97 202 187
-224 -169 -24 -74
160 133 55 42 125
202 187 69 154
160 67 232 56 206
202 69 86
228 230 123 207
35 -121
160 133 134 55 42
-169 -129 -74
-81 -49 -217
-74 -209
163 235
160 67 20 199 232 126 206
153 226 140 39
49 217 154 143
4 -8
96 224 8 169 74 24
163 196 235
-134 -12 -222
105 20 126
67 183 25 199 109
192 226 220 135
-180 -87
-109 -165 -199
-36 -204
-201 -125 -160 -55
228 102 103 230 123 207
-67 -232 -20 -206
-170 -79 -197
225 98
160 134 55 232 201 42 125
97 202 69
-9 -111
-184 -4
-213 141 229
-224 -169 -129
-48 -130 -163
78 110
226 220 135
114 130 69 234 11
97 154 187 86
-122 183 109
161 148 56 59 206
208 129 8 169 74
-170 -79 -44 -13
130 114 196 234 142
157 -10
-223 -201
-11 -130 -234
-203 -209 -14
-95 -152
-153 -137 -190
130 114 196 234 11 142
-174 -181 -98
-114 -196 -142 -69
-207 -103
129 187 97
-228 -65
-134 -192 -222
164 -217
226 135 153 220
-138 -44 -30
16 -150
-131 176
220 54 135
-10 -172
160 133 55 232 42 125
-55 -39 -12
-157 10 172
-190 -178
81 154
-94 -71
160 133 134 232 201 42
96 48 168
97 202 69 154
160 133 134 55 232
160 133 134 55 125
-170 -214 -197 -13
-222 -44
134 55 232 201 42 125
160 133 232 42 125
18 100 214 141 79
160 133 134 55 42 125
-85 -36
-36 -5
-205 -168
-193 -65
33 -108
-186 -188 -191
-210 -87
-53 -54 -191
-32 -197 -13
-14 -9
-172 -45 -3
-222 -44 -30
128 163 235
160 133 55 232 201 42
63 -78
-195 139 223
160 134 55 232 125
-140 -226
-133 -42 -160 -134
81 66 49 154 143
192 226 153 220
-32 -214 -197 -13
159 114 230 103
-204 -136
-53 -188 -191
114 69 202 234 142
81 69 97
88 -76
-53 -188 -37
-229 -79 -18
-47 64 215
160 133 232 201 42 125
81 187 97
-96 -8 -129 -208
-215 -223
-8 -169
-34 123 207
-201 -42 -232 -55
42 220 125
81 154 49 143
-52 148 12
-192 -12 -138
-133 -125 -232 -55
225 76 174
160 133 55 232 201 42 125
224 129 208 8 169 74 24
192 226 135 153 220
67 20 56 199 232 126 206
154 181 86
-67 -160 -126 -206
133 183 139 109 223
205 191
160 133 134 55 201 125
-59 -30 -58
99 -152
18 229 141 79
-210 -71
-16 150 13
-32 -44 -13
-109 -201
65 193 102 136 204
130 163 196
96 129 208 8 169 74
96 129 208 8 169 74 24
187 181 86
188 220 54
-13 -7
96 129 208 24 169 74
192 140 135 220
81 69 86 181
-11 -130 -69
160 134 55 232 42
-74 -75
194 -230
96 129 224 208 8 74
-230 -114
-106 -137 -141
59 30 58 203
100 214 141 79
96 224 48 128
209 179 40 74 75
-53 -54
225 181 86
-206 -12
192 226 220 135 140
179 150 7 40 108 13
80 -42
-223 -109 -201
-119 -204 -106
-182 -14 -111
-228 -102
-74 -179 -75
233 -182
-120 -190
154 69 181
81 154 69 181
3 36 85 119 173
133 134 232 201 125
-199 -67
-87 45
154 69 181 86
18 229 214 141 79
42 188 220 125
-145 -45 -28 -182
134 55 201 42 125
-211 135 220
-150 -7 -40
96 224 48 176
121 9 111
96 208 224 8 169 74
-59 -203
25 145 227 165
-114 -130 -142
-114 -130 -69
69 181
38 -97
96 224 168
-220 -226 -192
160 232 67 56 126 206
-58 -121
231 -179
160 42 134 55
133 134 55 232 201 42 125
48 130 196
130 114 196 69 234 11 142
160 133 232 201
97 69 181
-184 -6
-201 -42 -160 -55
96 168 176
-224 -8 -129 -74
81 97 187 69
-54 -191
67 56 199 232 126 206
76 174 86
-86 -181
-130 -234 -69
160 134 55 232 42 125
32 197 214 150 170 44 13 79
96 48 168 176
-215 -223 -32
-105 -161 -68
-106 -141
81 66 49 143
-65 -120 -218
160 67 20 199 126 206
133 55 232 42 125
72 28 207
-59 -30
96 129 8 169 24
-211 -90
-11 -196 -234 -69
234 68 76
25 145 227
18 100 229 79
81 154 187 181
130 235 196
-206 -148 -161 -59
-144 -58 -121
224 129 96 8 169 74 208 24
130 114 196 202 234 11 142
130 114 69 234 142
114 196 69 202 234 142
-119 -136
48 163 196
161 56 59 12 206
192 226 220
81 154 217 66
127 -142
53 54 37 188 191
-189 202 69
-64 -172
95 152
133 201 139 109 223
-124 -159 -176
-90 173
-230 -103
82 -74
-45 -3
133 134 55 201 125
-177 86 181
-232 -126 -206
41 -214
160 133 134 232 201 42 125
148 55 138 12 222
-138 -222
-215 -170
225 98 174
24 129 187
-51 159
-192 -12 -222
73 -95
42 220 54
-205 -168 -84
-170 -79 -44
-41 214 79
140 226 135 153 220
83 -227
-144 -58
-119 -136 -5
133 55 232 201 42 125
36 5 136 106 204
-145 -28 -182
-1 -104
-124 -173 -159 -176
-98 -66
-71 168
96 48 176
-199 -232 -126 -56
142 68 174
160 134 55 201 42 125
81 154 187 69
96 224 208 169 74
-154 -81
3 36 85 119
65 228 102 136 204
96 128 176 48 224 168
-13 -40
220 135 42 188
132 -102
192 140 220 39
-113 165 25
77 -205
160 133 201 42
-67 -160 -20 -206
146 -120
-139 -133
98 181 174
-222 -197 -30
-66 -217
153 226 220
-123 -207
192 226 220 39 135 140
-2 -95
107 -119
54 135 42 220 125
-118 225 98
134 232 201 42 125
-19 -143
-1 -146
-19 -178
-64 -32
18 229 214 79
160 133 55 232 201
-214 -197 -150
-89 2
31 -110
-223 -183 -201
140 205 191
52 -148
-84 -8 -78
96 129 208 8 169 24
-138 -197 -30
192 55 138 12 222
96 129 224 8 169 24
-36 -204 -5
188 53 54 191
-176 -168 -48 -224
-171 -27
-102 -136 -65
160 67 20 199 126
81 154 97 86
-25 -67
217 98 225
103 230 102 123 207
161 148 56 12 206
192 220 135
192 153 226 140
192 226 39 135
-67 -160 -20 -56
-29 128 48
49 81 217 154 143
-170 -79 -197 -150
-136 -106
-206 -148 -59
-74 -40
-204 -65
-170 -79 -44 -150
225 76 86
-210 -89
-199 -232 -126 -206
133 134 55 201
152 105 126
221 -235
96 208 8 169 74
-55 -12 -138
-207 -230 -228
62 -161
-56 -12 -59
-176 -168 -128 -96
234 68
96 224 8 169 74
151 -136
-176 -168 -48 -96
-95 -124
212 -30
134 55 138 12 222
81 187 181 86
67 165 183 25 199 109
-114 -130 -142 -69
96 129 224 208 24 74
155 -188
96 48 128 176
-172 -3
53 54 186 188
-175 -62
104 -129
220 135 42 188 125
-114 -130 -202
160 42 133 55
131 -176
130 114 69 202 234 142
4 -169
114 230 103 11 159
149 -111
160 56 20 232 126 206
-102 -204 -65
160 232 201 42 125
-220 -226 -192 -153
24 129 163
81 181
104 -24
97 69 181 86
129 235 163
-139 -109
-77 205
-79 -44 -13
37 186 188 191
-114 -196 -234 -202
192 55 134 39 12
192 226 39 135 153 220
129 235 187
130 114 196 69 202
-8 -129 -74
188 54 42 220 125
192 148 134 55 138 222
133 134 55 232 201
-120 -144
-28 -182
-2 -53
-67 -232 -126
-197 -13
54 135 42 125
-96 -8 -129
-172 -45 -85
182 9 92 14 111
-60 19 178
81 202 181 86
130 196 69 234 11 142
67 20 56 126 206
153 137 120 190
-88 -146
192 134 39 138 12 222
97 181 86
-91 59
25 145 165
96 129 224 208 8 169
53 54 186 188 191
-103 -114
192 140 226 153 220
130 114 69 202 234
129 163
-137 -190
-166 85 3
192 153 220
130 163
6 -44
-224 -169 -129 -208
-208 -40
-220 -140 -192 -153
81 97 187 181
-32 -79 -44 -150
-183 -133
97 202 187
226 205
-223 -170
-228 -204 -65
160 67 20 232 56 126
167 -65
192 148 55 138 12 222
96 129 224 208 24 169
81 187 69 86
-55 -192 -12 -138
-97 -187
-114 -142 -69
-57 58
-67 -160 -20
133 134 55 201 42
57 -58
169 84 78
175 -114
213 -141
-73 95
-136 -5
153 220 39 135
81 202 69 86
-3 -173
-210 -90
81 154 181 86
81 202 187 154
18 100 214 79
192 226 39 135 220
144 17 121 58
-36 -136 -106
-13 -108
48 128 168
-32 -79 -44 -13
-169 -78
130 114 196 69 234 142
-67 -232 -20 -56
-124 -159
161 59 12 206
49 66 217 154 143
-119 -36
-67 -160 -126 -56
-81 -143 -217
42 188 125 54
-189 -146
32 197 214 170 44 13 79
-223 -109 -133
-74 -179 -209
97 202 181 86
202 69 181
192 148 55 134 39 222
94 -153
157 -172
101 -100
159 114 11 103
81 187 97 86
97 202 187 69
-225 -217
179 150 40 108 13
-7 -108
154 187 181 86
65 193 228 102 136 204
192 140 153 220
142 76 174
-3 -36
96 129 224 8 169
-207 -102
-123 -230 -102
-3 -119
67 20 199 56 126 206
124 173 159 176
-208 -179 -209
-96 -8 -74
-235 -163
152 20 126
-98 -217
-179 -75
192 148 55 134 39 138 12
-145 -45
129 8 169 74 24
-5 -106
192 226 220 39
-40 -209
-139 -32
160 55 232 201 42
160 67 20 199 232 126
-79 -150
-21 -146
228 103 230 102
234 76 174
81 154 217
-186 -54 -191
-209 -14
101 -18
-134 -192 -12 -138
-158 72
128 48 235
160 134 55 232 201 125
-186 -54 -37
-170 -197 -13
29 -48
-100 -108
-228 -136 -65
-37 -191
133 134 232 201 42 125
81 202 187
228 102 103 123 207
81 66 217 143
192 148 55 39 138 12 222
-121 -9
-83 227
130 69 202 234 142
-233 -164
-85 -3
187 69 86
-169 -24 -74
192 140 135 153 220
224 129 8 169 74 24
-108 -179
-54 -42 -135
-107 119 36
178 19 190
98 174
-159 -103
234 174
16 -13
118 -225
192 153 220 135
-96 -24 -74
-233 -146
55 134 39 138 12 222
229 214 141 79
-118 -57
192 55 134 39 138 222
217 98 66
-67 -160 -206
160 133 55 232 125
175 -11
-43 5 106
116 -143
-65 -218
200 -192
-114 -196 -142 -202
46 -201
-210 -4
217 49 143
-131 -151
205 168 84
3 85 10 172 45
-28 -207
96 128 176 168
154 187 181
-55 -192 -12 -222
-224 -169 -74
-208 -75
-214 -197
160 133 55 201
-114 -130 -234 -69
158 -72
156 -191
-194 230 103
195 -223
-193 -144
-131 -200
225 181 174
186 53 54 191
100 141 214
49 178 143
192 134 55 12 222
-135 -220
-150 -13
202 69 181 86
61 -124
-228 -136 -193
184 -190
100 229 214 141 79
-206 -12 -59
-32 -214 -44 -150
234 68 174
228 102 123 207
-30 -58
67 20 56 232 126 206
67 20 199 232 126 206
96 224 48 168
160 67 20 126 206
-130 -142 -69
225 98 76
227 72
160 232 67 199 56 126 206
18 100 229 141 79
-233 -115
-161 -68
130 196 69 202 234 11
-199 -160 -206
160 55 232 42 125
-85 -173 -36
-124 -173
-63 -41
140 39 135 153 220
192 226 135 153 140
-136 -193
153 220 135
228 102 230 123
-139 -109 -201
-59 -30 -203
202 69 86 154
34 -207
192 39 153 140
110 178 19 190
163 235 187
-231 179 40
96 129 224 208 74
96 224 48
-207 -230 -102
-99 152
-233 -194
54 135 42 188 125
60 -178
-144 -17
133 55 201 42 125
-18 -7
-153 -190
81 202 187 86
47 -215
144 121 218 17
161 148 59 12 206
-190 -110 -19
-198 -73
81 154 181
226 140 205
93 -226
-55 -192 -222
34 -123
-183 -109
160 67 199 56 206
76 174
-32 -44
51 -159
-133 -42 -232 -55
-183 -165 -199
122 -183
-137 -229
82 -208
-56 -148 -161 -59
160 67 20 199 232 56 126
69 181 86
133 134 55 201 42 125
-32 -214
96 224 128 176
-170 -197
-114 -234 -69
192 148 55 39 12
160 20 232 126 206
130 114 196 69 202 142
-214 -44 -150
113 -165
-165 -227 -145
-36 -136
67 199 56 126 206
192 39 135 153 220
202 187 69 181
155 -54
-175 11 114
-203 -75 -92
100 229 214 141
-96 -8 -129 -74
49 66 217 143
160 67 20 232 56 206
-159 -176
-62 161
130 114 196 69 202 11
33 -7
-124 -176
-141 -229
133 134 201 42 125
140 37 191
-64 -223 -32
192 148 55 39 138 222
96 129 8 169 74
160 56 20 199 232 126 206
192 148 39 134 55 12
-135 -226 -192 -153
-11 -196 -142 -69
-190 -110 -178
-206 -148 -161
-183 -25
-147 28
160 133 42 125
-185 -116
178 19 110
160 134 55 232 201
54 135 42 220
-13 -108 -179
220 54 135 188 125
5 229 137 106
-64 -139 -170
-124 -173 -159
160 133 55 232
192 148 39 12 222
81 154 97
-229 -18
114 196 69 202 234 11
56 148 12 206
-168 -84
-76 -174
-45 -28
161 148 56 59 12
148 55 134 39 12 222
161 148 56 59
3 85 10 172
96 224 128 168
-67 -232 -126 -56
8 169 84 78
18 100 214 141
96 129 224 24 169 74
-96 -129 -208
-209 -75
-183 -165 -67
42 220 135
26 -105
-221 -146
133 134 55 42 125
-183 -25 -199
140 226 39 220
130 114 196 69 11 142
48 163
-53 -191
48 176 168
-101 100 18
-124 -173 -176
209 75 92 14
-5 -137 -229
160 133 55 201 42
-149 9 111
-153 -137 -120 -190
207 123 102 103
180 -186
-103 -102
-55 -39 -12 -222
97 154 187 69
97 187
-228 -204 -193
231 -40
123 228 230
130 114 196 69 11
-93 140 226
154 187 69 181
229 137 106 141
-201 -133
128 48 196
81 217 154 143
-56 -12 -161 -59
114 196 69 234 11 142
-133 -160 -55
-114 -130 -234 -202
160 67 199 232 126
-65 -120 -144
-96 -169 -129 -208
-17 -121
1 -138
-32 -13
-150 -108 -40
81 66 49 217 143
97 187 69
-54 -42 -220
-214 -13
96 129 224 8 169 74 24
220 54 135 42 188
192 226 140
144 65 193 120
-10 -45 -85
128 130 163
-32 -214 -197
-108 -40
160 133 134 55 232 201 125
96 129 8 169 74 24
-11 -196 -234 -202
96 48 128
234 142 174
-170 -44 -13
8 169 84
76 181 86
32 197 214 150 44 13 79
-176 -48 -96
118 -98
-223 -183
145 45 28 182
-208 -74
-78 -110
220 54 135 188
80 -125
-170 -79 -13
21 -224
-229 -79 -100
-67 -20 -206
-25 -227 -145
-123 -103 -228
-26 105
177 -181
-152 -20 -105
149 -9
-13 -108 -40
-103 -11
81 97 202 181
48 224 176 168
-159 -114
133 201 42 125
161 56 59 206
-137 -120 -190
189 -202
39 135 153 140
133 134 55 42
129 187
133 134 55 232 42 125
-27 137
192 134 55 138 12 222
70 -134
160 134 232 201 42 125
130 114 196 202 234 142
-61 124
93 -140
160 67 20 199 56 126
160 20 199 232 126 206
226 135 153 140
228 103 230 102 123
171 -84
-64 -223 -170
-138 -197
-105 -161
220 54 42 188
-106 -137 -229
18 100 229 141
107 -36
1 -222
96 224 48 176 168
192 226 39 153
-178 -49
210 -170
-50 68
96 129 224 8 24 74
192 148 55 39 138 12
192 39 135 220
81 187 86
-153 -120 -190
-55 -192 -148 -222
96 129 224 208 24 169 74
228 102 230 123 207
10 172 215
96 129 224 8 169 74
81 97 202 69
-133 -42 -160
81 154 187 86
-153 -120
192 226 220 140
-75 -14
48 163 235
-197 -30
117 -232
160 67 20 232 126 206
192 39 135 153
-144 -58 -17
25 227 165
-59 -30 -58 -203
81 69 86
192 55 134 39 138 12
144 17 58 121 218
-184 190
81 97 154 187
-150 -108
187 181
96 128 176 48 168
-82 208 74
-96 -8 -24 -74
-216 154 81
192 55 39 138 12 222
-141 -214 -18
-63 78
162 -14
148 134 55 12 222
160 134 55 232 201 42
-109 -133
127 -234
-79 -197 -13
-150 -7 -179
-91 -151
114 230 103 11
-92 -111
-156 -90
-11 -114
-153 -137 -120
-68 -234 -174
160 133 134 55 232 42
-210 -151
-164 66 217
-159 -230 -114
-79 -18
2 53
153 226 220 39
38 -187
160 133 134 201 42
160 67 20 199 56 126 206
129 163 97
211 -220
-13 -7 -40
-130 -234 -202
-35 17 121
-223 -32
192 226 39 135 153
48 128 176 168
-15 -73
189 -69
114 130 69 202 234 11 142
-170 -214 -44
130 196 69 202 234 142
-170 -214 -44 -150
-53 -54 -37
-222 -197
-193 -120 -218
81 154 69
-79 -197
-64 -215
96 129 224 208 8 169 74
-232 -160
98 174 86
81 66 217
-75 -92
-55 -192 -148
-32 -79
179 7 40 108 13
-159 -103 -11
-106 -137
21 -96
-233 -177
32 197 214 150 170 13 79
-165 -25
160 20 199 56 126 206
133 55 42 125
192 153 39
-128 -48
-55 -192 -12
226 140 37
-30 -58 -203
97 154 187
-16 -31
-210 -93
-160 -126 -56
-13 -7 -179
-145 -182
192 39 138 12 222
181 174
18 100 229 214 79
-173 -159 -176
230 103 123 207
96 129 224 208 8 24 74
81 181 97 86
208 129 224 8 169 74
-188 -42 -220
192 148 55 39 12 222
160 67 232 126 206
-182 -111
-163 -129 -187
-32 -79 -150
114 130 69 234 11 142
192 148 134 39 138 12 222
-134 -55
192 140 226 39 135 153 220
160 67 199 232 56 126
116 -49
192 39 135 153 140
97 187 181 86
-141 -79 -100
96 224 208 24 169 74 8
24 187 163
-162 92 14
-114 -130 -234
-72 -28 -123
81 202 187 69
160 67 20 199 232 206
-109 -165
-169 -129 -208
23 -206
88 -174
160 134 55 201 42
-32 -79 -44
129 187 163
161 148 59 12
192 148 134 55 138 12 222
130 196 69 202 234
37 191
-45 -182
9 92 14 111
205 226 37
-74 -40 -75
-10 -3
-170 -13
-215 -139
180 -53
234 76 142
130 69 202 234 11 142
-192 -148 -222
-223 -183 -133
208 209 179 40 74 75
-56 -12 -161
42 188 54
160 55 201 42 125
-170 -214 -13
-96 -169 -24 -74
-229 -214 -18
50 -68
89 -2
97 235 163
-215 -10
174 181 86
219 -130
81 154 187
3 36 119 173
228 230 103 123
114 69 202 234 11
202 187 181
-110 -178
60 -19
154 187 69 86
160 133 134 55 232 201
-12 -161 -59
46 -133
-74 -179
68 174
134 55 232 42 125
130 196
114 69 234 11 142
22 -144
160 133 232 42
217 66 143
160 133 134 201 42 125
-10 -45 -3
-133 -42 -160 -55
178 19 143
-1 -151
-233 -62
-207 -103 -102
192 148 55 134 39 12 222
-170 -79 -197 -13
48 224 128 176
-134 -192 -12 -222
-102 -204
197 30 138 44 222
144 65 120 218
-20 -126
148 56 59 12 206
160 55 232 201 42 125
226 37 191
114 69 202 234 11 142
-105 -68
-56 -206
208 209 40 74 75
202 69
87 -45
133 232 201 42 125
-23 56 206
160 133 134 55 232 201 42
-32 -214 -150
-139 -223
133 134 55 232 201 42
209 203 75 14
187 69 181
-21 224 96
160 133 55 201 125
130 114 196 234 11
100 18 108
18 108 7
96 129 224 208 8 169 24
-106 -229
-45 -28 -182
-175 -151
37 53 54 191
-15 199 67
42 188 54 135
18 100 229 214 141
-40 -75
-82 -60
216 -154
160 67 199 56 126 206
-72 -28 -207
226 39 135 153 140
-203 -75
-32 -79 -197 -13
-139 -183 -201
-42 -160 -55
67 20 199 126 206
192 220 39 153 140
96 129 208 24 8 74
160 133 232 201 125
-25 -199
121 17 111
128 235 196
147 -28
160 133 134 55 232 42 125
3 85 172 45
225 98 86
-148 -12
132 -228
-126 -105
-182 -92 -111
-218 -58 -121
192 226 39
202 181 86 154
-142 -234
192 226 39 135 140
134 232 201 125
35 -17
-5 -137 -141
202 69 154
-59 -58 -203
67 165 183 25 109
226 191
-233 182
-104 24 129
67 165 199 25 109
152 105 20 126
187 163
-82 -6
166 -85
-134 -39 -12 -222
-117 232 160
-6 44 197
-59 -58
-23 -51
134 55 232 201 125
-218 -58 -17
-199 -160 -20 -206
-150 -108 -179
96 129 224 208 169 74
-32 -150
-145 -45 -28
-80 125 42
192 226 39 153 140
81 202 69
-133 -42 -55
106 5 229 141
202 181 86
226 140 191
-3 -173 -119
-199 -160 -20 -56
-206 -12 -161
23 -56
15 -199
-215 -139 -170
133 134 55 232 42
203 75 92 14
-152 -126
42 220 125 135
-186 -53
48 130 163
-191 -226 -205
-44 -13
-119 -136 -106
194 -103
52 -12
-214 -79
164 -66
234 142
-32 -197
48 130
-224 -8 -129 -208
160 56 232 126 206
-55 -39 -222
-216 -57
153 226 140
197 138 44 222
97 202 187 181
202 187 181 154
-127 142 234
-32 -214 -13
-109 -165 -67
37 54 186 188
-77 -151
-228 -136
160 133 134 55
-67 -160 -56
-91 -146
192 134 55 138 222
160 232 67 20 199 56 206
43 -106
160 67 199 232 56 206
-109 -67
3 36 85 173
-123 -103 -102
96 129 224 24 74
130 114 202 234 11 142
-215 -32
-198 145
115 -126
-193 -120 -144
53 54 37 186 191
219 -196
128 48
-109 -199
-185 203
-170 -79
-13 -179
161 148 56 59 12 206
-188 -54
-173 -36
53 54 37 186 188
-2 -124
72 123 207
-64 -223
-46 -73
-145 -28
-224 -96
-11 -130 -142 -202
182 92 14 111
98 181 86
-36 -106
37 53 186 191
160 134 55 42 125
81 69
3 10 172 45
160 133 201 42 125
-170 -214 -150
140 135 153 220
-25 -145
151 -204
-229 -214 -100
-102 -65
-5 -229
-115 20 126
192 148 55 12 222
144 65 218 193
192 148 138 12 222
