-10 -3 -7
-20 10
3 19 6
-13 4 16
10 3 7
-7 -17
16 3 19 4 9
16 3 4 6
16 3 19
16 9 3 4
14 -7
-16 -2
16 9 19 4
16 4
-12 17
3 9 19 6
15 -3
-4 -16
16 19 4 6
9 3 7
-5 8 2
16 3 4 19 6
-17 -2
16 9 19 6
-15 9 3
-1 -10
10 7
-19 -3 -4
-8 -2
-1 -19
-18 6 19
15 -9
12 -17
13 -4
8 2
16 19 3 4
9 3
1 19
8 4
7 17
16 3 4
16 3 19 6 9
19 6
16 2
3 9 19
9 10 7
18 -6
16 3 19 4 6 9
10 3
-9 -3
-19 -3 -16
-11 1
3 19 4 6 9
13 -16
16 3 4 6 9
16 19 6
20 -10
3 9 19 4
11 -1
16 19 4 6 9
16 19 3 6
16 9 3 19
5 -2
5 -8
-14 7
3 19 4 6
16 9 3 6
1 10
-6 -19
9 10 3
16 19 4
-6 -3 -16
-19 -9 -16
17 2
3 7
18 -19
16 9 3
