84 -15
70 8 42 30
-15 -80 -10 -62
51 10 13 79 15
63 -75
80 62 10 13 79 15
1 85 69
89 2 46 57
51 10 15 62 79
-36 -12 -8 -15
-18 -75
80 51 90 15 13 79
80 51 90 10 13 15
-73 -17
38 -82
-88 -12 -8 -51
82 5
80 10 13 62 79
-12 -43
80 90 13 15
51 90 10 79 15
-70 -21
51 8 42 12 15
79 90 62 15
-70 -10 -21
-16 60 22
-5 -46 -9
1 85 54
51 36 88 42 12
60 22
24 33 22 87
-88 -12 -15
-27 13 80
21 85 86
-72 54 18
4
80 51 90 62 10 79 15
-81 -31
-31 85
80 51 10 13 79
-35 83
57 68 37 46
24 60 22 87
-46 -89 -37
-48 -49
-26 67 4
68 89 46 57
-36 -8
80 90 15 62 79
68 37 89 46 57
39 -86
52 86
56 -30
-89 -36
80 51 90 10 13 62 79
48 49
70 8 42 77 30
11 62 7
-32 9
16 -22
80 51 90 10 79 15
-11 -52
-17 -69
33
-62 -75 -11
89 2 37 46
51 90 62 15
-88 -12 -42 -51
51 10 15 13 62 79
51 36 8 12 15
10 79 90 62 15
48 11 52
89 2 68 46
18 85 69 54
90 75 52 7
48 52 78
80 10 90 62 15
-88 -8 -51
-30 -10 -21
80 51 90 10 62 15
52 7 90 11 62
76 -50
-63 7 75
59 -47
-36 -42 -51
33 22 87
-36 -8 -51
-36 -12 -42 -15
-5 -46
42 77 30
6 -87
-84 51 15
9 83 20
57 2 37 46
33 60 22 87
80 10 90 13 79
51 10 13 62 15
-88 -42 -15
17 50 1 53 69
2 68 37 89
51 10 90 62 15
80 15 13 62 79
-30 -70
-69 -18
52 7 90 75 62
-88 -12 -8
18 75 54
-47 -42 -30
-15 -13 -79 -90
-62 -90
80 13 79 15
1 85 69 54
-59 77 47
-24 -49
-83 -73
41 5 9
80 51 79 62 15
64 -11
-53 -1 -14
65 -8
52 7 75 11 62
17 69 53 14
51 36 88 12 15
80 51 90 13 62 15
51 90 10 13 79 15
73 17 67 4
10 90 13 79 15
-9 -83
80 10 79 15
-36 -12 -15
-53 -69 -14
51 10 62 90 13 79 15
-62 -75 -52
-41 -5
44 -17
78 52 86
-10 -79
51 88 8 42 12 15
-68 -37
21 70 10 30 79
75 52 7 90 11
8 42 77 30 47
80 51 10 90 79
-50 -14
80 51 13 15
71 -10
-90 -7 -11
-18 -7
90 75 52 62
80 51 10 90 62 79
33 22 87 24 60
80 90 62 79
51 90 10 62 79
17 1 69 53
-60 -22
17 50 1 53 14
80 51 62 10 79 15
-20 -12 -43
-47 -8 -30
1 18 69
-70 -79
33 87 24 60
-61 43
70 42 77 30
-41 -46 -9
-77 -47
-51 -80 -79 -62
-73 -67 -17
-45 41 5
51 10 15 79
10 90 62 79
-1 -85 -18
9 2 5 46
-36 -12 -51
-42 -8
19 -21
18 69 54
27 -80
70 8 77 30 47
26 -67
-51 -80 -10 -90
89 36 57
36 88 8 12 15
44 -53
2 68 37 57 46
-61 -27
-29 73
64 -52
45 -5
-3 49
89 2 37 57
1 18 85 69
75 7 90 11 62
80 51 90 15 79
-77 -8 -30
51 36 8 42 15
-61 -63
1 50 69 14
-7 -75
75 52 90 11 62
41 5 46
-30 -79
-54 -18
-51 -13 -79 -90
-55 88 36
41 2 9
-56 30 70
51 36 88 8 42 15
-46 -57 -37
48 11 78
-80 -79 -90
-33 -22 -24
80 51 10 79 15
73 17 4 53
-8 -15
-12 -8 -51
11 52
-78 -48
-65 42 8
1 50 53
80 10 90 13 62 15
48 52
-4 -17
28 -69
80 90 15 79
-90 -52
37
9 2 46 41
80 10 90 13 62
-36 -8 -15
80 51 10 13 62
48 52 86
-43 -24 -49
-79 -21
17 67 4 53
51 88 42 12
51 10 62 90 79 15
24 60 87
51 36 8 42 88 12
-76 50 14
-21 -86
2 68 37 89 57
27 -13
-19 21
-53 -17
80 10 90 79 15
52 90 11 62
-46 -89 -68
70 8 77 47
-82 -83 -73
35 -83
48 11 86
80 51 10 90 13 62
2 37 89 46 57
70 77 30 47
-81 62 90
50 60
-40 78 48
-88 -8 -15
80 51 90 62 79
82 83 73
80 90 13 62 15
51 36 88 8 12 15
80 90 15 13 62 79
22 14
41 5
51 88 42 12 15
-73 -4 -17
70 42 77 30 47
80 51 90 13 15
71 -79
17 67 4 53 73
48 86
-2 -46
70 8 42 77 47
36 88 8 42 12
80 51 10 13 79 15
80 90 15 13 79
84 -51
1 18 69 54
55 -88
10 90 13 62 79
-6 -63
-36 -12 -42 -51
-1 -69
-58 12
-47 -42 -70
2 68 37 89 46 57
1 17 69 14
9 2 46
16 -60
24 33 22
88 89 36
-43 -24
68 37 46
43 24 49
-15 -13 -79 -62
72 -18
-6 87 33
80 51 90 15 13 62 79
1 50 69 53
80 51 90 10 15 13 62 79
-89 -88
63 -7
51 90 10 13 62 79
6 -33
8 42 77 30
76 -14
2 68 37 89 46
-15 -79 -90
-17 -69 -14
36 88 8 42 15
51 8 42 88 12
-15 -80 -90
7 11 75 62
-57 -36
36 88 8 42 12 15
-74 -34
20 12 43
47
-12 -42 -15
-15 -13 -10 -90
-17 -14
-67 -4
41 5 46 9
-53 -69 -50
80 51 10 13 62 15
80 10 90 13 62 79
79 90 13 62 15
80 90 13 62
80 51 13 62 15
-43 -49
-33 -60 -24
3 -49
-85 -86
-87 -33
2 5 46
-15 -80 -79 -62
-66 2 46
51 36 8 42 12 15
17 50 69 14
-54 -75
-67 -17
-36 -42 -15
80 10 90 15 13 62 79
17 50 53 14
65 -42
89 37 46 57
-90 -7 -52
80 51 90 15
-2 -89 -37
-9 -83 -20
-20 -43
-33 -22
80 90 13 62 79
2 37 46
80 10 90 62 79
-74 68 37
51 90 13 79 15
36 8 42 12 15
18 75 7
89 68 37
11 52 78
34 -20
2 68 37 46
51 90 79 15
-15 -80 -10 -90
74 -68
26 -4
59 -77
74 -37
80 51 90 15 62 79
70 8 42 30 47
-28 1 69
80 51 90 10 15
-61 -31
-9 -20
80 51 62 13 79 15
7 90 75 62
-47 -8
2 5 41 9
-17 -1 -14
51 10 13 62 79
25 -57
-17 -1 -50
32 -9
28 -1
-6 -31
80 10 90 13 15
80 90 62 15
-70 -79 -21
-5 -82
10 79 90 13 62 15
70 8 42 47
80 51 13 79 15
33 60 22
1 17 50 69 14
48 78
-90 -75
51 62 90 13 79 15
-36 -12 -42
80 90 10 79
81 -90
80 51 90 13 62
51 36 88 42 12 15
17 50 1 69 53 14
-44 53 17
89 68 37 46
80 51 10 15 13 62 79
24 60 22
80
-77 -42 -70
-90 -75 -11
-69 -85 -18
81 -62
80 51 90 13 79
10 30 70 79
70 8 30 47
-73 -4
66 -46
70 8 42 77 30 47
51 90 10 13 62
17 50 1 53
-83 -20
80 90 13 79
30 21 70 79
-71 10 79
42 77 30 47
29 -73
1 18 85 54
-47 -8 -70
1 18 85 69 54
-62 -7 -52
80 51 90 62 15
45 -41
56 -70
-88 -12 -8 -15
-21 -85
-88 -12 -42 -15
-38 82
1 50 53 69 14
2 68 89 46 57
-73 -67 -53
-51 -80 -79 -90
80 51 90 13 62 79
51 36 88 8 15
51 10 13 62
7 90 11 62
-64 11 52
-14 -22
8 42 77 47
41 2 5 46
80 62 10 79 15
40 -48
21 70 10 79
-15 -80 -79
-73 -4 -53
89 37 46
80 10 13 79
-39 86
31 -85
-20 -12
61 -43
-69 -14
-77 -8 -70
-12 -8 -15
40 -78
55 -36
-36 -12 -8
9 5 46
51 36 88 8 42 12 15
-82 -83
80 51 10 13 15
11 90 75 52
80 51 10 13 62 79
-36 -15
80 10 90 15 13 79
10 90 79 15
89 46 57
-15 -80 -79 -90
-4 -53
1 50 53 14
-23 24
-21 -85 -86
80 51 10 90 13 79
11 52 86
89 68 37 57
80 10 13 79 15
50 14
51 90 13 62 15
-88 -36
24 33 87
24 33 60 22
25 -89
51 62 90 79 15
2 5 9 41 46
-17 -69 -50
17 1 69 53 14
-70 -10
-75 -52
-5 -2 -9
-13 -80
58 -12
72 -54
-57 -89
-82 -73
-47 -70
-51 -15
52 7 11 62
-87 -22 -24
80 51 15 79
52 7 75 11
66 -2
-30 -79 -21
-86 -52 -48
-34 20
48 78 86
80 10 62 90 79 15
-25 57 89
-90 -75 -52
18 85 54
80 51 90 10 13 79 15
80 51 10 90 13 62 15
17 50 69 53 14
18 85 69
-36 -12 -8 -51
23 -24
52 7 11 90 75 62
-69 -85 -54
89 37 57
89 2 46
-8 -70
51 90 10 13 62 15
