52 39 7 10
-36 -43
17 50 51 36
3 41 19 12
3 25 19 12
-49 -4
-11 -21
42 19 50
2 43 5
3 25 50 19
43 5 30
3 42 19
9 31
19 41 42 3
-52 -15 -39
2 43 5 30
24 33
-15 -7
-1 39
41 42 12 23
53 14 31
25 50 19 41
-51 -36
-44 -3 -24
3 50 19 23
24 44 22
32 13
20 -41
-9 -14 -53
-10 -7 -39
41 50 12 23
41 50 3
-32 -14
29 -31
18 -3
51 43 36
42 19 12 23
52 15 7
25 42 41 23
25 19 12 23
17 50 51 38 12
-6 2 43
17 50 12 38
37 -14
3 44 22
24 3 44 22
-35 38 17
3 22 23
50 36 38 12
17 50 36 12
15 52 39 7
25 42 3 12
-24 -33
17 50 38
19 42 3 23
-52 -7
-17 -51 -50
25 50 23
25 50 12 41
3 19 23
10 52 7
25 50 19 12
45 -55
9 34 31
47 -15
25 50 12
22 23 24 44
19 50 3 42
17 44 22
28 -44
3 25 19
35 -17
25 3 12 23
41 50 3 42
33
-32 -13
-21 30
25 42 19 41
6 -2
-17 -44
25 3
50 19
25 50 3 12
-8 53
25 42 3 23
-52 -7 -39
-46 42 19
24 3 44 23
42 19
-20 41 25
25 19 41
42 19 12 50
50 19 12
17 50 51 36 12
29 -9
39 53
50 51 36 38 12
10 52 39
3 22 23 24 44
9 14 31
-51 -43
47 -7
54 -32
-16 51 36
-50 -3 -19 -25
19 41 3
50 19 12 23
17 51 36
42 19 50 23
3 25 19 41
25 3 41
25 41 23
50 19 23
-38 -36 -50
2 43 36
24 3 22 23
25 50 12 23
19 50 3
2 43 30
-47 15 7
-44 -22
25 50 3 41
25 19
32 26 55
52 7 10 15
50 12 42
24 3 22
41 50 19 12
-42 -19
-18 23 3
9 53
-20 -21
42 19 23
-22 -23 -24
50 51 36
41 42 19 23
17 50 51 36 38
16 -36
-39 -53
-54 32 13
25 12 41 23
52 39 7
41 42 19
41 42 3 23
34 14
41 42 19 12
10 19 52
48 -12
25 42 12 50
52 39 7 10 15
50 3 12
25 41
48 -50
17 50 36 38
25 42 50 23
-17 -36 -12
4 -26
41 50 12
-38 -22
46 -19
25 50 3
27 -5
-43 -30 -5
-41 -25
-49 24
9 14
25 42 3 41
17 50 51 12
53 14
32 13 14
50 51 36 12
25 42 19
17 51 36 38
3 19 12
18 -23
49 -24
9 34 14
26 13
26 30
-17 -36 -50
50 3 42
24 3 23
-19 -52
24 44 23
25 50 19
17 51 36 12
25 19 23
25 42 12 41
25 19 41 23
9 34 53
46 -42
8 -53
7
41 50 19
3 42 19 12
54 -13
25 3 12 41
-45 55
13 55
-2 -30 -5
-40 33
-28 44 22
42 12 50 23
34 14 31
-37 34 14
25 50 41 23
41 3 12 23
50 36 12
15 39 7
17 50 51 38
-43 -30
-19 -10
-10 -52
1 -39
50 51 36 38
17 50 36
-26 -30
19 25 3 23
25 42 50
-22 -3 -24
-13 -14
9 53 31
-12 -50
38 17 22
50 12 23
50 3 23
25
11 -52
25 42 19 23
50 3 12 23
34 53 14
42 3 12 23
19 3 12 23
50 3
17 51 36 38 12
-48 12 50
21 -30
25 50
-27 5
5
42 3 50 23
3 50 19 12
25 50 3 23
-13 -34
17 50 12
17 36 38 12
39 7 10 15
3 12 23
10 52 15 39
41 50 19 42
17 50 51 36 38 12
55
37 -34
25 42 41
9
40 -33
35 -38
-36 -2
-43 -5
3 41 50 19
25 50 42 41
3 44 22 23
26 55
50 12
41 50 19 23
19 25 42 3
32 26 13
28 -22
20 -25
25 19 12
25 3 23
42 3 23
42 19 12
3 41 19 23
25 50 41
25 3 12
42 19 52
17 50 36 38 12
17 36 38
-55 -26 -13
11 -10
25 42 3 50
-23 -3
26 13 55
-38 -17
25 3 41 23
41 3 23
-17 -22
25 19 12 41
25 50 19 23
3 23
25 42 19 50
41 50 12 42
41 50 3 12
-29 31 9
9 53 14
25 42 19 12
19 3
32 13 55
34 13 14
-34 -14
-22 -3
-11 10 52
50 3 12 42
25 12 41
-42 -52
-31 -9
25 42 3
6 -43
-2 -43
10 39 15
-4 26
41 50 3 23
16 -51
