1 : (((6, 1, 3), (6, 3, 4)), 1)
2 : (((0, 0, 2), (0, 3, 2)), 1)
3 : (((4, 1, 1), (6, 1, 3)), 1)
4 : (((0, 3, 2), (2, 3, 6)), 1)
5 : ((2, 3, 6), (2, 5, 6))
6 : (((5, 4, 2), (5, 8, 3)), 1)
7 : (((3, 0, 4), (3, 2, 2)), 2)
8 : (((6, 5, 5), (6, 7, 3)), 2)
9 : (((0, 3, 2), (0, 5, 2)), 1)
10 : (((0, 0, 2), (3, 0, 4)), 2)
11 : (((3, 2, 2), (5, 2, 2)), 1)
12 : ((3, 2, 2), (5, 2, 2))
13 : ((6, 5, 5), (8, 5, 3))
14 : (((4, 5, 5), (4, 7, 4)), 1)
15 : ((4, 3, 4), (4, 5, 5))
16 : (((2, 3, 6), (4, 3, 4)), 2)
17 : (((4, 3, 4), (6, 3, 4)), 1)
18 : ((2, 7, 6), (4, 7, 4))
19 : ((5, 0, 3), (7, 0, 1))
20 : (((0, 7, 3), (2, 7, 6)), 2)
21 : ((6, 1, 3), (8, 1, 2))
22 : (((3, 2, 2), (3, 8, 3)), 1)
23 : (((5, 0, 3), (7, 0, 1)), 1)
24 : (((5, 2, 2), (5, 4, 2)), 1)
25 : (((8, 3, 4), (8, 5, 3)), 1)
26 : (((5, 0, 3), (5, 2, 2)), 1)
27 : (((6, 3, 4), (8, 3, 4)), 2)
28 : (((6, 3, 4), (6, 5, 5)), 2)
29 : ((8, 3, 4), (8, 5, 3))
30 : (((6, 5, 5), (8, 5, 3)), 2)
31 : (((6, 1, 3), (8, 1, 2)), 1)
32 : (((4, 5, 5), (6, 5, 5)), 2)
33 : (((4, 3, 4), (4, 5, 5)), 2)
34 : (((0, 5, 2), (2, 5, 6)), 1)
35 : ((3, 0, 4), (3, 2, 2))
36 : (((3, 8, 3), (5, 8, 3)), 2)
37 : ((4, 5, 5), (4, 7, 4))
38 : (((2, 3, 6), (2, 5, 6)), 1)
39 : (((2, 7, 6), (4, 7, 4)), 2)
40 : (((8, 5, 3), (8, 8, 2)), 2)
41 : (((2, 1, 1), (4, 1, 1)), 1)
42 : ((2, 1, 1), (2, 3, 6))
43 : ((0, 3, 2), (0, 5, 2))
44 : (((2, 5, 6), (4, 5, 5)), 2)
45 : ((0, 5, 2), (0, 7, 3))
46 : ((7, 0, 1), (7, 4, 1))
47 : (((0, 0, 2), (3, 0, 4)), 1)
48 : ((4, 7, 4), (6, 7, 3))
49 : ((4, 3, 4), (6, 3, 4))
50 : ((0, 0, 2), (3, 0, 4))
51 : (((0, 3, 2), (2, 3, 6)), 2)
52 : ((0, 7, 3), (2, 7, 6))
53 : ((5, 0, 3), (5, 2, 2))
54 : ((1, 8, 1), (3, 8, 3))
55 : (((4, 7, 4), (6, 7, 3)), 2)
56 : ((6, 1, 3), (6, 3, 4))
57 : (((8, 1, 2), (8, 3, 4)), 1)
58 : (((0, 3, 2), (0, 5, 2)), 2)
59 : (((3, 0, 4), (5, 0, 3)), 2)
60 : ((0, 0, 2), (0, 3, 2))
61 : ((4, 5, 5), (6, 5, 5))
62 : (((0, 5, 2), (0, 7, 3)), 2)
63 : (((4, 3, 4), (6, 3, 4)), 2)
64 : ((3, 8, 3), (5, 8, 3))
65 : (((6, 3, 4), (8, 3, 4)), 1)
66 : ((3, 2, 2), (3, 8, 3))
67 : (((6, 3, 4), (6, 5, 5)), 1)
68 : ((0, 5, 2), (2, 5, 6))
69 : ((4, 1, 1), (4, 3, 4))
70 : (((4, 1, 1), (4, 3, 4)), 1)
71 : (((5, 2, 2), (5, 4, 2)), 2)
72 : ((6, 3, 4), (8, 3, 4))
73 : (((5, 0, 3), (5, 2, 2)), 2)
74 : (((4, 5, 5), (6, 5, 5)), 1)
75 : (((4, 3, 4), (4, 5, 5)), 1)
76 : ((5, 4, 2), (5, 8, 3))
77 : (((5, 8, 3), (8, 8, 2)), 2)
78 : (((3, 8, 3), (5, 8, 3)), 1)
79 : (((5, 4, 2), (7, 4, 1)), 1)
80 : (((2, 7, 6), (4, 7, 4)), 1)
81 : (((2, 5, 6), (2, 7, 6)), 2)
82 : (((3, 0, 4), (3, 2, 2)), 1)
83 : (((6, 5, 5), (6, 7, 3)), 1)
84 : ((5, 2, 2), (5, 4, 2))
85 : (((6, 1, 3), (6, 3, 4)), 2)
86 : ((3, 0, 4), (5, 0, 3))
87 : (((0, 0, 2), (0, 3, 2)), 2)
88 : ((4, 1, 1), (6, 1, 3))
89 : (((2, 5, 6), (4, 5, 5)), 1)
90 : (((6, 1, 3), (8, 1, 2)), 2)
91 : ((8, 1, 2), (8, 3, 4))
92 : (((2, 3, 6), (4, 3, 4)), 1)
93 : (((5, 4, 2), (5, 8, 3)), 2)
94 : ((6, 3, 4), (6, 5, 5))
95 : (((0, 7, 3), (2, 7, 6)), 1)
96 : (((3, 2, 2), (5, 2, 2)), 2)
97 : (((4, 5, 5), (4, 7, 4)), 2)
98 : (((7, 0, 1), (7, 4, 1)), 1)
99 : ((2, 1, 1), (4, 1, 1))
100 : (((4, 7, 4), (6, 7, 3)), 1)
101 : ((5, 8, 3), (8, 8, 2))
102 : (((3, 2, 2), (3, 8, 3)), 2)
103 : (((3, 0, 4), (5, 0, 3)), 1)
104 : ((2, 5, 6), (4, 5, 5))
105 : ((6, 5, 5), (6, 7, 3))
106 : (((6, 5, 5), (8, 5, 3)), 1)
107 : (((1, 8, 1), (3, 8, 3)), 1)
108 : (((0, 5, 2), (0, 7, 3)), 1)
109 : ((2, 3, 6), (4, 3, 4))
110 : (((8, 3, 4), (8, 5, 3)), 2)
111 : (((8, 1, 2), (8, 3, 4)), 2)
112 : ((0, 3, 2), (2, 3, 6))
113 : (((2, 1, 1), (2, 3, 6)), 1)
114 : (((8, 5, 3), (8, 8, 2)), 1)
115 : ((5, 4, 2), (7, 4, 1))
116 : (((5, 8, 3), (8, 8, 2)), 1)
117 : ((8, 5, 3), (8, 8, 2))
118 : ((2, 5, 6), (2, 7, 6))
119 : (((0, 5, 2), (2, 5, 6)), 2)
120 : (((2, 5, 6), (2, 7, 6)), 1)
121 : (((2, 3, 6), (2, 5, 6)), 2)
