1 : ((12, 7, 6), (14, 7, 4))
2 : (((12, 12, 5), (12, 14, 5)), 1)
3 : (((1, 14, 4), (1, 16, 4)), 2)
4 : ((0, 3, 3), (0, 5, 2))
5 : (((4, 4, 4), (4, 7, 4)), 1)
6 : (((12, 7, 6), (14, 7, 4)), 1)
7 : ((14, 3, 1), (14, 7, 4))
8 : (((1, 4, 5), (4, 4, 4)), 2)
9 : ((1, 8, 1), (1, 11, 2))
10 : (((11, 2, 7), (11, 4, 5)), 1)
11 : (((2, 13, 1), (4, 13, 2)), 1)
12 : ((5, 6, 1), (11, 6, 2))
13 : ((12, 12, 5), (15, 12, 3))
14 : (((13, 6, 1), (16, 6, 2)), 1)
15 : ((12, 5, 3), (12, 7, 6))
16 : (((3, 12, 2), (5, 12, 5)), 1)
17 : ((9, 12, 5), (12, 12, 5))
18 : ((2, 2, 2), (4, 2, 4))
19 : ((12, 3, 2), (14, 3, 1))
20 : (((0, 7, 2), (2, 7, 5)), 1)
21 : (((16, 6, 2), (16, 9, 3)), 1)
22 : (((13, 0, 2), (13, 2, 3)), 2)
23 : ((4, 9, 3), (7, 9, 3))
24 : (((7, 16, 4), (9, 16, 3)), 1)
25 : (((0, 3, 3), (0, 5, 2)), 2)
26 : (((11, 0, 4), (11, 2, 7)), 2)
27 : (((1, 14, 4), (1, 16, 4)), 1)
28 : (((16, 13, 2), (16, 16, 2)), 2)
29 : (((3, 14, 4), (5, 14, 7)), 1)
30 : (((4, 7, 4), (4, 9, 3)), 2)
31 : ((4, 11, 3), (14, 11, 1))
32 : (((1, 4, 5), (4, 4, 4)), 1)
33 : (((7, 9, 3), (7, 12, 5)), 1)
34 : ((13, 4, 2), (16, 4, 2))
35 : (((12, 9, 6), (14, 9, 3)), 1)
36 : (((4, 4, 4), (7, 4, 7)), 2)
37 : (((11, 2, 7), (13, 2, 3)), 2)
38 : ((13, 0, 2), (15, 0, 3))
39 : (((11, 16, 3), (14, 16, 4)), 2)
40 : ((2, 7, 5), (4, 7, 4))
41 : ((1, 11, 2), (4, 11, 3))
42 : (((1, 11, 2), (1, 14, 4)), 2)
43 : (((1, 8, 1), (5, 8, 4)), 1)
44 : ((7, 16, 4), (9, 16, 3))
45 : (((3, 10, 1), (3, 12, 2)), 1)
46 : (((11, 6, 2), (13, 6, 1)), 1)
47 : (((11, 0, 4), (13, 0, 2)), 2)
48 : ((2, 13, 1), (4, 13, 2))
49 : (((13, 0, 2), (13, 2, 3)), 1)
50 : (((9, 2, 6), (11, 2, 7)), 2)
51 : ((7, 4, 7), (9, 4, 5))
52 : ((7, 2, 7), (7, 4, 7))
53 : ((9, 16, 3), (11, 16, 3))
54 : (((0, 3, 3), (0, 5, 2)), 1)
55 : (((1, 8, 1), (1, 11, 2)), 1)
56 : ((0, 12, 2), (0, 15, 1))
57 : (((11, 0, 4), (11, 2, 7)), 1)
58 : (((12, 3, 2), (12, 5, 3)), 2)
59 : (((12, 7, 6), (12, 9, 6)), 1)
60 : ((15, 8, 2), (15, 10, 2))
61 : ((12, 9, 6), (14, 9, 3))
62 : ((13, 2, 3), (13, 4, 2))
63 : (((4, 7, 4), (4, 9, 3)), 1)
64 : ((9, 12, 5), (9, 14, 6))
65 : (((9, 7, 3), (9, 9, 6)), 2)
66 : ((4, 2, 4), (4, 4, 4))
67 : ((4, 7, 4), (4, 9, 3))
68 : (((7, 2, 7), (7, 4, 7)), 2)
69 : ((2, 9, 4), (2, 13, 1))
70 : (((7, 0, 2), (9, 0, 2)), 2)
71 : ((5, 10, 4), (5, 12, 5))
72 : (((5, 14, 7), (5, 16, 5)), 2)
73 : (((4, 4, 4), (7, 4, 7)), 1)
74 : (((7, 14, 8), (9, 14, 6)), 1)
75 : (((11, 16, 3), (14, 16, 4)), 1)
76 : ((0, 7, 2), (0, 10, 2))
77 : ((3, 16, 5), (5, 16, 5))
78 : (((7, 4, 7), (7, 7, 3)), 2)
79 : (((5, 16, 5), (7, 16, 4)), 1)
80 : ((11, 0, 4), (11, 2, 7))
81 : ((14, 11, 1), (16, 11, 3))
82 : (((4, 9, 3), (4, 11, 3)), 2)
83 : (((2, 0, 2), (2, 2, 2)), 2)
84 : (((11, 0, 4), (13, 0, 2)), 1)
85 : ((4, 4, 4), (7, 4, 7))
86 : (((9, 2, 6), (9, 4, 5)), 2)
87 : (((9, 2, 6), (11, 2, 7)), 1)
88 : ((9, 4, 5), (11, 4, 5))
89 : (((9, 9, 6), (12, 9, 6)), 2)
90 : ((7, 12, 5), (7, 14, 8))
91 : (((4, 11, 3), (4, 13, 2)), 1)
92 : (((12, 3, 2), (12, 5, 3)), 1)
93 : ((4, 11, 3), (4, 13, 2))
94 : ((1, 14, 4), (1, 16, 4))
95 : (((5, 6, 1), (5, 8, 4)), 1)
96 : (((1, 16, 4), (3, 16, 5)), 1)
97 : (((14, 3, 1), (14, 7, 4)), 1)
98 : (((2, 5, 1), (2, 7, 5)), 1)
99 : ((0, 3, 3), (12, 3, 2))
100 : (((9, 7, 3), (9, 9, 6)), 1)
101 : ((1, 4, 5), (1, 6, 2))
102 : ((5, 8, 4), (8, 8, 2))
103 : (((5, 8, 4), (8, 8, 2)), 1)
104 : (((7, 0, 2), (9, 0, 2)), 1)
105 : ((15, 12, 3), (15, 15, 1))
106 : (((1, 6, 2), (1, 8, 1)), 1)
107 : (((2, 2, 2), (4, 2, 4)), 2)
108 : (((5, 10, 4), (15, 10, 2)), 2)
109 : (((1, 14, 4), (3, 14, 4)), 2)
110 : ((5, 6, 1), (5, 8, 4))
111 : ((10, 8, 1), (15, 8, 2))
112 : (((7, 7, 3), (9, 7, 3)), 2)
113 : ((1, 11, 2), (1, 14, 4))
114 : (((16, 9, 3), (16, 11, 3)), 1)
115 : ((1, 16, 4), (3, 16, 5))
116 : (((4, 11, 3), (14, 11, 1)), 1)
117 : ((9, 7, 3), (12, 7, 6))
118 : ((0, 0, 3), (0, 3, 3))
119 : (((1, 1, 2), (16, 1, 1)), 1)
120 : (((0, 10, 2), (3, 10, 1)), 1)
121 : (((0, 5, 2), (0, 7, 2)), 2)
122 : (((13, 0, 2), (15, 0, 3)), 2)
123 : ((2, 7, 5), (2, 9, 4))
124 : ((0, 12, 2), (3, 12, 2))
125 : ((7, 12, 5), (9, 12, 5))
126 : (((9, 9, 6), (12, 9, 6)), 1)
127 : (((5, 14, 7), (7, 14, 8)), 1)
128 : ((5, 14, 7), (5, 16, 5))
129 : (((16, 11, 3), (16, 13, 2)), 2)
130 : (((14, 16, 4), (16, 16, 2)), 2)
131 : (((13, 4, 2), (16, 4, 2)), 2)
132 : ((11, 2, 7), (13, 2, 3))
133 : ((1, 14, 4), (3, 14, 4))
134 : (((15, 8, 2), (15, 10, 2)), 2)
135 : ((11, 16, 3), (14, 16, 4))
136 : ((5, 0, 1), (7, 0, 2))
137 : (((14, 9, 3), (14, 11, 1)), 1)
138 : (((0, 12, 2), (0, 15, 1)), 1)
139 : (((7, 4, 7), (9, 4, 5)), 2)
140 : (((0, 3, 3), (12, 3, 2)), 1)
141 : ((7, 0, 2), (7, 2, 7))
142 : (((2, 2, 2), (4, 2, 4)), 1)
143 : (((12, 5, 3), (12, 7, 6)), 1)
144 : (((5, 0, 1), (7, 0, 2)), 1)
145 : (((5, 10, 4), (15, 10, 2)), 1)
146 : ((7, 4, 7), (7, 7, 3))
147 : (((1, 14, 4), (3, 14, 4)), 1)
148 : (((5, 12, 5), (5, 14, 7)), 1)
149 : (((16, 1, 1), (16, 4, 2)), 1)
150 : (((12, 5, 3), (15, 5, 2)), 2)
151 : (((15, 0, 3), (15, 2, 4)), 1)
152 : ((12, 12, 5), (12, 14, 5))
153 : (((7, 7, 3), (9, 7, 3)), 1)
154 : ((11, 4, 5), (11, 6, 2))
155 : ((12, 5, 3), (15, 5, 2))
156 : ((9, 4, 5), (9, 7, 3))
157 : ((13, 6, 1), (16, 6, 2))
158 : ((2, 5, 1), (2, 7, 5))
159 : (((1, 6, 2), (5, 6, 1)), 1)
160 : (((9, 16, 3), (11, 16, 3)), 2)
161 : ((15, 10, 2), (15, 12, 3))
162 : ((0, 5, 2), (0, 7, 2))
163 : (((2, 7, 5), (4, 7, 4)), 1)
164 : (((0, 5, 2), (0, 7, 2)), 1)
165 : (((13, 0, 2), (15, 0, 3)), 1)
166 : ((13, 2, 3), (15, 2, 4))
167 : (((5, 10, 4), (5, 12, 5)), 2)
168 : ((1, 8, 1), (5, 8, 4))
169 : ((12, 9, 6), (12, 12, 5))
170 : (((16, 11, 3), (16, 13, 2)), 1)
171 : (((14, 16, 4), (16, 16, 2)), 1)
172 : (((13, 4, 2), (16, 4, 2)), 1)
173 : ((5, 8, 4), (5, 10, 4))
174 : ((2, 2, 2), (2, 5, 1))
175 : (((2, 9, 4), (2, 13, 1)), 1)
176 : ((3, 14, 4), (5, 14, 7))
177 : ((0, 5, 2), (2, 5, 1))
178 : (((12, 5, 3), (15, 5, 2)), 1)
179 : ((0, 10, 2), (3, 10, 1))
180 : ((12, 14, 5), (14, 14, 2))
181 : (((14, 9, 3), (16, 9, 3)), 2)
182 : ((16, 4, 2), (16, 6, 2))
183 : (((1, 1, 2), (1, 4, 5)), 2)
184 : (((12, 12, 5), (15, 12, 3)), 2)
185 : (((11, 4, 5), (11, 6, 2)), 2)
186 : (((0, 0, 3), (0, 3, 3)), 2)
187 : (((3, 16, 5), (5, 16, 5)), 2)
188 : (((4, 2, 4), (7, 2, 7)), 2)
189 : (((5, 10, 4), (5, 12, 5)), 1)
190 : (((15, 12, 3), (15, 15, 1)), 1)
191 : ((11, 2, 7), (11, 4, 5))
192 : (((12, 3, 2), (14, 3, 1)), 1)
193 : (((16, 13, 2), (16, 16, 2)), 1)
194 : (((16, 4, 2), (16, 6, 2)), 2)
195 : (((13, 4, 2), (13, 6, 1)), 1)
196 : (((7, 12, 5), (7, 14, 8)), 2)
197 : ((16, 11, 3), (16, 13, 2))
198 : (((9, 0, 2), (9, 2, 6)), 2)
199 : (((9, 14, 6), (9, 16, 3)), 2)
200 : (((11, 2, 7), (13, 2, 3)), 1)
201 : ((3, 14, 4), (3, 16, 5))
202 : (((1, 11, 2), (1, 14, 4)), 1)
203 : ((0, 10, 2), (0, 12, 2))
204 : (((1, 1, 2), (1, 4, 5)), 1)
205 : (((7, 7, 3), (7, 9, 3)), 2)
206 : (((7, 0, 2), (7, 2, 7)), 2)
207 : (((3, 16, 5), (5, 16, 5)), 1)
208 : (((14, 14, 2), (14, 16, 4)), 2)
209 : ((15, 0, 3), (15, 2, 4))
210 : (((4, 2, 4), (4, 4, 4)), 2)
211 : ((5, 16, 5), (7, 16, 4))
212 : ((5, 12, 5), (7, 12, 5))
213 : (((4, 2, 4), (7, 2, 7)), 1)
214 : (((0, 10, 2), (0, 12, 2)), 2)
215 : (((15, 5, 2), (15, 8, 2)), 2)
216 : ((9, 2, 6), (11, 2, 7))
217 : (((12, 14, 5), (14, 14, 2)), 2)
218 : (((13, 2, 3), (15, 2, 4)), 2)
219 : (((14, 7, 4), (14, 9, 3)), 2)
220 : ((2, 0, 2), (2, 2, 2))
221 : (((7, 14, 8), (7, 16, 4)), 2)
222 : (((7, 2, 7), (7, 4, 7)), 1)
223 : (((9, 0, 2), (9, 2, 6)), 1)
224 : (((0, 0, 3), (2, 0, 2)), 2)
225 : (((11, 6, 2), (11, 16, 3)), 2)
226 : (((5, 14, 7), (5, 16, 5)), 1)
227 : (((9, 14, 6), (9, 16, 3)), 1)
228 : ((7, 0, 2), (9, 0, 2))
229 : (((9, 12, 5), (9, 14, 6)), 2)
230 : (((0, 15, 1), (15, 15, 1)), 1)
231 : (((2, 7, 5), (2, 9, 4)), 2)
232 : (((9, 12, 5), (12, 12, 5)), 2)
233 : ((9, 2, 6), (9, 4, 5))
234 : (((2, 0, 2), (5, 0, 1)), 1)
235 : ((16, 1, 1), (16, 4, 2))
236 : (((7, 4, 7), (7, 7, 3)), 1)
237 : (((4, 9, 3), (4, 11, 3)), 1)
238 : (((2, 0, 2), (2, 2, 2)), 1)
239 : (((9, 4, 5), (9, 7, 3)), 2)
240 : ((1, 6, 2), (5, 6, 1))
241 : ((2, 0, 2), (5, 0, 1))
242 : (((4, 4, 4), (4, 7, 4)), 2)
243 : (((5, 12, 5), (7, 12, 5)), 2)
244 : (((7, 7, 3), (7, 9, 3)), 1)
245 : (((7, 0, 2), (7, 2, 7)), 1)
246 : (((9, 2, 6), (9, 4, 5)), 1)
247 : ((0, 0, 3), (2, 0, 2))
248 : ((9, 9, 6), (9, 12, 5))
249 : (((14, 14, 2), (14, 16, 4)), 1)
250 : ((16, 9, 3), (16, 11, 3))
251 : ((8, 8, 2), (10, 8, 1))
252 : ((4, 7, 4), (7, 7, 3))
253 : (((3, 12, 2), (3, 14, 4)), 2)
254 : (((5, 6, 1), (11, 6, 2)), 1)
255 : (((0, 10, 2), (0, 12, 2)), 1)
256 : (((15, 5, 2), (15, 8, 2)), 1)
257 : (((4, 13, 2), (16, 13, 2)), 2)
258 : (((5, 8, 4), (5, 10, 4)), 2)
259 : ((15, 5, 2), (15, 8, 2))
260 : ((9, 14, 6), (12, 14, 5))
261 : (((0, 7, 2), (2, 7, 5)), 2)
262 : (((15, 10, 2), (15, 12, 3)), 2)
263 : ((13, 0, 2), (13, 2, 3))
264 : ((9, 0, 2), (9, 2, 6))
265 : (((12, 14, 5), (14, 14, 2)), 1)
266 : (((13, 2, 3), (15, 2, 4)), 1)
267 : (((7, 14, 8), (7, 16, 4)), 1)
268 : ((1, 6, 2), (1, 8, 1))
269 : ((2, 9, 4), (4, 9, 3))
270 : ((16, 13, 2), (16, 16, 2))
271 : ((1, 4, 5), (4, 4, 4))
272 : ((15, 2, 4), (15, 5, 2))
273 : ((11, 6, 2), (13, 6, 1))
274 : (((9, 0, 2), (11, 0, 4)), 2)
275 : (((4, 9, 3), (7, 9, 3)), 2)
276 : (((9, 12, 5), (12, 12, 5)), 1)
277 : ((9, 7, 3), (9, 9, 6))
278 : ((7, 14, 8), (7, 16, 4))
279 : (((3, 14, 4), (5, 14, 7)), 2)
280 : (((9, 4, 5), (9, 7, 3)), 1)
281 : ((14, 16, 4), (16, 16, 2))
282 : (((5, 12, 5), (7, 12, 5)), 1)
283 : (((2, 5, 1), (12, 5, 3)), 1)
284 : ((12, 7, 6), (12, 9, 6))
285 : (((7, 9, 3), (7, 12, 5)), 2)
286 : ((11, 4, 5), (13, 4, 2))
287 : ((0, 15, 1), (15, 15, 1))
288 : ((3, 12, 2), (5, 12, 5))
289 : (((0, 7, 2), (0, 10, 2)), 2)
290 : ((16, 6, 2), (16, 9, 3))
291 : (((12, 9, 6), (14, 9, 3)), 2)
292 : (((3, 12, 2), (3, 14, 4)), 1)
293 : (((7, 9, 3), (9, 9, 6)), 2)
294 : (((14, 11, 1), (16, 11, 3)), 1)
295 : (((4, 13, 2), (16, 13, 2)), 1)
296 : (((5, 8, 4), (5, 10, 4)), 1)
297 : ((3, 10, 1), (3, 12, 2))
298 : (((15, 10, 2), (15, 12, 3)), 1)
299 : (((15, 8, 2), (15, 10, 2)), 1)
300 : ((12, 3, 2), (12, 5, 3))
301 : ((3, 10, 1), (5, 10, 4))
302 : (((7, 4, 7), (9, 4, 5)), 1)
303 : ((0, 7, 2), (2, 7, 5))
304 : (((9, 0, 2), (11, 0, 4)), 1)
305 : (((12, 7, 6), (12, 9, 6)), 2)
306 : (((4, 9, 3), (7, 9, 3)), 1)
307 : (((15, 2, 4), (15, 5, 2)), 2)
308 : ((1, 1, 2), (16, 1, 1))
309 : (((1, 11, 2), (4, 11, 3)), 2)
310 : ((2, 5, 1), (12, 5, 3))
311 : (((9, 16, 3), (11, 16, 3)), 1)
312 : (((5, 0, 1), (5, 6, 1)), 1)
313 : ((9, 9, 6), (12, 9, 6))
314 : ((14, 9, 3), (16, 9, 3))
315 : (((12, 9, 6), (12, 12, 5)), 2)
316 : ((11, 0, 4), (13, 0, 2))
317 : (((0, 7, 2), (0, 10, 2)), 1)
318 : (((7, 14, 8), (9, 14, 6)), 2)
319 : ((4, 4, 4), (4, 7, 4))
320 : (((0, 12, 2), (3, 12, 2)), 2)
321 : (((9, 9, 6), (9, 12, 5)), 2)
322 : (((7, 9, 3), (9, 9, 6)), 1)
323 : ((5, 10, 4), (15, 10, 2))
324 : ((14, 7, 4), (14, 9, 3))
325 : ((4, 9, 3), (4, 11, 3))
326 : (((7, 2, 7), (9, 2, 6)), 2)
327 : (((5, 16, 5), (7, 16, 4)), 2)
328 : ((1, 1, 2), (1, 4, 5))
329 : ((5, 0, 1), (5, 6, 1))
330 : (((4, 11, 3), (4, 13, 2)), 2)
331 : (((13, 2, 3), (13, 4, 2)), 2)
332 : (((15, 2, 4), (15, 5, 2)), 1)
333 : (((9, 14, 6), (12, 14, 5)), 2)
334 : (((1, 4, 5), (1, 6, 2)), 2)
335 : (((14, 9, 3), (16, 9, 3)), 1)
336 : (((1, 11, 2), (4, 11, 3)), 1)
337 : (((9, 7, 3), (12, 7, 6)), 2)
338 : (((1, 16, 4), (3, 16, 5)), 2)
339 : (((11, 4, 5), (13, 4, 2)), 2)
340 : (((7, 12, 5), (9, 12, 5)), 2)
341 : (((12, 12, 5), (15, 12, 3)), 1)
342 : (((11, 4, 5), (11, 6, 2)), 1)
343 : (((0, 0, 3), (0, 3, 3)), 1)
344 : (((9, 4, 5), (11, 4, 5)), 2)
345 : (((12, 9, 6), (12, 12, 5)), 1)
346 : (((0, 5, 2), (2, 5, 1)), 1)
347 : ((3, 12, 2), (3, 14, 4))
348 : (((5, 8, 4), (8, 8, 2)), 2)
349 : (((2, 9, 4), (4, 9, 3)), 2)
350 : ((13, 4, 2), (13, 6, 1))
351 : ((9, 14, 6), (9, 16, 3))
352 : (((0, 12, 2), (3, 12, 2)), 1)
353 : (((9, 9, 6), (9, 12, 5)), 1)
354 : (((4, 7, 4), (7, 7, 3)), 2)
355 : (((16, 4, 2), (16, 6, 2)), 1)
356 : (((7, 12, 5), (7, 14, 8)), 1)
357 : ((14, 11, 1), (14, 14, 2))
358 : (((16, 9, 3), (16, 11, 3)), 2)
359 : (((7, 2, 7), (9, 2, 6)), 1)
360 : ((14, 9, 3), (14, 11, 1))
361 : ((4, 13, 2), (16, 13, 2))
362 : (((2, 2, 2), (2, 5, 1)), 1)
363 : ((11, 6, 2), (11, 16, 3))
364 : (((14, 11, 1), (14, 14, 2)), 1)
365 : ((5, 12, 5), (5, 14, 7))
366 : (((3, 14, 4), (3, 16, 5)), 2)
367 : (((5, 14, 7), (7, 14, 8)), 2)
368 : (((12, 12, 5), (12, 14, 5)), 2)
369 : (((13, 2, 3), (13, 4, 2)), 1)
370 : ((7, 7, 3), (9, 7, 3))
371 : (((9, 14, 6), (12, 14, 5)), 1)
372 : (((1, 4, 5), (1, 6, 2)), 1)
373 : (((9, 7, 3), (12, 7, 6)), 1)
374 : ((7, 9, 3), (9, 9, 6))
375 : (((3, 10, 1), (5, 10, 4)), 1)
376 : (((11, 4, 5), (13, 4, 2)), 1)
377 : (((12, 7, 6), (14, 7, 4)), 2)
378 : (((7, 12, 5), (9, 12, 5)), 1)
379 : (((9, 4, 5), (11, 4, 5)), 1)
380 : (((11, 2, 7), (11, 4, 5)), 2)
381 : (((4, 2, 4), (4, 4, 4)), 1)
382 : ((7, 14, 8), (9, 14, 6))
383 : (((8, 8, 2), (10, 8, 1)), 1)
384 : ((9, 0, 2), (11, 0, 4))
385 : (((3, 12, 2), (5, 12, 5)), 2)
386 : (((2, 9, 4), (4, 9, 3)), 1)
387 : (((10, 8, 1), (15, 8, 2)), 1)
388 : (((0, 3, 3), (12, 3, 2)), 2)
389 : (((12, 5, 3), (12, 7, 6)), 2)
390 : (((5, 12, 5), (5, 14, 7)), 2)
391 : (((4, 7, 4), (7, 7, 3)), 1)
392 : (((15, 0, 3), (15, 2, 4)), 2)
393 : (((16, 6, 2), (16, 9, 3)), 2)
394 : (((14, 7, 4), (14, 9, 3)), 1)
395 : ((4, 2, 4), (7, 2, 7))
396 : ((5, 14, 7), (7, 14, 8))
397 : ((7, 9, 3), (7, 12, 5))
398 : (((0, 0, 3), (2, 0, 2)), 1)
399 : (((11, 6, 2), (11, 16, 3)), 1)
400 : ((7, 7, 3), (7, 9, 3))
401 : (((7, 16, 4), (9, 16, 3)), 2)
402 : (((2, 7, 5), (4, 7, 4)), 2)
403 : (((9, 12, 5), (9, 14, 6)), 1)
404 : (((3, 14, 4), (3, 16, 5)), 1)
405 : ((7, 2, 7), (9, 2, 6))
406 : (((2, 7, 5), (2, 9, 4)), 1)
407 : ((14, 14, 2), (14, 16, 4))
