1 : ((19, 16, 1), (19, 18, 2))
2 : ((1, 11, 3), (1, 13, 5))
3 : (((1, 19, 3), (3, 19, 3)), 1)
4 : ((4, 4, 4), (6, 4, 1))
5 : (((13, 11, 5), (13, 13, 5)), 1)
6 : ((16, 2, 3), (16, 4, 1))
7 : (((3, 13, 3), (3, 15, 6)), 1)
8 : ((0, 4, 1), (4, 4, 4))
9 : ((5, 5, 3), (5, 8, 1))
10 : (((1, 11, 3), (1, 13, 5)), 1)
11 : (((0, 0, 2), (0, 2, 3)), 2)
12 : (((16, 8, 2), (16, 11, 2)), 1)
13 : (((16, 8, 2), (19, 8, 2)), 2)
14 : (((1, 15, 5), (1, 17, 5)), 1)
15 : (((10, 12, 3), (17, 12, 4)), 1)
16 : (((0, 14, 3), (4, 14, 2)), 2)
17 : (((17, 16, 3), (19, 16, 1)), 1)
18 : (((4, 14, 2), (6, 14, 7)), 1)
19 : (((11, 9, 5), (11, 11, 3)), 2)
20 : (((18, 4, 3), (18, 6, 3)), 2)
21 : (((6, 12, 6), (6, 14, 7)), 1)
22 : (((13, 9, 6), (18, 9, 2)), 1)
23 : (((18, 6, 3), (18, 9, 2)), 2)
24 : ((2, 5, 1), (5, 5, 3))
25 : (((6, 17, 6), (9, 17, 2)), 2)
26 : ((8, 12, 7), (8, 14, 5))
27 : ((8, 2, 1), (10, 2, 2))
28 : (((13, 3, 6), (13, 5, 6)), 1)
29 : ((10, 6, 2), (16, 6, 3))
30 : ((17, 14, 5), (19, 14, 2))
31 : (((2, 0, 5), (2, 2, 5)), 1)
32 : (((10, 2, 2), (14, 2, 2)), 1)
33 : (((8, 16, 4), (8, 19, 4)), 2)
34 : (((8, 6, 5), (8, 8, 1)), 1)
35 : ((3, 11, 3), (5, 11, 1))
36 : (((1, 17, 5), (1, 19, 3)), 1)
37 : (((3, 17, 7), (3, 19, 3)), 2)
38 : (((8, 10, 3), (10, 10, 2)), 1)
39 : (((7, 0, 2), (10, 0, 2)), 2)
40 : (((1, 17, 5), (3, 17, 7)), 2)
41 : (((13, 7, 7), (13, 9, 6)), 1)
42 : ((13, 5, 6), (13, 7, 7))
43 : ((11, 13, 7), (11, 15, 5))
44 : (((8, 14, 5), (8, 16, 4)), 1)
45 : (((10, 2, 2), (10, 4, 3)), 1)
46 : (((3, 15, 6), (3, 17, 7)), 2)
47 : (((16, 0, 2), (16, 2, 3)), 2)
48 : (((6, 4, 1), (6, 6, 2)), 1)
49 : (((11, 11, 3), (13, 11, 5)), 2)
50 : (((11, 7, 5), (13, 7, 7)), 2)
51 : ((15, 10, 2), (15, 13, 4))
52 : ((3, 15, 6), (5, 15, 1))
53 : (((0, 16, 2), (8, 16, 4)), 2)
54 : ((0, 18, 1), (17, 18, 2))
55 : ((13, 3, 6), (15, 3, 5))
56 : (((2, 2, 5), (4, 2, 4)), 2)
57 : (((17, 12, 4), (19, 12, 2)), 2)
58 : ((17, 3, 3), (19, 3, 3))
59 : (((4, 9, 2), (6, 9, 4)), 2)
60 : (((17, 14, 5), (17, 16, 3)), 2)
61 : (((0, 16, 2), (0, 18, 1)), 1)
62 : ((14, 2, 2), (16, 2, 3))
63 : (((4, 9, 2), (4, 12, 3)), 2)
64 : (((0, 0, 2), (0, 2, 3)), 1)
65 : ((17, 5, 2), (19, 5, 3))
66 : (((19, 5, 3), (19, 8, 2)), 2)
67 : ((4, 9, 2), (6, 9, 4))
68 : (((0, 14, 3), (4, 14, 2)), 1)
69 : ((1, 17, 5), (3, 17, 7))
70 : ((17, 16, 3), (17, 18, 2))
71 : (((19, 16, 1), (19, 18, 2)), 1)
72 : (((17, 16, 3), (17, 18, 2)), 2)
73 : ((13, 0, 2), (13, 3, 6))
74 : (((5, 11, 1), (5, 15, 1)), 1)
75 : (((15, 7, 4), (17, 7, 1)), 1)
76 : (((0, 4, 1), (4, 4, 4)), 1)
77 : (((15, 5, 4), (17, 5, 2)), 2)
78 : (((18, 6, 3), (18, 9, 2)), 1)
79 : ((15, 5, 4), (15, 7, 4))
80 : (((0, 7, 3), (2, 7, 4)), 2)
81 : (((6, 17, 6), (9, 17, 2)), 1)
82 : (((10, 10, 2), (10, 12, 3)), 1)
83 : (((6, 9, 4), (9, 9, 4)), 1)
84 : (((8, 2, 1), (8, 4, 4)), 1)
85 : ((0, 14, 3), (0, 16, 2))
86 : (((4, 12, 3), (4, 14, 2)), 2)
87 : ((5, 8, 1), (8, 8, 1))
88 : ((18, 9, 2), (18, 11, 1))
89 : (((8, 16, 4), (8, 19, 4)), 1)
90 : (((9, 13, 3), (9, 15, 2)), 2)
91 : (((16, 4, 1), (16, 6, 3)), 1)
92 : (((10, 4, 3), (10, 6, 2)), 2)
93 : (((3, 17, 7), (3, 19, 3)), 1)
94 : (((7, 0, 2), (10, 0, 2)), 1)
95 : (((1, 17, 5), (3, 17, 7)), 1)
96 : (((6, 6, 2), (8, 6, 5)), 2)
97 : (((2, 9, 2), (4, 9, 2)), 2)
98 : ((7, 0, 2), (7, 3, 6))
99 : (((3, 15, 6), (3, 17, 7)), 1)
100 : (((16, 0, 2), (16, 2, 3)), 1)
101 : ((1, 15, 5), (1, 17, 5))
102 : ((8, 16, 4), (8, 19, 4))
103 : (((10, 12, 3), (10, 16, 1)), 1)
104 : (((11, 7, 5), (13, 7, 7)), 1)
105 : ((6, 19, 4), (8, 19, 4))
106 : (((15, 10, 2), (17, 10, 2)), 1)
107 : ((6, 14, 7), (8, 14, 5))
108 : (((0, 16, 2), (8, 16, 4)), 1)
109 : ((0, 16, 2), (8, 16, 4))
110 : (((17, 12, 4), (19, 12, 2)), 1)
111 : (((6, 9, 4), (6, 12, 6)), 1)
112 : (((14, 15, 1), (16, 15, 1)), 1)
113 : (((4, 7, 3), (9, 7, 4)), 2)
114 : ((10, 6, 2), (10, 10, 2))
115 : (((17, 14, 5), (17, 16, 3)), 1)
116 : ((9, 17, 2), (11, 17, 4))
117 : ((16, 6, 3), (18, 6, 3))
118 : ((4, 2, 4), (4, 4, 4))
119 : (((19, 5, 3), (19, 8, 2)), 1)
120 : (((0, 2, 3), (2, 2, 5)), 2)
121 : (((9, 7, 4), (9, 9, 4)), 2)
122 : ((9, 3, 3), (11, 3, 6))
123 : (((15, 3, 5), (17, 3, 3)), 2)
124 : (((0, 10, 3), (0, 12, 3)), 2)
125 : (((15, 5, 4), (17, 5, 2)), 1)
126 : ((13, 13, 5), (13, 16, 3))
127 : ((8, 6, 5), (8, 8, 1))
128 : ((6, 2, 2), (6, 4, 1))
129 : ((18, 2, 4), (18, 4, 3))
130 : ((0, 0, 2), (2, 0, 5))
131 : (((11, 7, 5), (11, 9, 5)), 1)
132 : (((18, 2, 4), (18, 4, 3)), 2)
133 : ((3, 15, 6), (3, 17, 7))
134 : (((4, 12, 3), (4, 14, 2)), 1)
135 : (((2, 7, 4), (2, 9, 2)), 2)
136 : (((14, 2, 2), (16, 2, 3)), 2)
137 : ((6, 4, 1), (8, 4, 4))
138 : (((6, 6, 2), (8, 6, 5)), 1)
139 : ((4, 4, 4), (4, 7, 3))
140 : ((13, 16, 3), (13, 19, 5))
141 : ((17, 7, 1), (17, 10, 2))
142 : ((10, 2, 2), (10, 4, 3))
143 : ((16, 11, 2), (18, 11, 1))
144 : ((0, 4, 1), (0, 7, 3))
145 : (((8, 12, 7), (8, 14, 5)), 2)
146 : (((17, 3, 3), (17, 5, 2)), 2)
147 : (((2, 2, 5), (2, 5, 1)), 1)
148 : ((13, 16, 3), (15, 16, 5))
149 : ((10, 4, 3), (16, 4, 1))
150 : ((1, 19, 3), (3, 19, 3))
151 : (((1, 8, 1), (3, 8, 1)), 1)
152 : (((4, 7, 3), (9, 7, 4)), 1)
153 : (((8, 19, 4), (11, 19, 3)), 1)
154 : ((4, 14, 2), (6, 14, 7))
155 : (((10, 10, 2), (15, 10, 2)), 2)
156 : (((3, 8, 1), (3, 11, 3)), 1)
157 : (((6, 6, 2), (6, 9, 4)), 2)
158 : (((19, 10, 2), (19, 12, 2)), 2)
159 : ((2, 2, 5), (2, 5, 1))
160 : ((9, 13, 3), (9, 15, 2))
161 : ((4, 0, 2), (7, 0, 2))
162 : (((0, 2, 3), (2, 2, 5)), 1)
163 : (((9, 7, 4), (9, 9, 4)), 1)
164 : ((1, 8, 1), (3, 8, 1))
165 : (((15, 3, 5), (17, 3, 3)), 1)
166 : (((7, 3, 6), (7, 5, 4)), 2)
167 : (((2, 7, 4), (4, 7, 3)), 1)
168 : ((16, 8, 2), (19, 8, 2))
169 : (((11, 3, 6), (11, 5, 5)), 2)
170 : ((19, 1, 1), (19, 3, 3))
171 : ((18, 6, 3), (18, 9, 2))
172 : (((9, 15, 2), (9, 17, 2)), 2)
173 : (((18, 2, 4), (18, 4, 3)), 1)
174 : (((1, 13, 5), (1, 15, 5)), 1)
175 : (((11, 13, 7), (13, 13, 5)), 2)
176 : (((13, 16, 3), (15, 16, 5)), 2)
177 : (((19, 3, 3), (19, 5, 3)), 2)
178 : ((8, 8, 1), (8, 10, 3))
179 : ((10, 12, 3), (17, 12, 4))
180 : (((4, 0, 2), (7, 0, 2)), 2)
181 : (((15, 3, 5), (15, 5, 4)), 2)
182 : (((2, 7, 4), (2, 9, 2)), 1)
183 : ((1, 8, 1), (1, 11, 3))
184 : ((3, 11, 3), (3, 13, 3))
185 : (((13, 5, 6), (15, 5, 4)), 2)
186 : (((3, 17, 7), (6, 17, 6)), 1)
187 : ((18, 0, 2), (18, 2, 4))
188 : (((8, 2, 1), (10, 2, 2)), 1)
189 : (((6, 2, 2), (6, 4, 1)), 1)
190 : (((11, 3, 6), (13, 3, 6)), 2)
191 : (((16, 2, 3), (16, 4, 1)), 1)
192 : (((8, 12, 7), (8, 14, 5)), 1)
193 : (((13, 13, 5), (15, 13, 4)), 2)
194 : (((11, 5, 5), (11, 7, 5)), 2)
195 : ((11, 3, 6), (13, 3, 6))
196 : (((4, 4, 4), (4, 7, 3)), 2)
197 : ((4, 2, 4), (6, 2, 2))
198 : ((5, 8, 1), (5, 11, 1))
199 : (((6, 12, 6), (8, 12, 7)), 2)
200 : (((13, 0, 2), (16, 0, 2)), 2)
201 : (((19, 10, 2), (19, 12, 2)), 1)
202 : (((6, 6, 2), (6, 9, 4)), 1)
203 : (((8, 10, 3), (8, 12, 7)), 2)
204 : ((8, 12, 7), (10, 12, 3))
205 : ((1, 15, 5), (3, 15, 6))
206 : ((11, 7, 5), (13, 7, 7))
207 : ((10, 16, 1), (13, 16, 3))
208 : (((3, 11, 3), (5, 11, 1)), 1)
209 : ((14, 15, 1), (16, 15, 1))
210 : (((13, 5, 6), (13, 7, 7)), 2)
211 : (((8, 4, 4), (8, 6, 5)), 2)
212 : ((6, 6, 2), (6, 9, 4))
213 : (((1, 13, 5), (3, 13, 3)), 2)
214 : (((3, 15, 6), (5, 15, 1)), 1)
215 : (((11, 3, 6), (11, 5, 5)), 1)
216 : (((9, 17, 2), (11, 17, 4)), 2)
217 : ((6, 14, 7), (6, 17, 6))
218 : ((17, 14, 5), (17, 16, 3))
219 : (((13, 7, 7), (15, 7, 4)), 2)
220 : (((7, 0, 2), (7, 3, 6)), 2)
221 : (((0, 7, 3), (0, 10, 3)), 1)
222 : ((19, 12, 2), (19, 14, 2))
223 : (((9, 15, 2), (9, 17, 2)), 1)
224 : (((11, 13, 7), (13, 13, 5)), 1)
225 : (((13, 16, 3), (15, 16, 5)), 1)
226 : (((15, 5, 4), (15, 7, 4)), 2)
227 : (((19, 3, 3), (19, 5, 3)), 1)
228 : ((8, 14, 5), (17, 14, 5))
229 : (((7, 3, 6), (9, 3, 3)), 2)
230 : (((15, 7, 4), (15, 10, 2)), 2)
231 : (((11, 5, 5), (13, 5, 6)), 1)
232 : ((6, 2, 2), (8, 2, 1))
233 : (((4, 0, 2), (7, 0, 2)), 1)
234 : ((11, 5, 5), (13, 5, 6))
235 : ((0, 7, 3), (2, 7, 4))
236 : (((10, 4, 3), (16, 4, 1)), 1)
237 : (((17, 12, 4), (17, 14, 5)), 2)
238 : ((11, 11, 3), (11, 13, 7))
239 : (((19, 8, 2), (19, 10, 2)), 2)
240 : ((4, 7, 3), (9, 7, 4))
241 : ((15, 3, 5), (15, 5, 4))
242 : ((8, 10, 3), (8, 12, 7))
243 : ((16, 8, 2), (16, 11, 2))
244 : ((9, 7, 4), (11, 7, 5))
245 : (((11, 3, 6), (13, 3, 6)), 1)
246 : (((9, 15, 2), (11, 15, 5)), 2)
247 : (((11, 5, 5), (11, 7, 5)), 1)
248 : ((10, 10, 2), (10, 12, 3))
249 : ((16, 2, 3), (18, 2, 4))
250 : ((10, 4, 3), (10, 6, 2))
251 : ((3, 8, 1), (3, 11, 3))
252 : ((3, 13, 3), (3, 15, 6))
253 : (((10, 6, 2), (16, 6, 3)), 2)
254 : (((13, 0, 2), (16, 0, 2)), 1)
255 : (((6, 17, 6), (6, 19, 4)), 2)
256 : ((0, 10, 3), (0, 12, 3))
257 : (((16, 8, 2), (19, 8, 2)), 1)
258 : (((17, 10, 2), (17, 12, 4)), 2)
259 : (((16, 6, 3), (16, 8, 2)), 2)
260 : (((11, 9, 5), (11, 11, 3)), 1)
261 : (((18, 4, 3), (18, 6, 3)), 1)
262 : (((13, 11, 5), (16, 11, 2)), 2)
263 : (((1, 15, 5), (3, 15, 6)), 2)
264 : ((6, 17, 6), (9, 17, 2))
265 : (((0, 18, 1), (17, 18, 2)), 1)
266 : (((8, 4, 4), (10, 4, 3)), 2)
267 : (((16, 0, 2), (18, 0, 2)), 2)
268 : (((0, 12, 3), (0, 14, 3)), 2)
269 : ((2, 0, 5), (4, 0, 2))
270 : ((5, 11, 1), (11, 11, 3))
271 : ((5, 3, 1), (7, 3, 6))
272 : (((3, 13, 3), (9, 13, 3)), 2)
273 : ((6, 4, 1), (6, 6, 2))
274 : ((18, 11, 1), (18, 19, 1))
275 : ((0, 2, 3), (2, 2, 5))
276 : ((7, 5, 4), (11, 5, 5))
277 : (((4, 0, 2), (4, 2, 4)), 2)
278 : ((9, 13, 3), (11, 13, 7))
279 : (((2, 0, 5), (4, 0, 2)), 2)
280 : (((7, 0, 2), (7, 3, 6)), 1)
281 : (((13, 7, 7), (15, 7, 4)), 1)
282 : (((16, 11, 2), (16, 15, 1)), 1)
283 : ((19, 10, 2), (19, 12, 2))
284 : (((5, 5, 3), (5, 8, 1)), 1)
285 : ((8, 2, 1), (8, 4, 4))
286 : (((15, 7, 4), (15, 10, 2)), 1)
287 : (((17, 14, 5), (19, 14, 2)), 2)
288 : (((17, 12, 4), (17, 14, 5)), 1)
289 : (((19, 8, 2), (19, 10, 2)), 1)
290 : (((11, 11, 3), (13, 11, 5)), 1)
291 : ((16, 4, 1), (18, 4, 3))
292 : ((11, 1, 1), (19, 1, 1))
293 : ((11, 7, 5), (11, 9, 5))
294 : (((10, 6, 2), (10, 10, 2)), 2)
295 : (((2, 2, 5), (4, 2, 4)), 1)
296 : (((9, 9, 4), (11, 9, 5)), 2)
297 : (((5, 5, 3), (7, 5, 4)), 2)
298 : (((19, 1, 1), (19, 3, 3)), 1)
299 : ((13, 0, 2), (16, 0, 2))
300 : (((9, 9, 4), (9, 13, 3)), 2)
301 : (((4, 9, 2), (6, 9, 4)), 1)
302 : (((8, 12, 7), (10, 12, 3)), 2)
303 : (((8, 6, 5), (10, 6, 2)), 2)
304 : ((4, 12, 3), (6, 12, 6))
305 : (((13, 16, 3), (13, 19, 5)), 2)
306 : (((10, 6, 2), (16, 6, 3)), 1)
307 : (((4, 9, 2), (4, 12, 3)), 1)
308 : (((6, 17, 6), (6, 19, 4)), 1)
309 : ((6, 17, 6), (6, 19, 4))
310 : (((5, 15, 1), (9, 15, 2)), 1)
311 : (((0, 10, 3), (8, 10, 3)), 2)
312 : ((13, 7, 7), (15, 7, 4))
313 : (((9, 3, 3), (9, 7, 4)), 2)
314 : (((17, 16, 3), (17, 18, 2)), 1)
315 : (((16, 6, 3), (16, 8, 2)), 1)
316 : ((7, 3, 6), (7, 5, 4))
317 : (((11, 15, 5), (14, 15, 1)), 1)
318 : ((13, 11, 5), (16, 11, 2))
319 : (((4, 4, 4), (6, 4, 1)), 1)
320 : (((18, 0, 2), (18, 2, 4)), 2)
321 : (((0, 7, 3), (2, 7, 4)), 1)
322 : (((1, 11, 3), (3, 11, 3)), 2)
323 : (((19, 14, 2), (19, 16, 1)), 1)
324 : (((4, 7, 3), (4, 9, 2)), 2)
325 : ((0, 14, 3), (4, 14, 2))
326 : ((13, 11, 5), (13, 13, 5))
327 : (((3, 13, 3), (9, 13, 3)), 1)
328 : ((13, 9, 6), (13, 11, 5))
329 : ((16, 0, 2), (18, 0, 2))
330 : (((2, 0, 5), (4, 0, 2)), 1)
331 : (((3, 8, 1), (5, 8, 1)), 1)
332 : ((11, 3, 6), (11, 5, 5))
333 : (((6, 4, 1), (8, 4, 4)), 1)
334 : (((9, 13, 3), (9, 15, 2)), 1)
335 : (((10, 4, 3), (10, 6, 2)), 1)
336 : (((17, 18, 2), (19, 18, 2)), 2)
337 : ((10, 2, 2), (14, 2, 2))
338 : (((10, 0, 2), (10, 2, 2)), 2)
339 : (((5, 11, 1), (11, 11, 3)), 1)
340 : (((5, 8, 1), (8, 8, 1)), 1)
341 : (((2, 9, 2), (4, 9, 2)), 1)
342 : (((13, 13, 5), (13, 16, 3)), 2)
343 : ((19, 3, 3), (19, 5, 3))
344 : (((4, 2, 4), (4, 4, 4)), 2)
345 : (((8, 16, 4), (10, 16, 1)), 1)
346 : ((5, 15, 1), (9, 15, 2))
347 : ((19, 14, 2), (19, 16, 1))
348 : ((2, 2, 5), (4, 2, 4))
349 : ((11, 15, 5), (11, 17, 4))
350 : (((10, 6, 2), (10, 10, 2)), 1)
351 : ((2, 0, 5), (2, 2, 5))
352 : (((2, 12, 1), (4, 12, 3)), 1)
353 : (((9, 9, 4), (9, 13, 3)), 1)
354 : (((16, 2, 3), (18, 2, 4)), 2)
355 : (((8, 12, 7), (10, 12, 3)), 1)
356 : (((17, 7, 1), (17, 10, 2)), 1)
357 : ((3, 17, 7), (6, 17, 6))
358 : (((13, 16, 3), (13, 19, 5)), 1)
359 : (((15, 13, 4), (15, 16, 5)), 2)
360 : (((6, 14, 7), (8, 14, 5)), 2)
361 : ((3, 17, 7), (3, 19, 3))
362 : ((11, 13, 7), (13, 13, 5))
363 : ((15, 7, 4), (17, 7, 1))
364 : ((11, 5, 5), (11, 7, 5))
365 : ((16, 4, 1), (16, 6, 3))
366 : ((3, 13, 3), (9, 13, 3))
367 : (((0, 10, 3), (0, 12, 3)), 1)
368 : (((0, 10, 3), (8, 10, 3)), 1)
369 : ((10, 10, 2), (15, 10, 2))
370 : ((4, 0, 2), (4, 2, 4))
371 : (((1, 8, 1), (1, 11, 3)), 1)
372 : (((1, 11, 3), (3, 11, 3)), 1)
373 : (((7, 5, 4), (11, 5, 5)), 2)
374 : (((4, 7, 3), (4, 9, 2)), 1)
375 : ((17, 10, 2), (17, 12, 4))
376 : ((13, 7, 7), (13, 9, 6))
377 : (((1, 19, 3), (3, 19, 3)), 2)
378 : (((10, 0, 2), (13, 0, 2)), 2)
379 : ((0, 0, 2), (0, 2, 3))
380 : ((9, 9, 4), (9, 13, 3))
381 : (((11, 13, 7), (11, 15, 5)), 2)
382 : (((1, 11, 3), (1, 13, 5)), 2)
383 : (((10, 0, 2), (10, 2, 2)), 1)
384 : (((14, 2, 2), (16, 2, 3)), 1)
385 : ((8, 4, 4), (10, 4, 3))
386 : (((11, 17, 4), (11, 19, 3)), 2)
387 : (((3, 11, 3), (3, 13, 3)), 2)
388 : (((10, 12, 3), (17, 12, 4)), 2)
389 : (((9, 13, 3), (11, 13, 7)), 2)
390 : (((5, 3, 1), (5, 5, 3)), 1)
391 : ((0, 2, 3), (0, 4, 1))
392 : (((3, 19, 3), (6, 19, 4)), 2)
393 : (((6, 12, 6), (6, 14, 7)), 2)
394 : ((9, 7, 4), (9, 9, 4))
395 : (((19, 12, 2), (19, 14, 2)), 2)
396 : ((11, 1, 1), (11, 3, 6))
397 : (((17, 3, 3), (17, 5, 2)), 1)
398 : ((11, 19, 3), (13, 19, 5))
399 : (((13, 3, 6), (13, 5, 6)), 2)
400 : (((16, 2, 3), (18, 2, 4)), 1)
401 : ((8, 10, 3), (10, 10, 2))
402 : (((2, 0, 5), (2, 2, 5)), 2)
403 : (((10, 2, 2), (14, 2, 2)), 2)
404 : (((10, 10, 2), (15, 10, 2)), 1)
405 : ((19, 5, 3), (19, 8, 2))
406 : (((1, 17, 5), (1, 19, 3)), 2)
407 : ((15, 5, 4), (17, 5, 2))
408 : (((8, 10, 3), (10, 10, 2)), 2)
409 : (((8, 8, 1), (8, 10, 3)), 1)
410 : (((17, 10, 2), (19, 10, 2)), 2)
411 : (((8, 14, 5), (8, 16, 4)), 2)
412 : (((7, 3, 6), (7, 5, 4)), 1)
413 : (((13, 9, 6), (13, 11, 5)), 2)
414 : (((13, 3, 6), (15, 3, 5)), 2)
415 : ((6, 9, 4), (6, 12, 6))
416 : ((6, 6, 2), (8, 6, 5))
417 : (((7, 5, 4), (11, 5, 5)), 1)
418 : ((8, 4, 4), (8, 6, 5))
419 : (((16, 11, 2), (18, 11, 1)), 1)
420 : (((10, 0, 2), (13, 0, 2)), 1)
421 : (((6, 19, 4), (8, 19, 4)), 2)
422 : ((8, 14, 5), (8, 16, 4))
423 : (((11, 13, 7), (11, 15, 5)), 1)
424 : (((4, 2, 4), (6, 2, 2)), 2)
425 : (((15, 3, 5), (15, 5, 4)), 1)
426 : (((11, 17, 4), (11, 19, 3)), 1)
427 : ((4, 9, 2), (4, 12, 3))
428 : (((13, 5, 6), (15, 5, 4)), 1)
429 : (((3, 11, 3), (3, 13, 3)), 1)
430 : (((13, 0, 2), (13, 3, 6)), 2)
431 : ((17, 12, 4), (17, 14, 5))
432 : (((11, 11, 3), (11, 13, 7)), 2)
433 : ((4, 12, 3), (4, 14, 2))
434 : (((9, 13, 3), (11, 13, 7)), 1)
435 : (((13, 19, 5), (15, 19, 4)), 2)
436 : (((3, 19, 3), (6, 19, 4)), 1)
437 : ((6, 12, 6), (8, 12, 7))
438 : ((17, 18, 2), (19, 18, 2))
439 : (((15, 10, 2), (15, 13, 4)), 2)
440 : (((9, 7, 4), (11, 7, 5)), 2)
441 : ((13, 3, 6), (13, 5, 6))
442 : ((17, 16, 3), (19, 16, 1))
443 : (((19, 12, 2), (19, 14, 2)), 1)
444 : (((17, 5, 2), (19, 5, 3)), 2)
445 : (((13, 13, 5), (15, 13, 4)), 1)
446 : (((8, 8, 1), (16, 8, 2)), 1)
447 : (((10, 10, 2), (10, 12, 3)), 2)
448 : (((4, 4, 4), (4, 7, 3)), 1)
449 : (((6, 9, 4), (9, 9, 4)), 2)
450 : ((15, 10, 2), (17, 10, 2))
451 : (((6, 12, 6), (8, 12, 7)), 1)
452 : (((11, 9, 5), (13, 9, 6)), 2)
453 : ((3, 8, 1), (5, 8, 1))
454 : (((8, 10, 3), (8, 12, 7)), 1)
455 : (((10, 16, 1), (13, 16, 3)), 1)
456 : ((16, 11, 2), (16, 15, 1))
457 : ((3, 19, 3), (6, 19, 4))
458 : ((9, 9, 4), (11, 9, 5))
459 : (((17, 10, 2), (19, 10, 2)), 1)
460 : ((7, 3, 6), (9, 3, 3))
461 : (((13, 5, 6), (13, 7, 7)), 1)
462 : (((8, 4, 4), (8, 6, 5)), 1)
463 : ((11, 9, 5), (11, 11, 3))
464 : (((18, 11, 1), (18, 19, 1)), 1)
465 : (((13, 9, 6), (13, 11, 5)), 1)
466 : (((1, 13, 5), (3, 13, 3)), 1)
467 : ((11, 15, 5), (14, 15, 1))
468 : (((13, 3, 6), (15, 3, 5)), 1)
469 : (((14, 2, 2), (14, 15, 1)), 1)
470 : (((9, 17, 2), (11, 17, 4)), 1)
471 : (((15, 10, 2), (17, 10, 2)), 2)
472 : ((1, 17, 5), (1, 19, 3))
473 : (((15, 5, 4), (15, 7, 4)), 1)
474 : ((2, 9, 2), (4, 9, 2))
475 : (((6, 9, 4), (6, 12, 6)), 2)
476 : (((6, 19, 4), (8, 19, 4)), 1)
477 : (((7, 3, 6), (9, 3, 3)), 1)
478 : ((6, 12, 6), (6, 14, 7))
479 : ((9, 15, 2), (11, 15, 5))
480 : ((0, 12, 3), (0, 14, 3))
481 : ((10, 0, 2), (10, 2, 2))
482 : (((4, 2, 4), (6, 2, 2)), 1)
483 : (((11, 15, 5), (11, 17, 4)), 2)
484 : ((0, 16, 2), (0, 18, 1))
485 : (((13, 0, 2), (13, 3, 6)), 1)
486 : ((5, 11, 1), (5, 15, 1))
487 : (((11, 11, 3), (11, 13, 7)), 1)
488 : ((13, 5, 6), (15, 5, 4))
489 : (((13, 19, 5), (15, 19, 4)), 1)
490 : ((15, 3, 5), (17, 3, 3))
491 : (((15, 10, 2), (15, 13, 4)), 1)
492 : (((9, 7, 4), (11, 7, 5)), 1)
493 : (((15, 16, 5), (17, 16, 3)), 2)
494 : ((9, 3, 3), (9, 7, 4))
495 : (((17, 5, 2), (19, 5, 3)), 1)
496 : (((4, 12, 3), (6, 12, 6)), 2)
497 : (((9, 15, 2), (11, 15, 5)), 1)
498 : ((17, 12, 4), (19, 12, 2))
499 : (((11, 7, 5), (11, 9, 5)), 2)
500 : (((17, 3, 3), (19, 3, 3)), 2)
501 : (((11, 9, 5), (13, 9, 6)), 1)
502 : ((15, 13, 4), (15, 16, 5))
503 : ((15, 19, 4), (18, 19, 1))
504 : (((15, 16, 5), (15, 19, 4)), 2)
505 : (((17, 10, 2), (17, 12, 4)), 1)
506 : (((2, 5, 1), (2, 7, 4)), 1)
507 : (((13, 11, 5), (16, 11, 2)), 1)
508 : (((1, 15, 5), (3, 15, 6)), 1)
509 : ((0, 10, 3), (8, 10, 3))
510 : ((8, 16, 4), (10, 16, 1))
511 : (((8, 4, 4), (10, 4, 3)), 1)
512 : (((16, 0, 2), (18, 0, 2)), 1)
513 : (((0, 12, 3), (0, 14, 3)), 1)
514 : (((5, 3, 1), (7, 3, 6)), 1)
515 : ((19, 8, 2), (19, 10, 2))
516 : ((18, 4, 3), (18, 6, 3))
517 : ((4, 7, 3), (4, 9, 2))
518 : (((4, 0, 2), (4, 2, 4)), 1)
519 : ((1, 13, 5), (1, 15, 5))
520 : ((15, 16, 5), (17, 16, 3))
521 : ((16, 0, 2), (16, 2, 3))
522 : (((11, 1, 1), (19, 1, 1)), 1)
523 : (((6, 14, 7), (6, 17, 6)), 2)
524 : ((14, 2, 2), (14, 15, 1))
525 : (((8, 19, 4), (11, 19, 3)), 2)
526 : (((11, 1, 1), (11, 3, 6)), 1)
527 : (((17, 14, 5), (19, 14, 2)), 1)
528 : (((6, 2, 2), (8, 2, 1)), 1)
529 : (((11, 15, 5), (11, 17, 4)), 1)
530 : (((2, 5, 1), (5, 5, 3)), 1)
531 : ((17, 5, 2), (17, 7, 1))
532 : (((2, 7, 4), (4, 7, 3)), 2)
533 : (((9, 9, 4), (11, 9, 5)), 1)
534 : (((11, 19, 3), (13, 19, 5)), 2)
535 : (((15, 16, 5), (17, 16, 3)), 1)
536 : (((16, 6, 3), (18, 6, 3)), 2)
537 : ((11, 11, 3), (13, 11, 5))
538 : (((5, 5, 3), (7, 5, 4)), 1)
539 : (((0, 0, 2), (2, 0, 5)), 2)
540 : (((4, 12, 3), (6, 12, 6)), 1)
541 : (((8, 6, 5), (10, 6, 2)), 1)
542 : (((15, 19, 4), (18, 19, 1)), 1)
543 : ((0, 12, 3), (2, 12, 1))
544 : (((1, 13, 5), (1, 15, 5)), 2)
545 : (((17, 3, 3), (19, 3, 3)), 1)
546 : ((8, 19, 4), (11, 19, 3))
547 : (((15, 16, 5), (15, 19, 4)), 1)
548 : ((10, 12, 3), (10, 16, 1))
549 : ((0, 7, 3), (0, 10, 3))
550 : ((17, 10, 2), (19, 10, 2))
551 : (((9, 3, 3), (9, 7, 4)), 1)
552 : ((2, 7, 4), (2, 9, 2))
553 : ((2, 7, 4), (4, 7, 3))
554 : (((18, 0, 2), (18, 2, 4)), 1)
555 : (((8, 14, 5), (17, 14, 5)), 2)
556 : (((0, 12, 3), (2, 12, 1)), 1)
557 : ((15, 7, 4), (15, 10, 2))
558 : (((3, 17, 7), (6, 17, 6)), 2)
559 : (((0, 14, 3), (0, 16, 2)), 2)
560 : ((7, 0, 2), (10, 0, 2))
561 : (((9, 3, 3), (11, 3, 6)), 2)
562 : (((0, 2, 3), (0, 4, 1)), 1)
563 : ((5, 5, 3), (7, 5, 4))
564 : (((13, 11, 5), (13, 13, 5)), 2)
565 : (((16, 4, 1), (18, 4, 3)), 1)
566 : (((5, 8, 1), (5, 11, 1)), 1)
567 : (((3, 13, 3), (3, 15, 6)), 2)
568 : ((6, 9, 4), (9, 9, 4))
569 : (((17, 18, 2), (19, 18, 2)), 1)
570 : (((6, 14, 7), (6, 17, 6)), 1)
571 : (((16, 8, 2), (16, 11, 2)), 2)
572 : (((1, 15, 5), (1, 17, 5)), 2)
573 : (((13, 13, 5), (13, 16, 3)), 1)
574 : ((2, 9, 2), (2, 12, 1))
575 : ((13, 19, 5), (15, 19, 4))
576 : (((0, 4, 1), (0, 7, 3)), 1)
577 : (((4, 14, 2), (6, 14, 7)), 2)
578 : (((4, 2, 4), (4, 4, 4)), 1)
579 : ((10, 0, 2), (13, 0, 2))
580 : ((11, 9, 5), (13, 9, 6))
581 : (((13, 9, 6), (18, 9, 2)), 2)
582 : ((17, 3, 3), (17, 5, 2))
583 : ((8, 8, 1), (16, 8, 2))
584 : (((11, 19, 3), (13, 19, 5)), 1)
585 : (((16, 6, 3), (18, 6, 3)), 1)
586 : ((5, 3, 1), (5, 5, 3))
587 : (((0, 0, 2), (2, 0, 5)), 1)
588 : ((16, 6, 3), (16, 8, 2))
589 : ((1, 11, 3), (3, 11, 3))
590 : ((15, 16, 5), (15, 19, 4))
591 : ((8, 6, 5), (10, 6, 2))
592 : (((0, 7, 3), (0, 10, 3)), 2)
593 : ((1, 13, 5), (3, 13, 3))
594 : (((15, 13, 4), (15, 16, 5)), 1)
595 : (((6, 14, 7), (8, 14, 5)), 1)
596 : (((17, 5, 2), (17, 7, 1)), 1)
597 : (((2, 9, 2), (2, 12, 1)), 1)
598 : (((18, 9, 2), (18, 11, 1)), 1)
599 : (((13, 7, 7), (13, 9, 6)), 2)
600 : (((11, 5, 5), (13, 5, 6)), 2)
601 : ((11, 17, 4), (11, 19, 3))
602 : ((9, 15, 2), (9, 17, 2))
603 : (((10, 2, 2), (10, 4, 3)), 2)
604 : (((8, 14, 5), (17, 14, 5)), 1)
605 : ((13, 9, 6), (18, 9, 2))
606 : ((13, 13, 5), (15, 13, 4))
607 : ((2, 5, 1), (2, 7, 4))
608 : (((0, 14, 3), (0, 16, 2)), 1)
609 : ((2, 12, 1), (4, 12, 3))
610 : (((9, 3, 3), (11, 3, 6)), 1)
