40 106 99
65 18 116 74 108
-102 -40 -16
-47 -15
64 1 98 100 54
-41 -55
33 -101
1 54 103
-55 -57 -85
25 27
102 22
19 116 37
-70 -38
-111 -81
-92 -62
48 64 21
-67 -77
27 7
115 70 71 25 28
51 -69
18 116 105 74 108
-83 84 48
24 -1
-67 79
-23 -54
16 102 22 40
-39 72 30
64 98 48 84
-81 97 25
105 74 75
116 37
-86 -85 -87
-41 -113 -88
64 56 100 54
-71 -97 -70 -115
-3 8
-78 20
48 4 45
66 -28
88 41 113 55
48 4 20
-89 35 112
46 -4
-18 -112
-113 -55
57 85 9 55
46 -45
104 116 37
18 116 37 105 74
-56 -75
-35 -57
8 17 105
116 101 38
-98 -21 -48
-30 -11 -71
-14 21
-16 -100 -17
65 18 116 37 105 74 108
23 54 103
49 -70
102 94
-65 -116 -108
-55 -57 -9
64 1 98 100 54 56
55 88 57 93
-17 -75
-10 -30 -32
115 95 21 41
-74 -37 -108
48 64 98 84 21
97 115 70 71 25 28
64 1 98 54
-44 95
-41 -113 -55
-73 23 103
-99 -56 -75
-99 -100 -75
-34 93 57
112 65 18 35
113 20 86
116 37 105 74 108
16 102 40 106
72 11 28 71
-94 -30 -32
97 70 25 13
40 102 22
97 115 25 28 13
-105 -18 -116
-74 -18
-48 -20 -45
-115 -95 -41
-105 -18 -37 -108
-36 -60
42 -55
64 98 100 54 56
112 18 35 29
-115 -95 -21 -41
45 4 20
56 100 54
91 -105
97 70 25 28 13
97 115 70 28 13
-23 -103
1 100 54
37 116 101
104 116 101
-99 -100
97 27 69
-88 -57 -9
51 -27
48 20 4 84 45
104 19 38
85 55 88 57 93 9
3 -8
97 115 70 71 28
-105 -65 -116
-98 -64
-79 -70 -104
-59 10 94
27 69 7
14 -21
-19 -101
40 106
30 72 10 94
47 -86
40 16 99 102
58 -22
-94 -72 -32
64 98 100 54
-24 1 54
115 71 25 28
52 7
-89 -90
-28 -25 -13 -115
-28 -25 -70
97 52 69
64 1 100 54 56
97 25 7
17 8 105 74 75
8 105 74
-114 -44
-7 -95 -61
34 -57
-91 105 74
97 115 70 71 25 13
43 87
45 84 20
99 102 22 40 106
85 87 9 43
-111 32
-103 -27
-107 -96
-105 -18 -37
-104 -38
85 57 93 9
-74 -65 -116
-105 -18 -116 -108
-102 -106 -99
101
36 61
-22 -40 -99
-102 -40 -99
-30 -32
97 70 71 25 28
18 116 37 74 108
-74 -65 -116 -108
82 -106
72 11 30 71
-21 -41
-56 -100
53 -108
-46 45 4
109 -104
-51 69 27
25 69 7
-28 -25 -13
97 70 71 25 13
71 72 11 28 30
19 116 38
59 -94
65 37 105 108
-63 17 75
-76 37 116
-79 -38
27 23 103
71 11 28 30
58 -102
80 -9
40 106 99 22
-28 -97 -13 -115
12 -52
96 -11
-32 -29
-10 -94
80 -85
27 69 103
-74 -65 -37
65 18 37 105 74 108
-74 -18 -116 -108
27 52 7
16 99 102 22 40 106
-72 -30
-96 11
19 101 38
61 7
-23 -27
65 18 37 105 108
89 -35
48 45 84 20
73 -103
64 98 21
-72 -11 -28
25 27 7
12 -7
88 85 93
-10 -30
97 115 70 25 28
-74 -18 -116
-68 50
107 -99
-12 52 7
38 70 104 79
48 20 84 4
65 116 37 105 74 108
-16 -75
52 6 7
-27 -25 -7
-54 -100 -64
70 71 28 13
40 106 102
32 30 72 94
64 1 98 54 56
99 102 22 40
-16 -100
-61 -36
15 -60
-80 85 9
16 99 22 40 106
-58 22 102
-105 -116 -108
-6 -61
-94 -72
115 70 25 28
-79 -13 -38
-84 -20 -4
-55 -57
85 55 88 57 9
25 28 70 71
85 55 88 9
16 99 102 22 40
7 61 95
65 18 116 37 105 108
97 115 25 28
16 99 102 40 106
106 99 102 22
-113 -20
38 70 104 13
-86 -85 -43
-86 -9 -87
10 22
-77 56 100
52 61 7
-29 -65 -112
64 1 100 54
48 64 84 21
-18 -37 -108
-33 -78
38 70 104 13 79
104 101 38
4 87
37 101 38
76 -116
-38 -116 -101
-84 -48
61 95
32 30 72 10 94
83 -48
97 70 71 25 28 13
-91 -14
25 27 97
-86 -87
8 17 74 75
49 -13
-48 -20 -4
-4 -87
97 115 70 71 28 13
-109 104 38
-110 6 61
-48 -4
65 18 105 74 108
86 87 9 43
42 -88
-115 -21 -41
-88 -55
-29 -65 -35
68 -50
25 27 52
-9 -43
-65 -18
-94 -30
88 41 55
-13 -38
-107 -73
64 1 98 100
-17 -8 -74
-1 -100 -64
24 -54
67 -79
97 69 25
97 52 7
-25 -70 -115
-8 -29
48 84 21
97 115 71 25 28
-106 -40
-5 115
17 74 75
-74 -116
50 11 79
-68 -73
65 18 116 105 74 108
-108 -36
97 115 70 25 28 13
-40 -50
-99 -100 -17
-74 -116 -108
11 28 71
115 70 25 13
56 98 100 54
76 -37
-85 -87
-112 -57
11 28 30
65 116 37 105 108
-94 -32
77 -56
-74 -18 -37
-71 -25 -13 -115
-29 -18
115 70 71 28
-31 43 87
8 17 75 105
48 98 84 21
97 115 70 71 25
16 99 102 106
-55 -93 -9
97 70 71 28 13
85 55 88 9 93
60
-99 -17
62 -18
-29 -112
-42 88 55
97 115 70 71 25 28 13
-26 98 64
-20 -86
-102 -94
-105 -65 -37 -108
-108 -60
-115 -95 -21
1 100 54 56
116 37 38
61 6 95
88 113 55
39 -30
16 99 40 106
-30 -11 -28
-74 -18 -37 -108
64 98 54
115 70 71 25 13
116 101
16 102 22 40 106
102 22 40 106
39 -72
-115 -21
64 98 100
112 65 18 29
110 -61
-53 -2
-28 -25 -70 -115
-108 -36 -60
-75 -74
48 20 4 45
-55 -93 -85
110 -6
-16 -100 -75
18 116 37 105 74 108
105 74 75 17
-70 -104
-66 71 28
92 -41
-64 -48
48 64 84
115 70 28 13
52 61 95
-54 -56 -64
-75 -8 -105
52 69 7
99 102 40 106
34 -93
72 28 30
32 8 29
25 28 13 70
112 65 18 35 29
-113 -20 -86
114 -29
-71 -25 -70
32 30 10 94
65 18 116 105 74
4 45
-59 -73
48 84 20
-50 -11 -79
-2 113
-95 -21 -41
25 52 97
115 70 71 28 13
48 98 64
65 18 116 37 105 74
26 -98
16 99 102 22
43 45
-50 -11
19 101
-22 -102
-86 -9
44 -95
85 88 57 93 9
-88 -57 -85
-16 -99
26 -64
25 7
-28 -97 -70 -115
1 98 100 54 56
16 99 100 56 75
64 98 84 21
98 84 21
72 28 30 71
-53 108
59 -10
112 57 35
64 1 56 100
72 11 28 30
38 70 13 79
65 18 116 37 74
-49 13 70
-92 41
-90 36
-99 -75
55 57 93 9
85 86 87 9
81 -25
61 6
65 18 116 37 108
-37 -116
-52 -7
33 -19
104 19 37
-50 -79
-9 -87
104 37 38
64 56 100
-99 -56 -17
66 -71
17 99 100 56 75
83 -84
52 61 6
19 37 101
-65 -112
64 1 56 54
1 98 100 54
-79 -70
-103 -1
108 36 60
8 105 74 75
-45 -4
85 55 57 93 9
-16 -56 -17
-11 -79
6 95 7
-97 -25
77 -100
-74 -65 -37 -108
-103 -69
55 88 57 9
10 94
-71 -28
25 97
-113 -86
-107 16 99
-82 106 40
64 1 54
-95 -41
61 6 7
16 99 102
-1 -54
113 41 55
-43 -87
90 -36
-100 -75
-100 -17
-30 -28
-28 -97 -70
111 -32
27 52 69
-64 -21 -84
-109 -14
-57 -9
115 70 25 28 13
16 17 99 100 75
8 74 75
8 105 74 17
63 -75
-74 -65 -108
85 55 88 57 93
-28 -25 -115
97 71 25 28 13
-32 -8 -29
-105 -65 -116 -108
72 11 30
-112 -93
112 57 93
97 115 70 25
-79 -70 -38
-105 -74
65 37 105 74 108
27 69
64 98 56 54
55 88 9 93 57
-115 -41
73 -23
116 38
-18 -116
52 95 7
115 71 25 28 13
-85 -9
-54 -100 -98
25 28 70 97
104 116 38
-10 -72 -32
-105 -18 -108
-74 -18 -108
82 -40
-18 -116 -108
91 -74
85 88 57 93
40 99 102
-32 -8
-47 86
101 38
97 71 25 28
97 115 71 25 28 13
62 -65
97 115 70 25 13
99 102 22
-75 -8 -74
-79 -13 -104
-5 -3
65 18 116 37 74 108
-71 -25 -70 -115
-64 -21 -48
63 -17
64 1 98 100 56
48 98 64 21
31 -87
-18 -35
115 70 71 25 28 13
5 -115
104 19 101
-103 -54
19 116 101
45 4 20 84
81 -97
107 -16
28 30 71
25 27 69
16 17 99 100 56 75
78 -20
89 -112
40 16 99
16 99 102 22 106
-28 -70 -115
-63 -49
25 52 7
-29 -18 -112
-114 29
-42 -90
64 98 56 100
48 4 45 84
-69 -27
85 88 9 93
-35 -112
85 55 88 93
-99 -56
-93 -57
-95 -21
2 -113
40 16 99 22
-115 -95
64 100 54
72 11 71
40 50
-55 -9
8 17 75
97 27 7
70 71 25 28 13
-62 65 18
-88 -93 -9
85 86 87 9 43
-33 19 101
31 -43
-29 -18 -35
104 38
-16 -56 -75
109 -38
-15 60
95 7
48 84 4
-13 -70
-86 -9 -43
