(22& 94)| (102& 10)
(102& 40)| (102& 99)| (40& 99)| (22& 106& 99)| (22& 40& 16)| (102& 106& 16)
(40)| (106& 50)
(103)| (27)| (23& 69)
(103)| (54)| (23& 1)
(94)| (30)| (10& 72)| (10& 32)| (72& 32)
(72& 28)| (30& 11)| (30& 71)| (11& 28)| (72& 11& 71)
(50)| (11)| (79)
(99)| (100)| (75)| (16& 56)| (16& 17)| (56& 17)
(54& 100)| (54& 64)| (100& 64)| (1& 56& 64)| (1& 100& 98)| (54& 56& 98)
(69& 25& 7)| (27& 97& 7)| (27& 25& 52)
(28& 25)| (28& 70)| (25& 70)| (71& 97& 70)| (71& 25& 13)| (71& 25& 115)| (71& 70& 115)| (28& 97& 13)| (28& 97& 115)| (28& 13& 115)| (97& 70& 115)| (25& 13& 115)| (71& 97& 13& 115)
(70)| (38)| (79& 13)| (79& 104)| (13& 104)
(32)| (8)| (29)
(17& 74)| (75& 8)| (75& 105)| (8& 74)| (17& 8& 105)
(7& 61)| (52& 95& 61)| (7& 95& 6)
(115)| (95)| (21)| (41)
(98& 48)| (64& 21)| (64& 84)| (21& 48)| (98& 21& 84)
(18)| (112)| (29& 65)| (29& 35)| (65& 35)
(105& 18)| (105& 116)| (74& 65)| (74& 37)| (74& 108)| (65& 116)| (18& 37)| (18& 108)| (116& 108)| (105& 65& 37)| (105& 65& 108)| (105& 37& 108)| (65& 37& 108)
(104& 116& 101)| (38& 37& 101)| (38& 116& 19)
(55)| (41& 113)| (41& 88)| (113& 88)
(113)| (20)| (86)
(84& 4)| (48& 20)| (48& 45)| (20& 4)| (84& 20& 45)
(61)| (6& 36)
(108)| (36)| (60)
(101& 60)
(112)| (57)| (35& 93)
(88& 57)| (88& 9)| (55& 93)| (55& 85)| (93& 9)| (57& 85)| (88& 93& 85)
(9)| (87)| (86& 85)| (86& 43)| (85& 43)
(45& 87)| (4& 43)
-102| -94
-22| -40| -99
-102| -106| -99
-102| -40| -16
-102| -40| -99
-40| -50
-23| -27
-103| -69
-103| -27
-23| -54
-103| -1
-103| -54
-10| -30
-94| -72
-94| -30
-94| -32
-30| -32
-10| -72| -32
-10| -30| -32
-94| -72| -32
-94| -30| -32
-30| -28
-72| -11| -28
-30| -11| -71
-30| -11| -28
-50| -11
-50| -79
-11| -79
-50| -11| -79
-16| -100
-16| -75
-99| -56
-99| -100
-99| -17
-99| -75
-56| -75
-100| -17
-100| -75
-16| -56| -17
-16| -56| -75
-16| -100| -17
-16| -100| -75
-99| -56| -17
-99| -56| -75
-99| -100| -17
-99| -100| -75
-1| -100| -64
-54| -56| -64
-54| -100| -98
-54| -100| -64
-27| -25| -7
-71| -25| -70
-28| -97| -70
-28| -25| -13
-28| -25| -70
-28| -25| -115
-28| -70| -115
-25| -70| -115
-71| -97| -70| -115
-71| -25| -13| -115
-71| -25| -70| -115
-28| -97| -13| -115
-28| -97| -70| -115
-28| -25| -13| -115
-28| -25| -70| -115
-79| -70
-79| -38
-13| -38
-70| -104
-70| -38
-79| -13| -104
-79| -13| -38
-79| -70| -104
-79| -70| -38
-32| -8
-32| -29
-8| -29
-32| -8| -29
-75| -74
-17| -8| -74
-75| -8| -105
-75| -8| -74
-7| -95| -61
-115| -95
-115| -21
-115| -41
-95| -21
-95| -41
-21| -41
-115| -95| -21
-115| -95| -41
-115| -21| -41
-95| -21| -41
-115| -95| -21| -41
-64| -48
-98| -21| -48
-64| -21| -84
-64| -21| -48
-29| -18
-29| -112
-65| -112
-18| -35
-18| -112
-29| -65| -35
-29| -65| -112
-29| -18| -35
-29| -18| -112
-74| -18
-74| -116
-18| -116
-105| -65| -116
-105| -18| -37
-105| -18| -116
-105| -18| -108
-105| -116| -108
-74| -65| -37
-74| -65| -116
-74| -65| -108
-74| -18| -37
-74| -18| -116
-74| -18| -108
-74| -37| -108
-74| -116| -108
-65| -116| -108
-18| -37| -108
-18| -116| -108
-105| -65| -37| -108
-105| -65| -116| -108
-105| -18| -37| -108
-105| -18| -116| -108
-74| -65| -37| -108
-74| -65| -116| -108
-74| -18| -37| -108
-74| -18| -116| -108
-38| -116| -101
-41| -55
-113| -55
-41| -113| -88
-41| -113| -55
-113| -20
-113| -86
-20| -86
-113| -20| -86
-48| -4
-84| -20| -4
-48| -20| -45
-48| -20| -4
-61| -36
-108| -36
-108| -60
-36| -60
-108| -36| -60
-35| -57
-112| -93
-112| -57
-55| -57
-55| -9
-57| -9
-88| -93| -9
-88| -57| -85
-88| -57| -9
-55| -93| -85
-55| -93| -9
-55| -57| -85
-55| -57| -9
-86| -9
-86| -87
-85| -87
-9| -43
-9| -87
-86| -85| -43
-86| -85| -87
-86| -9| -43
-86| -9| -87
-4| -87
-22| -102
-10| -94
-106| -40
-16| -99
-23| -103
-69| -27
-1| -54
-72| -30
-71| -28
-56| -100
-17| -75
-98| -64
-97| -25
-52| -7
-13| -70
-104| -38
-105| -74
-6| -61
-84| -48
-65| -18
-35| -112
-37| -116
-19| -101
-88| -55
-45| -4
-93| -57
-85| -9
-43| -87
-59| -73
-107| -73
-107| -96
-68| -73
-111| -81
-67| -77
-63| -49
-5| -3
-109| -14
-114| -44
-91| -14
-92| -62
-89| -90
-53| -2
-33| -78
-42| -90
-47| -15
-58| 22| 102
58| -22
58| -102
-59| 10| 94
59| -10
59| -94
-82| 106| 40
82| -106
82| -40
-107| 16| 99
107| -16
107| -99
-68| 50
68| -50
-73| 23| 103
73| -23
73| -103
-51| 69| 27
51| -69
51| -27
-24| 1| 54
24| -1
24| -54
-39| 72| 30
39| -72
39| -30
-111| 32
111| -32
-96| 11
96| -11
-66| 71| 28
66| -71
66| -28
-67| 79
67| -79
-77| 56| 100
77| -56
77| -100
-63| 17| 75
63| -17
63| -75
-26| 98| 64
26| -98
26| -64
-81| 97| 25
81| -97
81| -25
-12| 52| 7
12| -52
12| -7
-49| 13| 70
49| -13
49| -70
-5| 115
5| -115
-109| 104| 38
109| -104
109| -38
-3| 8
3| -8
-114| 29
114| -29
-91| 105| 74
91| -105
91| -74
-44| 95
44| -95
-110| 6| 61
110| -6
110| -61
-14| 21
14| -21
-92| 41
92| -41
-83| 84| 48
83| -84
83| -48
-62| 65| 18
62| -65
62| -18
-89| 35| 112
89| -35
89| -112
-76| 37| 116
76| -37
76| -116
-53| 108
53| -108
-33| 19| 101
33| -19
33| -101
-2| 113
2| -113
-42| 88| 55
42| -88
42| -55
-78| 20
78| -20
-47| 86
47| -86
-46| 45| 4
46| -45
46| -4
-90| 36
90| -36
-15| 60
15| -60
-34| 93| 57
34| -93
34| -57
-80| 85| 9
80| -85
80| -9
-31| 43| 87
31| -43
31| -87
