85 55 88 93
-23 -27
-61 -36
-71 -25 -13 -115
-88 -93 -9
64 98 100 54 56
-17 -8 -74
-74 -37 -108
-28 -25 -13
-102 -94
65 18 116 37 108
-64 -21 -84
97 27 7
8 17 74 75
-16 -99
23 54 103
-48 -20 -45
97 70 71 25 28
-88 -57 -9
-79 -13 -104
105 74 75 17
34 -57
1 100 54
48 45 84 20
115 71 25 28 13
-95 -21 -41
104 116 38
-115 -21
88 113 55
16 99 102 40 106
16 99 102 22 106
64 100 54
12 -7
77 -56
-85 -87
-72 -30
97 115 70 71 25
97 115 70 71 28 13
-40 -50
97 25 7
10 22
109 -38
40 16 99 102
56 100 54
-49 13 70
4 87
17 74 75
65 18 116 105 74 108
-58 22 102
-89 -90
-23 -103
64 98 100
-2 113
-45 -4
48 4 45
-8 -29
70 71 25 28 13
113 20 86
63 -17
-74 -18
16 99 102 22 40
-42 -90
32 8 29
8 105 74
-103 -27
-79 -70
38 70 104 13 79
-25 -70 -115
-107 -73
31 -87
38 70 104 79
65 18 37 105 74 108
-30 -11 -71
8 17 75 105
48 20 4 84 45
48 64 21
-93 -57
64 1 100 54
65 18 116 37 74
104 116 37
-56 -100
-99 -100 -75
97 70 71 25 13
48 84 20
-29 -65 -112
14 -21
48 4 20
-18 -37 -108
-59 10 94
115 70 71 25 28 13
-34 93 57
85 55 88 57 9
27 52 69
-91 105 74
45 84 20
-74 -116
-35 -57
33 -19
3 -8
-16 -56 -17
-115 -95
97 70 71 25 28 13
61 6
97 52 7
-105 -65 -116
-41 -113 -55
-55 -57
-97 -25
49 -70
34 -93
-37 -116
65 18 105 74 108
10 94
42 -55
97 115 71 25 28
-4 -87
95 7
48 64 84
99 102 40 106
45 4 20
53 -108
-85 -9
26 -98
-71 -25 -70
109 -104
64 1 98 100 54 56
76 -37
85 88 9 93
31 -43
72 11 28 71
-16 -100
116 38
37 116 101
48 98 64
64 98 84 21
-18 -35
65 18 116 37 105 74 108
116 37
-115 -95 -21
-103 -54
82 -106
28 30 71
97 115 70 25 28 13
43 87
-113 -86
59 -94
65 18 116 74 108
-65 -18
-108 -36
-115 -95 -21 -41
-63 -49
52 61 95
-94 -72
116 101
42 -88
-29 -18
-75 -8 -105
-32 -8
-74 -65 -116
110 -6
64 98 54
64 98 48 84
80 -9
62 -18
-50 -11
77 -100
65 18 116 37 105 108
32 30 72 10 94
97 70 25 13
-63 17 75
97 115 70 28 13
27 69
19 101
-115 -21 -41
-111 -81
-105 -18 -108
-89 35 112
115 70 25 13
-94 -30 -32
-10 -30 -32
85 88 57 93 9
65 116 37 105 74 108
-88 -57 -85
-29 -65 -35
88 41 55
81 -25
-28 -25 -70
-115 -41
80 -85
-92 -62
47 -86
-55 -93 -85
102 94
-74 -65 -37 -108
65 18 116 105 74
17 8 105 74 75
110 -61
-68 50
91 -74
1 100 54 56
60
44 -95
25 27
25 52 97
16 99 100 56 75
115 70 28 13
-96 11
97 69 25
-109 -14
66 -28
11 28 30
15 -60
97 115 70 25
-69 -27
85 86 87 9
-67 79
64 1 54
-30 -32
-113 -20 -86
72 11 30
55 88 57 9
98 84 21
55 88 57 93
85 87 9 43
64 98 56 100
-79 -13 -38
-104 -38
30 72 10 94
52 61 7
-5 -3
-29 -18 -112
5 -115
-54 -100 -64
97 115 70 25 13
61 6 95
-14 21
116 101 38
-72 -11 -28
-108 -60
-27 -25 -7
7 61 95
63 -75
16 99 40 106
1 54 103
97 115 25 28 13
-113 -55
46 -45
-74 -18 -37
-74 -18 -116 -108
65 37 105 74 108
-29 -18 -35
-43 -87
52 95 7
-64 -48
-86 -87
48 98 64 21
-24 1 54
-16 -75
25 52 7
16 17 99 100 56 75
78 -20
24 -54
48 64 98 84 21
-94 -72 -32
97 115 25 28
36 61
71 11 28 30
40 106
-47 -15
-16 -100 -17
82 -40
-103 -1
-86 -9 -87
-13 -38
97 52 69
88 41 113 55
-56 -75
48 98 84 21
-18 -112
112 65 18 35
97 71 25 28 13
64 56 100 54
-98 -64
-5 115
64 98 21
43 45
-38 -116 -101
64 1 98 54 56
112 65 18 29
115 71 25 28
97 115 70 71 28
-50 -79
46 -4
27 7
-19 -101
66 -71
19 101 38
89 -112
-28 -97 -70 -115
-74 -65 -37
50 11 79
1 98 100 54 56
-90 36
8 17 75
104 116 101
85 55 88 9 93
38 70 104 13
-75 -8 -74
-52 -7
-95 -21
-18 -116 -108
11 28 71
-74 -116 -108
19 116 37
-70 -38
105 74 75
65 37 105 108
-7 -95 -61
-64 -21 -48
-111 32
-115 -95 -41
-30 -28
25 69 7
58 -102
-29 -112
16 99 22 40 106
-10 -72 -32
8 105 74 75
-55 -9
-78 20
-28 -70 -115
-21 -41
-17 -75
6 95 7
19 116 101
97 115 71 25 28 13
64 1 98 54
61 6 7
-99 -17
33 -101
-3 8
25 7
83 -48
97 115 70 71 25 28 13
-88 -55
-112 -93
96 -11
91 -105
-99 -100
-113 -20
-74 -65 -108
-99 -56 -17
-59 -73
64 98 100 54
-13 -70
2 -113
-100 -17
86 87 9 43
17 99 100 56 75
-76 37 116
104 101 38
-28 -25 -115
64 98 56 54
92 -41
16 17 99 100 75
25 28 13 70
-74 -65 -116 -108
-6 -61
67 -79
64 1 56 100
85 55 57 93 9
-23 -54
-28 -25 -13 -115
-105 -74
97 71 25 28
51 -69
-22 -102
72 28 30 71
-86 -85 -43
-10 -30
-42 88 55
-110 6 61
56 98 100 54
111 -32
-16 -56 -75
40 16 99
-11 -79
27 23 103
16 99 102 106
-114 -44
-114 29
39 -72
102 22
-65 -116 -108
-79 -70 -38
-10 -94
-55 -57 -9
-95 -41
-15 60
52 7
-47 86
25 27 97
16 102 40 106
32 30 10 94
57 85 9 55
104 38
39 -30
-12 52 7
-54 -56 -64
40 106 99 22
88 85 93
-103 -69
-35 -112
72 11 28 30
48 20 84 4
-94 -30
25 28 70 97
70 71 28 13
-33 -78
115 70 71 28 13
-71 -28
-106 -40
40 106 99
-32 -29
-105 -65 -37 -108
73 -103
112 57 35
48 84 4
48 4 45 84
107 -99
-86 -9 -43
19 37 101
-9 -43
18 116 37 105 74 108
16 99 102
-105 -65 -116 -108
12 -52
27 69 103
25 97
18 116 37 105 74
-74 -18 -37 -108
61 95
104 19 101
68 -50
-53 108
-28 -97 -13 -115
-30 -11 -28
16 102 22 40 106
-1 -100 -64
58 -22
38 70 13 79
-102 -40 -99
-66 71 28
-108 -36 -60
108 36 60
76 -116
-79 -70 -104
8 74 75
52 69 7
-105 -18 -37
97 115 70 71 25 28
-53 -2
-77 56 100
-94 -32
85 55 88 57 93
73 -23
97 115 70 71 25 13
8 105 74 17
97 70 71 28 13
55 88 9 93 57
55 57 93 9
37 101 38
25 27 69
8 17 105
-105 -18 -37 -108
115 70 71 25 13
-99 -100 -17
104 19 38
40 99 102
-79 -38
1 98 100 54
-86 -9
-99 -75
99 102 22 40
72 11 71
-1 -54
27 69 7
99 102 22 40 106
116 37 38
-46 45 4
16 102 22 40
40 106 102
64 1 98 100
-32 -8 -29
101 38
19 116 38
-50 -11 -79
-71 -97 -70 -115
-48 -4
-57 -9
18 116 37 74 108
-36 -60
-71 -25 -70 -115
16 99 102 22 40 106
-75 -74
40 102 22
-65 -112
-9 -87
59 -10
-68 -73
115 95 21 41
65 116 37 105 108
-62 65 18
65 18 116 37 105 74
-41 -55
115 70 71 25 28
-18 -116
25 27 52
48 20 4 45
102 22 40 106
61 7
115 70 25 28
112 57 93
85 86 87 9 43
-102 -106 -99
97 70 25 28 13
-54 -100 -98
-55 -57 -85
64 1 98 100 56
40 16 99 22
71 72 11 28 30
89 -35
-81 97 25
-112 -57
24 -1
85 88 57 93
114 -29
90 -36
-105 -18 -116
52 61 6
112 65 18 35 29
-102 -40 -16
-105 -18 -116 -108
-48 -20 -4
-55 -93 -9
32 30 72 94
27 52 7
85 57 93 9
-39 72 30
72 28 30
-67 -77
-99 -56
26 -64
72 11 30 71
48 64 84 21
40 50
-22 -40 -99
-44 95
-74 -18 -108
-51 69 27
-80 85 9
-83 84 48
-33 19 101
-92 41
85 55 88 9
81 -97
65 18 116 37 74 108
107 -16
104 19 37
-82 106 40
-26 98 64
-84 -20 -4
62 -65
85 55 88 57 93 9
-107 16 99
-28 -97 -70
64 1 98 100 54
-41 -113 -88
-31 43 87
99 102 22
48 84 21
49 -13
116 37 105 74 108
-100 -75
-107 -96
97 115 70 25 28
104 37 38
-74 -18 -116
101
-99 -56 -75
51 -27
113 41 55
-28 -25 -70 -115
64 1 56 54
115 70 25 28 13
-20 -86
115 70 71 28
-105 -116 -108
4 45
-91 -14
45 4 20 84
25 28 70 71
-86 -85 -87
-84 -48
64 56 100
52 6 7
18 116 105 74 108
-98 -21 -48
25 27 7
-16 -100 -75
16 99 102 22
-70 -104
112 18 35 29
106 99 102 22
64 1 100 54 56
83 -84
97 27 69
-109 104 38
65 18 37 105 108
-73 23 103
