80 51 10 79 15
31 -85
-43 -24 -49
66 -2
-47 -8 -70
75 7 90 11 62
-9 -83
41 5
1 18 69
33 87 24 60
-73 -17
24 60 22
6 -87
-36 -12 -42
65 -42
80 51 10 13 62 15
80 51 62 13 79 15
-78 -48
-5 -46 -9
72 -54
-73 -67 -53
-74 68 37
51 10 13 62 79
80 90 13 62 79
80 90 15 79
18 75 54
80 51 10 13 79
-24 -49
-18 -75
-70 -79 -21
59 -77
-30 -79 -21
80 90 62 15
10 90 62 79
80 51 10 90 13 79
-15 -80 -90
-36 -12 -42 -15
55 -88
80 51 90 13 62
-54 -18
17 1 69 53
36 88 8 42 12
78 52 86
50 60
-12 -43
80 51 90 62 79
-51 -15
80 10 90 13 15
-48 -49
-55 88 36
-59 77 47
80 51 90 15 79
80 10 90 13 79
-1 -85 -18
80 51 13 79 15
10 79 90 62 15
80 10 90 62 79
-73 -4
-53 -17
48 52
80 10 90 62 15
80 51 90 10 79 15
1 85 69 54
-51 -80 -79 -62
89 2 46 57
-15 -80 -10 -62
-30 -10 -21
-43 -24
-17 -1 -50
-41 -5
21 85 86
51 36 88 8 42 12 15
9 2 46
80
36 88 8 12 15
17 50 1 53 69
89 37 57
-20 -43
-85 -86
80 51 10 90 62 79
-89 -36
-46 -89 -68
-62 -75 -52
41 2 5 46
-76 50 14
56 -70
-21 -85
-17 -69
2 68 37 89 46 57
64 -52
89 2 46
1 50 69 53
45 -5
-14 -22
52 86
-8 -15
-39 86
89 2 68 46
80 90 13 62 15
89 46 57
-62 -90
-81 62 90
33 22 87
59 -47
80 51 90 13 15
80 90 13 79
51 36 88 8 12 15
80 51 90 10 15 13 62 79
21 70 10 30 79
-82 -83 -73
-77 -42 -70
-20 -12 -43
-88 -12 -15
51 88 42 12 15
-88 -12 -8 -15
-17 -14
-70 -21
10 90 13 79 15
80 51 15 79
11 62 7
24 33 22 87
-90 -52
80 51 10 90 13 62
48 86
80 62 10 13 79 15
51 10 15 62 79
7 11 75 62
-79 -21
52 7 75 11 62
80 10 13 79
61 -43
2 68 37 89
-82 -73
-38 82
-36 -12 -8
51 10 90 62 15
-47 -8 -30
2 37 89 46 57
51 10 13 62
-28 1 69
2 68 37 89 46
-15 -13 -79 -62
70 8 42 30
48 11 78
-36 -12 -15
17 50 69 53 14
18 69 54
63 -7
9 2 5 46
2 68 37 46
48 78 86
19 -21
-81 -31
73 17 67 4
80 51 90 62 10 79 15
-69 -85 -54
-90 -75
70 8 30 47
-5 -46
-88 -36
82 83 73
51 90 10 13 62
-77 -47
-30 -79
89 2 37 46
25 -89
47
57 2 37 46
27 -80
52 7 11 62
71 -10
80 10 90 15 13 62 79
51 90 79 15
-4 -53
-83 -73
80 51 10 15 13 62 79
89 68 37 46
-11 -52
68 89 46 57
-7 -75
2 37 46
9 5 46
-50 -14
-12 -8 -51
-88 -12 -8 -51
-35 83
-73 -4 -53
17 67 4 53
80 51 13 15
-88 -8 -51
-51 -80 -10 -90
-26 67 4
-63 7 75
90 75 52 62
48 52 78
80 51 90 15
2 68 37 57 46
7 90 11 62
-36 -8 -51
84 -15
51 10 15 13 62 79
8 42 77 47
71 -79
73 17 4 53
51 36 88 42 12
60 22
-32 9
44 -17
-90 -7 -11
-36 -12 -8 -51
26 -4
1 85 69
70 77 30 47
64 -11
26 -67
65 -8
2 5 46
4
-56 30 70
24 33 60 22
17 69 53 14
-60 -22
51 90 13 79 15
-43 -49
70 8 77 30 47
-84 51 15
36 88 8 42 15
52 7 11 90 75 62
28 -1
51 10 62 90 13 79 15
-72 54 18
42 77 30 47
18 75 7
33 22 87 24 60
-16 60 22
80 51 10 13 62
-36 -42 -15
80 51 90 10 13 15
89 36 57
70 8 42 77 30 47
44 -53
2 5 9 41 46
45 -41
-18 -7
-47 -42 -30
24 60 22 87
1 50 53
51 88 8 42 12 15
70 8 42 77 30
80 90 13 62
-1 -69
80 10 90 13 62 15
-33 -60 -24
-40 78 48
-6 87 33
89 68 37
80 51 90 62 15
88 89 36
-21 -86
-53 -69 -14
70 8 42 77 47
80 51 90 15 13 62 79
51 90 10 13 79 15
-36 -15
51 90 62 15
-17 -69 -14
34 -20
57 68 37 46
80 10 62 90 79 15
25 -57
80 51 90 13 62 15
-70 -79
-61 -27
51 36 88 8 42 15
50 14
-87 -33
52 7 90 11 62
74 -37
70 8 77 47
41 5 9
-36 -42 -51
80 90 62 79
89 37 46 57
51 90 10 62 79
80 51 79 62 15
-36 -12 -42 -51
-31 85
-88 -12 -8
80 10 13 62 79
1 18 69 54
-70 -10 -21
-44 53 17
76 -14
1 50 69 14
-69 -85 -18
-45 41 5
9 83 20
90 75 52 7
33 60 22
-86 -52 -48
68 37 46
-87 -22 -24
-36 -12 -51
10 90 13 62 79
38 -82
80 51 90 15 13 79
72 -18
-34 20
51 10 13 62 15
51 36 8 42 88 12
39 -86
23 -24
-82 -83
52 7 75 11
18 85 54
80 15 13 62 79
80 90 10 79
-25 57 89
51 8 42 88 12
-53 -1 -14
40 -48
-9 -83 -20
81 -62
-33 -22
-20 -12
80 51 10 90 79
1 85 54
-41 -46 -9
-30 -70
-10 -79
-17 -69 -50
-5 -2 -9
36 88 8 42 12 15
-3 49
89 2 37 57
-53 -69 -50
-21 -85 -86
51 10 15 79
-62 -7 -52
17 50 1 53
2 68 89 46 57
-73 -67 -17
8 42 77 30
-88 -12 -42 -15
24 33 22
70 8 42 47
10 90 79 15
-51 -13 -79 -90
51 36 88 42 12 15
80 13 79 15
22 14
-2 -46
80 62 10 79 15
21 70 10 79
80 51 90 13 62 79
-29 73
-54 -75
51 90 10 13 62 79
-71 10 79
51 36 88 8 15
75 52 7 90 11
70 42 77 30
1 50 53 69 14
-61 43
41 5 46
51 36 88 12 15
80 51 90 10 15
-66 2 46
11 90 75 52
80 10 90 13 62
-68 -37
3 -49
24 60 87
-46 -89 -37
-90 -75 -11
-42 -8
80 51 10 13 62 79
24 33 87
51 36 8 42 15
-15 -13 -10 -90
51 36 8 12 15
-46 -57 -37
11 52
7 90 75 62
-57 -36
17 1 69 53 14
52 90 11 62
1 17 69 14
-65 42 8
81 -90
-88 -8 -15
27 -13
68 37 89 46 57
-2 -89 -37
80 51 90 13 79
-77 -8 -70
29 -73
-75 -52
-90 -7 -52
17 50 1 69 53 14
10 79 90 13 62 15
-36 -12 -8 -15
-36 -8 -15
42 77 30
-47 -70
89 37 46
-88 -12 -42 -51
-57 -89
80 90 13 15
9 2 46 41
-36 -8
6 -33
41 5 46 9
80 90 15 62 79
56 -30
33
33 60 22 87
66 -46
75 52 90 11 62
11 52 78
80 90 15 13 79
-64 11 52
-17 -1 -14
80 51 10 13 15
37
51 8 42 12 15
51 62 90 79 15
48 52 86
35 -83
-4 -17
1 50 53 14
80 51 10 13 79 15
17 50 1 53 14
-74 -34
-67 -17
80 10 90 13 62 79
-69 -14
-69 -18
51 62 90 13 79 15
-8 -70
-67 -4
-89 -88
80 10 90 15 13 79
80 10 79 15
80 51 90 10 62 15
17 67 4 53 73
-77 -8 -30
-33 -22 -24
-47 -8
18 85 69
2 5 41 9
1 18 85 69 54
84 -51
80 51 90 15 62 79
80 51 62 10 79 15
79 90 13 62 15
36 8 42 12 15
-15 -80 -79
40 -78
18 85 69 54
80 51 13 62 15
-15 -13 -79 -90
70 42 77 30 47
16 -60
51 88 42 12
-61 -63
17 50 69 14
17 50 53 14
11 52 86
70 8 42 30 47
-88 -42 -15
8 42 77 30 47
20 12 43
28 -69
-80 -79 -90
-73 -4 -17
80 90 15 13 62 79
-19 21
-9 -20
1 17 50 69 14
41 2 9
-15 -80 -79 -90
-12 -8 -15
80 51 10 90 13 62 15
-6 -31
76 -50
89 68 37 57
48 11 86
-61 -31
30 21 70 79
43 24 49
51 10 13 79 15
51 90 10 79 15
10 30 70 79
80 51 90 10 13 62 79
1 18 85 69
-6 -63
58 -12
80 10 90 79 15
-27 13 80
-70 -10
-51 -80 -79 -90
-47 -42 -70
48 78
32 -9
-83 -20
80 51 90 10 13 79 15
74 -68
-5 -82
48 11 52
-90 -75 -52
82 5
79 90 62 15
-15 -80 -10 -90
63 -75
-13 -80
-23 24
51 90 13 62 15
16 -22
48 49
51 10 62 90 79 15
80 10 13 79 15
1 18 85 54
52 7 90 75 62
-15 -79 -90
55 -36
-15 -80 -79 -62
-58 12
-12 -42 -15
2 68 37 89 57
51 36 8 42 12 15
-62 -75 -11
51 90 10 13 62 15
