86 246 280 379 302 239
-150 -307
337 305 373 6 59
16 385 390 167 282 189
89 65 100
353 322 100 293 89 126
368 232 276 184 315
160 401 227 311 24
-141 245 206
88 -379
376 342 344 185 10 380
113 -202
-35 -137 -181
339 342 376 185 10 379
210 107 381
210 242 36 5 381
-153 -280 -100 -373
-323 -169
-258 -167 -145
16 243 390 167 189
379 246 344 139 302 239
72 148 390 367
337 373 389 6
291 35 89 315 59
-202 -3 -109
178 307 150 215 332
-155 -7
-295 -170 -193
-287 -363
315 345 89 59 126
50 86 326 87 359
-181 -393
173 -296
65 353 322 100 293
353 403 276 340 232 378
406 402 163 98
243 148 390 282 189
305 377 6
208 130 39 249 75
147 42 202 27 109
72 279 367
33 243 340 378 285
50 86 326 246 198 223
321 353 229 232 378
266 218 307 332
-215 -299
112 337 65 100 280 239
-46 -14
50 380 37
377 394 6
403 227 229 199 74 333
200 26 10 37
-92 -389 -178
402 354 163 5 391 30 63
-84 -22
386 349 231
379 86 344 139 302
327 267 221 79
344 246 280 379 302
29 147 404 253 109 366
-108 -298
175 11
35 291 181 137 219
-145 -134 -298
305 291 89 315 59
305 337 6 377 59 143
-25 -164
-163 -30 -354
-243 -33 -196 -378
279 29 367
256 178 307 150 215
151 392 218 266
72 367 390 279
305 389 373 6 377 59 143
2 232 345 315 184
380 26 10 50
-374 322 293
321 322 65 293 89
353 293 89 126
291 35 89 126
307 151 392 218 266
-121 -346
140 54 343
-286 -300
50 326 198 223
113 -42
32 334 183
196 340 282 285 378
368 2 184 345 315
89 305 35 345 315 126
377 6
139 68 302
402 163 261 231
26 84 47
403 229 333 318
121 54 25 346
73 139 236 302
188 68 206
72 226 390 127
139 78
206 245 326
-239 -65
320 385 352 45 16 253
276 341 232 345 315
386 275 306 349 237 30 63
403 229 199 74 333
192 388 58 140
114 21 393 335
245 206 359
-306 -285 -322
-328 204 183
212 -282
-25 -164 -346
-344 -380 -185 -339
-306 -205 -33 -293
-45 -253 -385
368 232 2 276 184 345 315
-323 145 108
353 321 403 340 229 232 378
227 333 199
296 258 103 95
319 -242
402 20 261 231
-159 -312 -95
-376 -369 -172
98 406 231
337 305 373 6
-157 14
107 188 213 142
49 369 200 266
-349 -237 -275
-96 -338
-89 -59 -315 -291
86 198 223
2 341 232 315 184
280 86 246 344 139 302 239
388 343 25 186 140
-83 -362 -142
49 84 165 22 122 47
-11 -330 -257
-201 404 366
112 337 65 100 373 153 239
193 130 28
24 401 221
-361 -90
145 258 375 108 189
160 401 227 199
339 344 10 380
198 86 359 223
403 371 229 74 333 318
-346 -98 -283
-402 -5 -30
-32 -210 -36
242 163 354 402 5 63
243 356 196 282 378
57 26 380 87
-243 -33 -196 -340
145 375 296 167 108
280 379 86 246 344 139 302
-185 -46
326 222 206 359
68 213 326
111 -387
26 380
321 65 353 100 89 126
68 245 326
342 185 10 379 380
72 226 29 367
-205 -293
305 373 6 377 59 143
50 326 198 246 87 359
188 213
280 246 86 344 379 239
344 339 376 185 379
-43 -95 -258 -348
74 318 199
82 386 349 237 30 63
-315 -368 -184
-314 335 181
-121 -261
353 321 403 276 378
-306 -205 -33 -322
-87 -50
-352 -45 -292 -16
32 210 242 5 8 381
-306 -244 -285
68 222 359
403 199 74 318
112 244 391 153 236 205 78
33 306 275 293 205 285
72 187 207
188 245 206
227 229 333 318
200 50 380 87
73 139 302
-302 -86 -239 -379
-137 -364
-77 207 187
370 -153
33 243 196 340 378
339 344 342 376 10 380
57 274 26 47
-171 -130
321 353 340 276 232 378
229 199 333 318
227 403 229 199
-121 -289 -20
-84 -22 -165
289 164 261 121 317
341 262 184 298 190
-354 -112
24 401 327
305 291 345 315
-318 -229 -199 -333
305 337 6 377 59
-304 -274
-160 -39
-109 -253 -366
89 35 345 315
73 36 222 78
89 305 35 345 59 126
226 148 390
-199 -160
-105 190
147 292 404 279 253 109 366
280 344 379 139 239
72 226 29 127
-320 -45 -292 -385
-238 -83
339 342 376 185 380
-231 -175 -349
57 26 87
16 385 148 390 167 282
-240 -158
68 236 36
57 50 380
276 232 345 315 184
130 171 28
353 403 276 378
301 -375
291 345 89 315 59
29 292 404 279 109 366
-346 -362 -98 -283
-376 -195 -172
258 103 296 43 95
29 147 404 279 109 366
33 306 322 244 293 205
337 305 373 377 59 143
73 236 222 36
339 342 344 185 379
368 217 333
-340 -353 -403 -232
82 116 309 330 91
112 354 391 153 236 205 78
321 353 403 276 232 378
49 369 22 200 266
86 359 198 87 246 326 223
121 164 54 25 346
305 315 59 126
339 376 342 344 185 380
127 29 279
210 242 5 8 381
-144 -245 -70
305 59 389
-394 -137 -181
86 344 379 139
-386 -30 -82
-330 -295
-265 -217
-255 -138 -352
-306 -205 -322
144 70 104 206
-108 -299
321 322 65 293 89 126
-291 -219
73 139 236 36
86 246 139 239
-308 -264
50 223 246 86 359
243 196 356 285
339 376 10 380
-206 -70
-86 -239 -344
342 344 185 10 379
49 369 200 218 266
-232 -368 -184
-222 -68
-330 -257
304 274 84 47
98 163 261 231
368 217
281 -130
160 401 227 199 24
-232 -315 -368 -341
-178 -332 -215
72 367
321 322 353 100 293
-214 -138
57 380 37 87
-34 172 131
-386 -63 -237 -275
147 292 404 279 253 29 366
57 274 84 47
257 295 330 91
50 326 198 359
-109 -253 -404 -29
-217 -364 -208
-306 -244 -285 -322
206 213 326 359
-102 103 348
-200 -369 -218
200 57 380 37
-104 -198 -304
147 404 279 109 366
304 84 57 26 47
89 65 126
-23 -173
233 -246
-236 -244 -112
112 354 391 153 205 78
89 315 126
-242 -30 -354
321 353 100 293 126
-121 -20
368 276 341 232 315 184
-145 -299 -298
-137 -364 -294
73 68 222
-271 32 8
-116 -137 -364 -294
50 326 198 87 359
72 79 327
342 344 185 10 380
-150 -256
-283 -92 -143 -150
-391 -205 -112
338 187
97 219 6
-14 -194
259 -215
72 148 29 279
10 380
-272 332 307
-131 -194
368 2 276 345 315
-210 -5 -36
-8 -210 -242 -73
89 65 100 353
89 315 126 35
98 163 402 261 231
-99 -66
-382 74 318
261 406 231
280 246 344 379 139 239
300 -58
388 54 343 25 186
-369 -331
337 373 389
242 354 402 5 163 391 63
368 232 2 341 184 345
50 86 87 246 223
-177 346
346 362 98 283
371 227 229 199 74 333
388 343 186 140
258 167 296 108
-396 127 367
401 227 199 24
2 276 341 232 315 184
277 -100
258 375 296 108 189
200 50 87
242 354 402 5 391
127 29 390 279
-386 -30 -237 -306
206 188 213 222
321 403 340 229 276 378
-126 -305 -315 -291
402 163 20 261 406 231
401 327 24 267 221
403 227 371 229 199 333
402 242 354 5 163 391 30 63
-336 -237 -330 -116
232 321 229 353
16 385 243 148 390
284 -305
-294 -358 -129
402 163 406 231
10 380 87
50 86 359 326 223
148 127 390 279
353 403 276 232 378
403 227 371 199 333
379 86 246 280 139 302 239
148 127 390 367
139 36 78
321 353 293 89 126
227 229 199 74 333 371 403 318
-37 -49 -331 -266
-297 45
29 147 292 253 109 366
32 210 242 36 8 73 381
89 35 126 305
305 291 89 126
288 -16
8 32 204
65 322 353 89 126
50 198 86 246 326
-331 -195 -172
33 196 340 378 285
-354 -236 -244 -112
-388 -92 -192
388 54 343 25 140
-289 -261
371 403 199 333
217 371 333
-391 -78 -244
401 327 24 267 221 79
2 276 341 232 345
403 371 199 74 318
-164 -261
179 -120
-70 -223 -274
16 385 243 148 282
3 147 202 27 109
188 213 326 359
-358 -129
-323 -397
-326 -198 -246 -50
60 -134
305 337 389 373 6 377 59 143
403 371 229 74 318
-236 -205 -112
368 2 276 341 232 345 315
-318 -229 -199 -371
-240 -319
371 403 229 318
339 344 376 10 379 380
-307 -256
-108 -134
-195 -131
-386 -63 -237 -306
-39 -208 -171
16 385 243 167 282 189
10 380 50
401 221 327
321 322 293
160 225 311 399
-349 -30
33 243 196 340 356 282
388 54 343 25 186 140
377 59 389 6
-354 -78 -153
-8 -381 -36
402 163 261 406
337 373 6 389 377 59 143
341 262 298 190
336 82 309 330 91
33 243 356 196 378 285
344 376 185 379 380
339 344 185 10 380
210 36 8 73 381
258 375 296 108
50 326 198 246 87 223
227 229 199
208 130 39 249
-346 -283
-112 -280 -100 -373
-145 -262
160 225 311 75 399
305 337 373 6 377 59
337 65 100 373 280 239
-227 -199
-55 -202 -336
98 261 231
89 35 345 315 126
129 170 358
200 26 380 50
339 342 376 185 10 379 380
147 404 279 253 109 366
386 306 349 237 30 63
337 100 373 280 153 239
386 275 306 237 30 63
339 185 10 379 380
339 342 185 10 380
-153 -239 -65 -337
321 340 276 232 378
-185 -399
306 275 244 293 322 285 205
-108 -299 -298
16 243 148 390 282
321 353 403 229
-175 -11
213 210 107 381
-78 -205 -112
321 353 403 340 276 232 378
377 219
403 340 229 232 378
376 344 185 10 379 380
337 373 305
291 35 137 394 335
-58 -143 -178
78 139 68 36
-354 -236 -244
305 291 35 315
-63 -82 -306
-211 79 327
200 57 26 10
269 -349
-185 -225 -46
320 385 352 16 292 253
322 100 293 89
291 35 59 315
320 352 214 138
187 404 366
-150 -307 -215
368 276 341 232 315
242 354 5 391 30
-30 -237 -306
-116 -137 -294
339 185 10 380
-22 -331
337 373 389 6 59 143
389 150 58 283 92 143
289 164 261 20 121 317
306 275 322 293 285 205
-210 -242 -73
-402 -242 -30
17 -232
305 291 35 59 126
226 127 390 367
302 68 236 36
24 401 267 221
321 322 293 89
32 210 242 36 5 8 381
246 198 326 87 359 223
379 86 246 139 302 239
243 356 196 282
112 337 65 280 153 239
369 331 49 37 200 218 266
344 86 280 139 302
35 291 181 137 394 219 335
344 86 280 239
-112 -65 -373
123 -406
102 -103
382 -74
-153 -239 -65 -373
141 -245
-319 5 242
65 322 353 293 89
210 381 188 213
305 373 6 377 143
210 107 188 213
338
210 242 36 5 73 381
33 243 356 282 285
321 322 65 100 89
337 6 377 59 143
97 219
227 229 199 74 318
-109 -292 -366 -279
-254 -185 -399
-31 116
213 107 188 381
-147 -253 -279
33 196 356 378 243 340 282 285
86 359 198 87 223
74 227 333 199
-112 -239 -337
127 367
296 258 348
338 404 366
403 229 199 333 318
-45 -253 -16
337 305 373 389 6 377
67 -30
65 321 322 353 100
342 344 185 380
286 -376
65 321 293
57 10 380
-109 -292 -366
-380 -185 -339
258 296 43 348 95
-364 -294
72 148 279
-112 -65
68 36
227 229 199 74 333
-361 -363
-329 312
339 342 376 185
385 243 148 390 167 282
326 50 198
-200 -22 -369 -218
305 315 291
-207 -187
329 -312
339 131 195 376 331 172
57 26 380 37
2 276 232 345 315
403 227 371 74 333 318
-339 -369 -172
372 334 183
33 340 356 378 285
29 147 404 279 253 109 366
344 139 302 239 246 86 280 379
57 26 84 47
-139 -86 -280 -379
202 42 109
112 337 65 373 280 239
178 150 283 92 143
368 2 276 341 184 345 315
-25 -388
32 210 242 5 8
401 327 267 221 79
368 2 341 184 315
-153 -239 -337
10 26 380
250 -358
29 147 279 109 366
-275 -244 -285 -322
289 164 261 20 121
16 385 243 390 167 282
385 243 148 390 167 189
402 163 354 391 30
33 306 275 244 322 285
274 84 57 26
-153 -280 -65
210 107 188 142
166 -218
86 246 344 139 239
73 68 78
40 -163
96 338 207
-336 -82 -116
-13 341 184
-391 -236 -244 -112
305 315 35 59 126
10 26 380 87
-243 -285 -356 -340
349 406 175
82 386 306 349 237 30 63
337 373 389 6 143
-162 164 121
389 150 58 92 143
279 367
198 86 246 223
36 222 78
-120 -45 -375
33 243 340 282 285
148 29 390 127
338 187 207
-54 -164 -346
368 2 341 232 315
-402 -5 -30 -354
337 389 6 377 59 143
392 218 266
33 196 356 340 282 285 378
176 -279
318
-173 296 258
18 -107
320 385 16 292 253 45
-164 -289 -20
402 163 354 391 30 63
187 79 207
321 353 100 293
198 359 86 246 87
337 305 373 143
-217 -364 -249
321 403 276 229 232 378
-181 -393 -358
206 213 326
-81 -161
244 391 153 236
57 10 380 50
73 36 68
-112 -280 -65 -337
200 57 26 37
133 -147
-112 -239
-182 355 194
-391 -78 -205
389 150 58 283 92
227 371 199 74 333 318
321 65 353 293
200 26 50 37
96 338 404
339 342 376 185 10 380
403 229 74 333
-401 -199 -160
-32 -210 -242
107 188 213
-177 -101
321 322 353 89 126
321 322 353 65 89 126
-112 -280 -100
119 149
270 -193
86 246 344 379
305 373 389 143
65 321 322 293
-186 -54 -140
339 342 185 379 380
232 2 276 341 184 345
66 -381
136 -144
-287 -94
-235 149
-275 -205 -33 -293
-142 -107
380 26 50
315 305 89 59 126
206 68 213 222
148 390 367
-37 -22 -369 -218
119 183
50 198 326 246 87
-282 -243
371 227 229 199 318
337 305 373 377
-84 -49 -122
-64 403 229
294 129 170 358
198 86 326 359 223
-8 -242 -36
280 86 344 379 302 239
210 242 36 8 73
392 218 266 332
258 167 296 189 375
-218 -392 -332
368 2 341 345 315
353 322 293 89
267 221 327
-54 -25
112 337 100 373 280 153
371 229 74 333
49 369 37 22 200 218 331
224 83 234 238
302 139 68 36
-376 -339
354 244 391 153 236
348 103
65 321 353 100 89
-402 -30 -354
-160 -399 -75
-306 -244 -293
-318 -403 -199 -333
184 341 190
226 187 207
68 222
26 380 37 87
148 127 367
50 86 359 87 198 223
-354 -205 -112
80 -57
-170 -28
103 296 348 95
226 29 390 279
-24 -199 -311
16 385 243 148 390 167
371 403 229 199 74
-37 -49 -266
321 353 403 340 378
291 181 137 394 219 335
68 222 326 359
305 291 345 89 315 126
321 100 293 89 126
-163 -5 -30 -354
-47 -22 -165
210 242 36 5 8
50 198 87 246 359
65 322 100 89
-163 -242 -63 -354
-63 -30
-287 -201
-306 -275
280 246 344 139 302 239
208 249 171 39
347 -292
304 274 198 70 104 223
403 227 371 199 333 318
82 309 330 91 237
16 385 167 282 189
86 359 198 87 246 223
161 -298
-265 -208
-139 -86 -239
-279 -390 -72 -367
-78 -205
-377 -97 -219
305 291 59 89 315 126
33 356 282 285 378
-375 -258 -189 -145
-343 -25 -388
-322 -65 -321 -89
148 390
337 305 389 59 143
-306 -244 -33 -293
-32 -381 -5 -36
33 340 356 282 285 378
-140 -388
-335 -393 -358
32 210 242 36 5 381
224 398
-46 -195
-15 143 389
-342 -225 -46
57 50 87
249 130 171 39
-92 -143 -150
16 243 148 390 167 282 189
274 84 47
16 385 148 390 189
112 354 153 236 205 78
333 318 199
227 371 229 199 333 318
188 68 222 359
160 225 399 39
292 404 109 279 253 366
337 305 373 389 6 59
72 29 390 279
-376 -331 -131
216 -87
401 227 199 24 311
291 35 181 394 219
321 322 100 293
33 356 340 282 378
-117 -363
-130 -193
-349 -63 -306
50 86 87 326 223
23 -275
50 198 86 246 87
50 86 359 87 326 223
304 274 26
200 26 10 50
337 373 389 377 59
257 129 193 295 170 28
321 322 353 100 293 89 126
-385 -189 -390 -243
-112 -280 -373
-75 -39
127 29 367
379 86 246 280 139 302
-287 -407
52 -222
305 291 35 345 59
-112 -280 -65
50 10 380 37
-156 280 239
321 353 403 340 232 378
181 137 394 219 335
-306 -205 -293
-291 -219 -137
2 276 341 232 345 315
-349 -82 -275
-232 -345 -368 -341
242 354 402 5 163 30
-204 -183
178 150 58 283 92 143
326 50 86 87
-363 399 225
188 222 326 359
-163 -242 -30 -354
26 380 87
-32 -381 -242 -73
128 -72
72 226 148 279
258 375 296 167 108
-132 200 37
-100 -65
196 340 356 282 285
-33 -285
403 227 229 371 199 318
86 198 246
-186 -25 -140
-254 -185 -225
29 292 279 253 366
-159 -312
321 353 100 89 126
213 326 359
2 276 341 345
256 307 150 215 332
-108 -262
38 -122
243 390 167 189
242 402 163 5 391 30 63
-289 -120
65 321 353 100 126
-106 -55
200 380 37 87
124 -320
16 385 148 390 167
403 74 333 318
57 50 380 37
210 242 36 5 8 73
163 20 261 231
321 340 229 276 378
188 68 222
371 333
-56 138
-309 -237 -91
243 148 167 282 189
160 401 227 199 311
369 37 22 266 218 331
33 356 196 378 285
368 232 2 184 345
-258 -189 -108
33 243 356 196 282
308 -119
16 243 390 167 282
79 327
-311 -225 -39
-20 -261
302 68 222 78
305 389 6 59 143
89 126 305
-198 -304
-349 -63 -237 -275
305 291 35 126
50 86 326 246 359 223
305 35 345 315 126
188 68 245
-291 -137 -335
400 -244
321 353 403 276 229 232
98 163 20 406 231
305 389 373 6 377 143
368 276 341 184 315
222 245 206
341 184 345 315
-200 -22 -331
337 305 377 59
242 402 163 5 30 63
208 217 364 265
244 391 153 236 205
291 35 345 315 126
163 20 261 406 231
16 243 148 167 282 189
16 385 243 148 390 167 282 189
227 229 199 333 318
-282 -285 -196 -378
-340 -353 -229 -276
154 -342
246 198 326 359 223
89 321 126
3 147 27 109
33 356 282 378
72 226 187
402 163 20 406 231
344 185 379 380
-219 -137 -181
371 229 199 74 318
377 6 97
371 333 229
-375 -167 -108
-317 -214 -120
121 164 54 25
50 223 246 326 87 359
243 356 196 282 285
403 371 229 199 74 333 318
-144 -206 -104
-386 -30 -275
392 307 332
-375 -258 -108
225 342 46 185 254
187 404 207
-237 -330 -116
155 -150
2 276 341 345 315
-185 -225
198 326 87 223
208 130 171
-139 -86 -239 -344
16 243 167 282 189
65 321 322 353 100 126
353 321 403 276 229 340 232 378
225 39 75 399
403 227 229 74 333 318
321 65 322 353
50 326 198 246 86 87 359
305 389 373 6 59 143
-147 -253 -404 -29
50 326 198 86 87 246 359 223
-163 -402
341 184 298 190
-101 372 334
-228 104 70
79 327 207
127 29 390 367
188 213 222 359
321 276 229 340 232
201 -404
16 385 243 148 390 167 282
227 403 199 74 318
401 227 311 24
33 243 356 282 378
50 326 198 246 223
72 367 127 279
-153 -239 -65
-200 -49 -331
65 100 373 280 153 239
289 214 120 317 255
-47 -49 -165
128 -226
145 134 262 299 108
29 147 292 404 279 253 109 366
368 2 276 341 232 184
-109 -292 -404 -29
305 389 6 59
-160 -225
35 181 137 394 219 335
-198 -274
276 340 229 232
-349 -63 -237 -306
-32 -8
321 322 100 293 89 126
200 50 10 87
-197 170 129
-320 -253
305 291 89 59 126
291 345 89 315 126
-83 -142
-44 24 401
326 359 86 246 87
-376 -331 -195 -172
-284 59 305
386 306 275 237 63
73 139 36 78
198 87 326 246 359
368 232 2 184 345 315
-346 -362
371 227 229 74 333
-160 -225 -39
29 292 109 279 253 366
385 243 148 390 282
377 219 6
106 372 334
26 37
226 187 327
242 354 163 5 391 30 63
86 50 198
-283 -92 -143 -178
-8 -210 -242 -36
-361 -105
342 344 185 10 379 380
62 -331
-135 75 39
-255 -214
-309 -237 -91 -116
360 -137
368 2 276 341 232 345 184
98 163 406 231
243 196 378 282 285
90 -196
2 341 184 345 315
396 -367
305 389 143
-320 -292 -385
402 354 391 30 63
245 188 213 326
337 389 373 377 59 143
106 55 43
72 226 148 367
82 275 306 349 237 30 63
291 181 394 219 335
-79 -327
65 322 293 126
257 129 193 295 28
-181 -358
-11 -257
-352 -45 -253 -16
16 385 148 390 282 189
8 204 334
68 206
386 306 82 349 237 63
-339 -331 -195
314 -181
337 305 373 389 377 143
-254 -225
141 -206
89 59 305
15 -389
304 274 84 26 47
337 389 6 59 143
305 291 35 315 126
188 206 326 359
-88 379 344
231 349 175
-283 -92 -150
371 229 199 318
227 333 318 199
305 373 6 377
-340 -321 -229 -276
-99 -174
178 389 150 283 143
129 114 294 170
-24 -199 -160
326 198 86 87 359
368 2 276 232 184
72 148 390 127
65 322 293
114 181 358 335
-375 -296 -167 -108
-360 137
-375 -258 -167 -145
-274 -26 -47
50 223 198 326 87 359
-82 -91 -116
-337 -389 -59 -377
-244 -205
188 245 206 359
210 213 107 188 381 142
98 402 20 163 261 231
258 43 348 95
222 245 206 359
72 327 207
305 345 315 126
368 2 371
291 181 137 394 219
-124 -69
226 148 279 367
233 -86
100 373 280 153 239
-37 -22
225 342 185 46 399
-147 -253 -366 -29
-385 -167 -148 -282
305 291 59
-217 -208
36 78 68
50 86 246 326 359
344 10 379 380
321 403 276 229 340 232
57 380 37
-243 -285 -356 -378
-326 -198 -86 -87
-344 -380 -342 -339
401 267 79 327
200 26 380 37
-35 -219 -335
2 276 341 232 345 315 184
-67 63 30
-147 -253 -366 -279
-232 -345 -368 -184
344 379 139 302
-92 -389 -150
242 354 402 5 30 63
160 401 311 199
368 2 345 315
302 139 222
305 291 59 126
65 321 353
-317 -214
-238 -362 -142
115 -96
16 385 243 148 167 282 189
-386 -30 -237 -275
86 246 344 139 302 239
-291 -137 -181
368 217 2
213 107 188 381 142
337 305 389 373 6 377 59
16 385 243 148 167 282
-258 -167 -108
339 342 376 185 379
-256 -215
-109 -253 -29
50 86 87 246 326
-160 -399 -39
-398 -238 -234
-336 -82 -91
354 244 391 236 205 78
385 243 148 390 189
200 50 26 87
-387 -256 -134
313 -126
-336 -309
-178 -307 -256
130 75 171 39
402 163 98
-320 -253 -16
208 130 39 249 171
132 -200
342 376 10 379
-55 -42
57 10 26 87
242 354 402 5 391 63
243 390 167 282 189
50 86 87 246 326 223
339 376 185 10 379 380
-183 -119
-55 -202 -309
145 167 296 108 189
-354 -78
305 373 377 389
386 82 306 275 237 63
198 326 223
232 368 276 184 345 315
114 21 358 335
245 213 206
-238 -107
-146 236 78
-13 -357
369 49 37 200 218 266
403 371 229 199 74 318
336 82 116 309 330 237
321 322 293 353
339 344 185 380
337 305 389 373 377 59 143
194 355 131 172
398 343
114 181 358 393 335
-306 -205 -33
371 333 318
50 198 86 359
337 305 6 59 143
220 -238
320 352 214 255
33 306 322 244 205
68 222 206 359
224 83 238 234 398
242 163 354 402 391 63
44 -401
-8 -210 -73
383 387
368 265 333
-401 -160
16 385 243 148 282 189
-295 -129 -193
89 291 35 345 315 126
-123 406 231
29 147 279 253 109
291 345 315 59
180 -265
385 243 148 167 282 189
302 139 68 78
35 137 394 335
337 6 377 59
53 -311
32 210 242 36 5 8
78 68 236 36
187 366
321 403 340 229 378
-91 -257
258 103 43 348 95
371 229 74 333 318
-82 -330 -116
-311 -399 -39
-354 -244 -112
320 214 138 255
-108 -299 -262
98 163 20 402
-320 -45
-179 -9
3 42 27 109
-200 -22 -369 -266
-143 -389
121 164 25 346
403 340 229 378
-289 -214 -120
-391 -78 -153
-25 -121 -346
305 373 389 6 377 59
33 196 356 340 282 285
368 276 341 184 345 315
291 35 89 315
-217 -249
397 -285
206 68 213 326
-317 -261
73 139 78
-291 -219 -137 -181
305 291 35 345
246 344 139 302 239
29 279
99 -140
182 -194
-332 -307
65 321 353 100 293
49 37 22 200 218 331
-5 -242
243 196 356 378 285
54 343 25 140
82 275 386 237 349 30
403 229 74 333 318
320 385 352 45 292 253
226 127 29 279
2 276 232 345 315 184
-114 -358
305 373 6 389 377
243 148 390 167 282 189
403 227 229 371 318
227 371 229 74 318
396 -127
371 227 199 333
33 322 275 293 205 285
68 213 206 359
73 139 68 302
-148 -390
229 318 199
33 356 196 340 378 285
379 86 280 139 239
-291 -394 -335
73 36 236 68
89 305 35 345 315 59
320 385 352 45 16 292 253
73 139 236 68
-357 364
370 -112
291 345 315 126
371 229 199 333 318
226 127 367
402 20 261 406
292 109 279 253 366
-307 -215
344 339 342 376 379
289 214 120 317
-49 -369 -218
305 373 389 377 59
72 148 390
-343 -25 -140
16 385 243 282 189
-302 -86 -280 -344
154 -185
-324 394 219
-52 222 68
-403 -229
10 380 37
280 86 246 344 239
305 389 373 59 143
-349 -82
-118 343 186
-339 -331 -172
-257 -170 -28
-150 -332 -256
336 116 330 91 237
-354 -205 -153
25 186 388 140
-209 151 392
16 385 243 148 390 282
106 372 334 159
10 380 50 87
-186 -388
210 242 36 5 73
-354 -244 -153
-280 -65 -337
210 242 36 8 381
402 98 20 163 406 231
-45 -385
175 406 231
-200 -49 -331 -266
-263 49 22
-70 -198 -274
-144 -206 -70
139 236 78 68
50 87
368 232 184 345 315
139 236 78
-172 -149 -355
321 353 322 100 293 65 89
-225 -39
-30 -82
68 236 222
246 280 379 302
145 167 108 189 375
-361 -357
402 406 261 98
-391 -78 -244 -153
-346 -362 -283
-378 -321 -229 -276
-233 246 86
145 258 375 296 108
139 68 78
16 385 167 189
-205 -285 -293
-158 98
372 334 159
-344 -10 -185 -339
170 114 294
196 356 340 378 282
-295 -170 -28
245 70 104 206
222 206 213 326
307 151 392 266 332
395 -188
50 86 198 326 359
-352 -45 -253
403 227 74 333 318
403 333 229
200 57 50 87
-104 -198 -274
316 -47
72 148 127 367
-275 -33 -293
49 369 22 200 266 331
302 68 36
245 188 213 359
50 86 198 223
50 37
222 188 245 206
392 218 307
305 345 89 59 126
82 275 306 349 30 63
256 387 134 215
33 306 275 322 293 205 285
-181 -21 -358
405 -359
-316 84 47
-153 -65 -373
72 148 127 279
86 280 139 239
-369 -131
-82 -275
304 274 198 70 104
-176 29 279
326 188 222 206
336 82 116 309 330
50 380 87
305 291 35 59 315
80 -26
226 279 367
368 232 345 315
188 222 206 359
368 341 232 184
349 231
-230 -190
-323 -363
-398 -224
300 -92
368 217 265
73 139 68 36
-299 -262
337 6 377 143
32 242 36 8 73
-251 383
226 148 29 127
-147 -253 -404 -279
-251 -277
148 390 167 189
402 354 242 391 30 63
296 43 348 103
243 340 282 378
65 322 100 293 89 126
225 342 185 254 399
-386 -63 -82 -306
96 338 187
356 196 340 285
339 376 342 344 185 10
-339 -195
224 83 398 238
-386 -30 -82 -275
-388 -92
1 -6
98 163 402 406 231
305 89 59 126
32 210 242 36 8 73
-16 -189 -390 -243
198 359 86 246
345 89 59 305
32 204 183
86 246 344 239
305 35 89 315 126
321 322 100 89 126
-275 -285 -322
302 68 236 222
403 276 229 340 232
371 403 229 199 333 318
229 199 74 333 318
-349 -30 -237
-139 -86 -239 -379
-283 -58 -143
210 242 36 5 8 381
33 243 196 340 282 285
-83 -234
321 353 403 340 229 276
-239 -65 -373
-376 -331 -172
402 98 20 261 406
339 342 376 10 379
339 376 342 344 379 380
-289 -20
-254 -399 -46
26 50 37
-171 -28
-257 -129
78 139 222
353 100 293 89 126
-50 -26 -380 -37
-299 -134
-327 -221 -24
403 371 227 199 74 333 318
246 198 326 87 223
-401 -199
314 -335
73 236 222 78
200 57 37 87
32 242 36 5 8 381
377 389 6 305
-43 -95 -258 -103
65 353 321 100 293 89 126
200 50 10 380
-259 256 215
160 39 311 75 399
-84 -47
353 403 340 229 276 232
-78 -112
35 291 345 89 315 59
16 385 243 390 189
117 -337
50 198 86 87 246 359
280 379 246 344 139 302 239
402 20 261 406 231
68 245 222 359
-206 -104
-291 -219 -335
82 275 349 237 30 63
-32 -210 -242 -36
303 -20
321 353 403 276 232
310 -283
33 306 322 244 293 285 205
33 243 196 356 282 285
244 391 153 236 205 78
403 227 229 371 333 318
232 2 341 184 345 315
-252 -110
-94 27 3
188 245 326 359
82 275 386 349 30 63
-109 -253 -279
-35 -219 -137 -181
88 -344
-107 -210 -188
385 243 148 167 282
305 337 389 377 59
34 -172
-275 -205 -293
403 227 371 199 318
-151 -392
65 353 293 89 126
402 354 242 30 63
91 257 330 11
16 243 148 282 189
57 10 26 380
-310 -329
321 340 229 232 378
305 35 345 315 59
368 276 184 345 315
202 3 147 109
258 43 103 95
403 371 74 333 318
-352 -45 -385
243 356 340 196 378 285
29 147 292 279 253 109
246 280 379 139 302 239
344 379 86 246 280 139
-340 -321 -232
-232 -315 -368 -184
341 232 315 184
2 276 341 184 345
-287 -128
-120 -375
-308 -141
112 65 100 280 153 239
16 385 148 282 189
302 73 139 222
221 79 327
337 377 389
-275 -244 -285
-200 -22 -331 -218
-320 -45 -292
-401 -199 -311
321 353 276 229 232
-274 -26 -84
65 100 373 280 153
380 37 87
339 342 376 10 380
305 337 373 6 377
-70 -198 -304
-361 -152
72 187
33 243 196 340 356
86 246 280 139 302
89 305 291 35 345
-24 -227 -160
-22 -369 -218
-353 -321
-243 -285 -196
229 74 333 318
-121 -317 -261
-400 244 205
321 353 276 232 378
337 305 373 6 377 59 143
388 54 25 140
236 78
-131 -149 -355
326 50 198 87
-302 -139
-255 -138 -320
-164 -289
-184 -262 -190
33 243 196 340 356 378 285
15 -143
403 227 229 318
402 242 354 5 163 30 63
89 321 293
-354 -78 -112
-243 -196 -340
-339 -195 -172
-242 -63 -354
321 353 340 229
339 376 344 185 10 379 380
-386 -30 -237
211 -327
160 227 311 24
-200 -49 -331 -218
-8 -242 -73
-349 -30 -237 -306
368 2 276 341 232 315 184
-163 -242 -63 -391
338 187 404
222 213 326 359
385 243 148 390
368 341 184 315
139 68 36
401 267 221
-266 -218
-124 352 320
-42 -27 -109
351 -227
344 342 376 185 379
26 50
35 291 181 137 394 219
3 202 42 27 109
-112 -100 -337
33 243 282 285
40 -402
-163 -242 -30
65 322 100 293
-362 -98 -283
98 402 20 261 231
145 258 167 108 189 375
-195 -14
242 354 5 30 63
336 116 91 237
274 26 84 47
217 333 265
404 279 253 109 366
-205 -285
-133 147 109
305 373 6 377 59
305 389 6 143
326 359
139 236 222 68
326 68 245 206
-112 -239 -100
-157 -259
321 65 293 89 126
160 401 311 24
256 387 134 215 299
24 267 221 327
-326 -223 -86 -50
337 305 389
32 210 242 36 5 73
392 151
371 229 199 74 333
-147 -292 -404 -279
-153 -280 -65 -373
-349 -63 -82 -275
-395 213 188
373 389 6 377 143
-161 298 262
-402 -30 -391
242 402 5 391 30 63
96 338
321 65 100 293 89
302 36 222 78
-294 -114 -129
200 26 37 87
291 345 89 126 315 59
361 -295
354 244 391 153 236 205
379 86 280 139 302 239
72 148 29 367
-370 153 112
403 276 229 232 378
-309 -82 -116
-389 -150
8 372 334
336 82 116 91 237
299 387 134 215
89 305 315 291
89 321 293 353
50 326 198 246 359
-35 -394 -137 -335
368 2 232 345 315
29 390 367
-269 386 349
57 50 26 87
304 57 26 47
291 35 89 126 315 59
-159 -95 -254
-354 -78 -244
302 139 36 78
65 321 322 100 293 89 126
337 305 389 143
368 2 333
4 -54
-84 -22 -122
-200 -37
-385 -167 -390
-385 -390 -243
65 321 322 353 100 293
321 353 403 340 232
302 139 236 78
114 358 294
-37 -49 -218
376 342 344 185 379 380
33 243 196 378 285
112 354 244 153 236 205 78
86 246 280 302 239
305 337 389 377 59 143
-63 -82 -275
98 402 406 231
33 306 322 244 293
-163 -242 -354
-276 -315 -368 -341
72 127 29 367
16 385 243 390 167 282 189
-48 -347
188 68 326 359
229 371 333 199
-214 -352
-376 -369 -195 -172
242 354 163 5 30 63
243 356 196 340 378
372 32 204
200 57 26
-121 -289
-122 -392
147 279 253 109 366
321 322 353 293 89 126
16 385 390 167 282
82 275 306 237 30 63
56 -138
-121 -289 -261
-84 -49 -165
43 348 95
-19 -62
-112 -100 -373
-116 -364 -294
33 306 275 244 293 285 205
-349 -63 -82 -306
336 82 309 330 91 237
302 236 78
371 403 229 199 333
-223 -274
344 86 280 139 239
210 213 107 381 142
-73 -36
368 2 341 232 345 315 184
280 86 344 379 139 302 239
-282 -285 -356 -340
135 -75
-349 -30 -237 -275
50 246 198 223
321 65 353 89 126
-42 -309
50 198 87 246 223
188 206 359
54 343 25 186
-291 -394 -181
294 129 358
-58 -389 -150
242 402 163 5 391 30
151 392 218 266 332
-354 -78 -244 -153
297 -45
280 379 86 344 139 239
200 10 380 87
33 243 282 285 378
291 35 345 89 59 126
182 -355
377 389 305
371 229 333 318
320 352 214 138 255
50 198 87 326 223
403 227 229 199 74 333 318
129 170 358 114
-45 -292 -16
94 -3
280 246 344 379 302 239
-184 -298 -190
368 341 232 345 184
72 226 29 390
72 127 279
147 292 279 253 29 366
379 86 246 139 239
-354 -78 -205
272 -307
65 322 100 293 89
50 86 246 359
8 183
72 279
-34 -7
403 227 199 74 333 318
305 291 35 89 315
-142 -210 -188
86 359 198 87 326 223
368 2 341 232 345 315
34 -131
33 322 275 244 293 285 205
403 227 199 333 318
200 10 37
178 389 150 58 143
-205 -285 -322
127 390 279
32 210 36 5 8 381
-275 -244 -293
16 385 390 167 189
29 147 292 279 253 109 366
367
321 353 100 293 89
-283 -58 -143 -150
-107 -381 -188
353 322 293 89 126
50 198 87
336 82 116 309 330 91 237
-223 -198
147 404 253 109 366
289 214 120 255
337 373 389 143
291 35 137 394 219 335
-339 -331
50 198 359 87 246 223
252 -391
57 26
245 206 213 326
65 353 100 293 126
245 68 213 222
336 42 309 202
245 213 222 359
89 291 126
-378 -353 -229 -232
-350 195
228 -104
-81 294
242 354 5 391 30 63
-99 -329
344 139 86 239
339 376 344 185
33 306 275 244 293 322 205
304 57 274 47
114 181 358 21 335
139 36
321 322 293 89 126
-260 371 333
65 321 126 353
344 339 376 379
-275 -285 -293
353 340 276 232 378
291 35 89 315 126
385 243 390 167
-264 223 198
65 322 353 100 293 126
32 210 242 5 8 73
305 291 35 345 89 315 126
-310 -146
33 356 196 282 378
33 196 356 285
176 -29
188 326 68
-200 -49 -369 -218
-7 97
368 232 2 276 184 315
33 356 196 340 285
74 371 318 199
-91 -330
57 26 50
326 188 206
210 188 213
324 -394
305 291 35 345 126
-342 -399 -46
305 35 89 315 59
-313 126 89
345 89 291 126
385 148 390 167
127 148 29 367
130 171 39
188 222 326
-326 -198 -86 -50
-113 202 42
-76 317 289
339 344 185 379 380
-58 -389 -178
72 390 367
-45 -375
403 340 276 232 378
401 327 24 267 79
33 243 196 340 378 282
368 2 341 232 184
-144 -245 -104
156 -239
-337 -143 -305 -377
71 -167
226 127 390 279
12 -254
50 86 87 223
-352 -253
26 50 37 87
65 353 100 89 126
-257 -170
388 54 343 140
72 279 29 367
-375 -258 -167
-47 -22 -122
-388 -58 -192
-295 -129 -28
112 354 244 391 236 205 78
337 373 389 6 59
-283 -389 -150
236 78 36
-134 -298
344 339 342 376 185 379
-22 -331 -266
345 305 315 89
32 210 36 8 381
390 367
-254 -342 -46
307 151 392 218 332
-232 -315 -184
305 389 6 377 143
35 291 59 315 126
368 2 276 232
-296 -167 -108
-376 -131
403 227 229 199 74 318
-386 -30 -306
188 245 326
-169 345 315
392 218 266 307
339 344 379 380
-407 249 208
188 68 245 359
345 291 315 35
291 35 345 89 315
-252 391 354
292 404 253 109 366
72 148 29 390
65 322 353 321 89
144 245 70 104 206
340 229 232 378
208 75 171 39
198 326 359
35 137 394 219 335
98 402 261 406 231
-163 -5 -30 -391
50 326 359 246 223
16 148 390 282 189
321 353 340 276 378
-283 -92 -389
337 305 389 59
340 276 232 378
339 376 342 344 185
-120 -45
148 29 390 367
210 242 36 8 73 381
188 222 326 68
305 291 345 89 59 126
72 29 390 127
337 373 389 6 377 59
-83 -362
-291 -219 -181
276 341 232 315 184
263 -22
89 305 291 59
50 198 326 246
-164 -317 -261
-8 -210 -5 -73
57 10 50 37
29 147 404 279 253 109
-109 -366 -279
72 226 390 367
29 404 292 279 253 366
326 359 86 246
-239 -337
169 -345
-147 -292 -366 -279
206 188 245 326
337 373 6 389 377 143
-153 -112
188 68 206 222
348 383
265 371 333
-31 -397
243 356 340 378 285
243 340 282 285
112 337 373 280 153 239
-159 -254
-332 -215
-95 -258 -348
16 385 243 148 167 189
222 326 359
139 68
112 337 65 100 373 280 239
321 353 403 229 378
200 10 380 37
27 3 109
50 86 198 326 223
402 163 20 231
242 163 402 391 30 63
376 344 185 10 380
368 341 232 345 315
306 275 244 293 285 205
10 50 37 87
341 232 345 315 184
-65 -337
130 39 249 75
-401 -227 -160
336 82 116 309 91 237
-376 -369 -195 -131
-194 -21
-24 -401
361 -257
112 354 244 153 205 78
290 -393
-224 -83 -234
353 322 100 293 89
-131 -149 -194
-375 -258 -167 -108
-343 -54 -388
163 261 406 231
50 198 86 87 326 359
147 292 404 279 253 366
32 242 36 5 8
321 322 65 100 293
374 -293
342 344 10 379 380
78 139 236 222
-83 -107
-16 -167 -148 -243
375 167 108 189
-280 -100 -337
158 -98
-47 -49
-37 -218
385 243 148 390 282 189
-144 -70
-309 -82 -330 -116
-343 -186
50 326 198 246 86 359
65 321 126 89
305 35 59 89 315 126
98 163 402 231
404 366 207
337 305 373 389 377
-336 -82 -91 -116
33 243 356 282 285 378
96 187 207
145 258 375 296 167
-339 -369
33 243 340 282 378
50 86 198 246 223
-261 -231 -402
-191 10 380
368 276 341 232 184
105 -190
-153 -280 -100 -337
-115 96 338
86 50 198 87
326 246 198 359
50 87 86 246
304 26 84 47
-150 -215
339 376 342 344 380
89 305 35 345 315
68 206 359
-106 -55 -43
340 229 276 232 378
-276 -315 -368 -184
-193 -28
-109 -253 -404 -279
29 404 279 109 366
106 334 159
-304 -26 -47
-31 -71
337 305 373 389 6 143
117 -373
402 261 231
313 -89
227 371 74 333 318
-349 -30 -82
242 163 354 402 5
-108 -134 -298
33 243 196 285
114 21 358 393 335
305 35 291 59 315 126
-60 299 134
16 243 148 390 282 189
-386 -63 -275
-90 356 196
200 57 10 380
-243 -285 -340
-310 -154
33 196 356 340 378 282
245 213 206 359
353 322 65 100 293 89
68 245 206
393 181 358 335
-349 -63 -82
33 243 196 340 356 378
86 246 280 139 239
339 344 342 376 185 10 379
368 276 232 184
246 86 280 379 239
305 291 35
50 380
307 151 218 266 332
236 78 68
321 322 353 65 293 126
57 50 26 37
376 344 10 379 380
16 385 148 390 282
29 147 279 253 109 366
321 353 403 229 232
326 68 206 359
371 227 229 333
112 244 153 236 205 78
-373 -337
-78 -205 -153
-339 -369 -195 -172
236 222 78 36
385 390 167 189
305 373 389 6 59
337 305 373 389 377 59
65 322 293 89 126
-253 -404 -279
325 -237
200 26 50
107 188 381 142
-178 -332 -256
217 2 265
13 -184
24 401 221 327
268 -106
147 404 292 279 109 366
89 305 291 35 345 126
291 35 345 59 315
-16 -167 -390 -282
-189 -167
-387 -134
78 68 236 222
-8 -381 -5 -36
8 32 183
166 -266
274 26 47
-354 -236 -112
321 65 100 89 126
10 26 37
368 2 232 184
368 276 341 232 345 184
353 276 340 229 232
-275 -244 -285 -293
230 190
127 148 279 367
368 2 276 341 232 345
61 -291
8 334
385 243 390 167 282 189
385 243 390 282 189
184 341 262
76 -289
-268 106
169 -315
-362 -107
256 134 215 299
321 353 403 229 232 378
49 37 22 200 266 218 331
-139 -246 -239 -379
160 401 227 199 24 311
304 274 84 57 26
226 148 390 367
-104 -274
246 280 139 302 239
-280 -65 -373
98 402 163 261 406 231
296 258 348 103
339 376 344 185 10 379
-385 -167 -148 -243
302 73 139 78
107 188 142
65 353 100 293 89
-14 -355 -393
280 86 246 344 379 302
-270 193 28
402 163 20 261 406 231 98
339 342 344 185 10 380
276 341 232 345 184
-378 -321 -229 -232
227 403 371 199 74 318
368 217 371
305 291 35 89 59 126
-376 -331 -195
32 210 242 36 5 73 381
222 188 245 326
339 342 376 185 379 380
403 229 74 318
50 198 86 87 359
216 -50
65 322 353 100 89 126
98 402 261 231
-341 -262 -190
86 280 139 302 239
-34 -272
280 344 379 302 239
-116 -294
356 196 340 378 282 285
29 147 404 292 253 109 366
368 2 276 341 184 315
296 43 348 95
26 380 37
-104 -198
72 148 367
-178 -150
-125 378 340
305 373 377 59 143
-285 -293
50 326 359 87 223
326 68 206
-339 -369 -131
147 292 279 253 109 366
73 139 68 222
197 -129
-339 -131
-402 -242 -63 -354
210 213 107 188 142
321 403 340 232 378
-23 306 275
152 -2
337 305 373 377 59
305 59 373 377
305 35 345 315
-402 -242 -63 -391
280 246 344 139 239
49 84 22 122 47
394 219 6
194 355 21 393 14
-290 21 393
-136 144
-349 -30 -82 -306
-386 -82 -306
-276 -232
9 -55
321 276 229 232 378
243 356 196 340 282 378
226 79 327
100 293 89 126
258 296 43 95
148 29 390 279
242 354 391 30 63
112 337 65 100 373 239
304 274 84 57 26 47
305 291 35 345 315
89 305 291 345 315 59
-42 -336
403 227 229 74 318
406 231
-232 -345 -2 -184
-295 -28
-306 -205 -285
-352 -45 -16
307 151 392 218 266 332
-164 -289 -261
240 -159
57 10 380 87
202 42 309 55
393 114 181 358
401 24 267 221 79
-320 -45 -253
54 343 186 140
65 322 353 293 126
353 322 65 100 293 89 126
112 354 244 236 205 78
89 321 100 353
-164 -121
-398 -83
124 -352
65 322 353 100 89
321 403 340 229 276
72 226 327
379 86 246 344 139 302
146 -78
-345 -315
368 2 341 184
187 207
-30 -82 -306
139 236 302
-375 -296 -167 -145
339 376 344 185 10
242 402 5 30 63
-308 -209
-168 -67
-322 -293
305 35 89 59 126
72 226 127 279
96 404 366
-11 -330 -295
-32 -210 -5 -73
380 37
257 129 193 170 28
385 243 148 390 167
344 139 302 239
326 245 206 359
33 243 356 196 282 285 378
304 274 47
-236 -205 -153
33 243 356 340 282 378
-214 -138 -320
145 258 375 108
200 26 380 87
-352 -292 -385
-331 -195
-295 -257
305 377 59 143
-70 -274
77 -187
50 380 37 87
305 291 345 315 126
-336 -237 -91 -116
98 163 261 406 231
73 139 36
65 322 100 89 126
403 340 229 232
50 86 359 87 246 223
376 342 344 185 10 379
402 163 354 30 63
148 390 279
65 337 100 373 280 153
369 339 131 195 376 331
50 223 198 326 246 359
274 198 70 104 223
227 229 74 333 318
342 376 185 10 380
336 309 55 202 42
145 258 167 108
345 291 315
98 20 261 406 231
-239 -100 -337
302 139 78
33 243 340 356 282 285 378
31 -116
250 -114
78 139 68 222
218 307 332
208 217 249 265
-385 -167 -243
-275 -33 -322
-243 -33 -356 -340
-184 -262
-387 -256 -299
334 183
210 188 381 142
258 375 167 108 189
-116 -137
178 150 58 283 92
339 344 185 10 379
271 -8
402 163 261 406 231
82 275 386 306 349 237 30 63
112 337 100 373 280 153 239
-320 -45 -292 -16
35 291 181 137 335
208 130 39 249 75 171
-300 92 58
89 315 126 305
337 305 377
339 342 344 379 380
302 73 36 78
245 188 213
139 36 236 68
305 389 373 377 143
304 57 274 26
-8 -5 -36
68 222 78
243 196 340 378
65 321 353 100 293 89
-291 -394 -137 -181
101 -372
222 245 326 359
86 344 379 139 302 239
389 373 377 59 143
-280 -239
-111 -324
337 373 389 59 143
8 204 183
-314 -60
321 353 322 100 293 89
258 375 167 108
217 2 333
-137 -294
99 -388
-306 -205 -285 -293
148 390 127
357 -364
26 50 380 37
46 195 14
208 249 130 75
-240 159
345 305 291 59
-48 11
-298 -262
291 35 315 126
-317 -255 -120
339 344 185 379
93 -91
43 348 103
-391 -354
305 59 377
344 10 339 342 376 185 379 380
401 267 221 79
291 315 35
41 -309
-261 -98 -406 -402
222 68 245 326
85 -73
-364 -208
226 148 29 390
-187 -72 -327
305 389 6 377 59
321 403 340 276 232 378
57 50 380 87
371 227 333 318
208 130 39 171
371 199 74 333 318
307 151 218 332
89 291 345 59 126
291 35 181 137 394 335
344 342 376 185 10 379 380
-35 -394 -181
-361 -64
82 116 330 91 237
178 389 150 283 92 143
339 342 376 185 10
258 43 348
321 322 353 100 293 65 89 126
321 403 340 276 229 232 378
-334 -159
144 245 70 206
-58 -192
198 86 246 87 223
305 337 389 6 377 59 143
302 73 236 78
305 337 6 377 143
200 26 37
-292 -253
50 86 246 198 359 223
-213 -188
222 68 213 326
-103 -348
319 -5
305 337 389 377 143
-349 -63 -237
-275 -205 -285
-22 -331 -218
401 79 327
321 353 403 340 229
339 342 344 10 380
21 181 393 335
-42 -3 -147
302 139 222 78
200 37
292 404 279 253 366
-391 -205 -153
-405 359 326
82 116 309 330 237
180 -217
2 276 341 184 345 315
353 403 340 229 276 232 378
125 -340
339 376 342 344 185 10 380
-254 -185
-352 -385
-309 -237 -116
-84 -122
321 322 293 126
368 2 341 232 315 184
50 326 87
33 243 356 340 196 282 285
-153 -280 -337
-226 -72
29 292 404 279 253 109
72 29 390 367
-320 -292
-359 -198 -86 -50
-311 -225 -75
-89 -305 -315 -291
353 403 276 229 378
-74 -318
402 261 98
132 -37
321 322 65 100 89 126
194 355 21 393
19 -192
65 100 293 353
-30 -82 -275
353 321 340 229 232
345 89 291 305
243 196 356 378 282 285
145 258 375 167 108
-376 -331
-402 -242 -30 -354
394 219
-112 -337
77 -207
-339 -369 -195 -131
371 227 199 333 318
369 339 131 376 331 172
-391 -236 -205 -112
82 275 386 306 237 349 30
188 213 206 68
371 227 229 333 318
10 50 37
243 196 340 282 285
337 305 377 143
337 373 377 6
3 147 42 27 109
98 163 20 261 406
-150 -332
260 -333
178 389 150 58 283 92
65 322 353 321 293 89 126
372 204 334
50 10 87
403 371 229 333 318
-386 -82 -275
-257 -170 -193
50 326 359 198 223
86 246 344 139 302
200 57 50 37
-295 -129
337 305 373 6 143
-112 -239 -100 -337
-354 -236 -153
-391 -78 -112
173 -258
368 2 276 232 345 315
72 29 390
16 385 148 390 167 282 189
269 -386
258 167 296 189
339 376 342 344 10 379 380
337 389 377 6
160 401 199 24 311
-379 -10 -185 -339
374 -322
369 37 22 200 266 218 331
280 86 246 344 302 239
339 344 376 185 379 380
-344 -10 -342 -339
227 371 229 74 333 318
-309 -330 -116
-335 -393 -114
86 326 359
-257 -129 -28
227 311 24 199
243 148 390 167 189
-172 -194
-63 -237 -275
-344 -380 -185
241 -234
-371 -333
112 337 65 373 153 239
302 68 222 36
246 86 280 379 302
145 134 262 298 108
305 291 35 345 89 59
369 339 131 195 376 331 172
188 326
65 353 100 293 89 126
321 403 340 229 232
-104 -223 -274
302 68 78 36
194 131 355 149 172
403 229 199
321 403 229 232 378
50 246 326 87 223
339 376 344 379 380
-383 -387
-273 -15
-154 342 185
-312 -144
315 305 89 59
-354 -78 -205 -112
157 -14
73 139 68 78
200 57 26 380
-155 -350
16 385 390 167
33 322 244 293 205 285
89 305 291 345 59
-200 -22 -266
24 227 311
-46 -195 -14
-25 -121
-309 -82 -91
-340 -321 -229
73 68 222 78
57 26 380
-344 -185 -339
184 190 341 262
147 292 253 109 366
342 185 10 380
100 373 280 153
50 326 359
-387 -215 -134
280 86 246 344 379 302 239
155 -178
-384 304 274
-309 -82 -330
-275 -244 -33 -293
271 -32
98 20 261
326 86 87 359 223
-109 -292 -366 -29
-70 -223
276 341 184 345 315
-32 -210 -5 -36
-42 -3 -109
247 -224
89 305 291 345 126
112 354 244 391 153 236
-239 -100 -373
32 210 242 5 8 73 381
-288 16 385
3 147 42 27
38 -165
49 369 37 22 200 266 218 331
258 167 108 189
-107 -210 -213
49 369 37 22 200 266 331
-37 -49 -331 -218
50 198 87 86 223
86 198 326 246
69 -175
-112 -280 -337
16 148 390 167 282 189
16 385 243 148 390 282 189
-139 -246 -239 -344
-376 -195 -131
-356 -196
236 222 78
272 -332
390 279
337 389 6 377 143
232 345 315 184
-172 -149 -194
-244 -285 -322
73 36 302 68
68 206 222
-354 -236 -205 -153
89 35 345 315 59
-200 -49 -369 -266
302 36 78
337 305 373 389 59 143
354 244 391 153 236 78
-128 226 72
373 389 377 143
302 73 236 222
-306 -244 -33 -322
72 226 207
89 321 322 353
-335 -181
147 42 27 109
-355 -194
-180 265 217
16 385 243 390 282
-301 375
165 151
72 226 279
339 376 185 380
-55 -43
226 279 127 367
200 57 37
-293 -65 -321 -126
337 305 389 6 59
245 188 213 206
112 354 244 391 153 205
50 37 87
337 389 377 143
-253 -366 -279
33 243 196 378 282 285
-200 -22 -369
50 86 246
26 10 380 37
89 65 293 353
-70 -304
-134 -262
89 291 35 59 345 315 126
-43 -95 -296 -348
-385 -167 -390 -243
188 245 206 68
29 147 404 279 253 366
-375 -296 -189 -108
-385 -189 -390 -282
-112 -239 -65 -337
-149 -194
4 -25
17 -276
98 402 231
321 353 340 232 378
86 198 326 223
386 306 82 237 30 63
305 291 89 315 126
-55 -42 -336
321 293 89 126
-338 -366 -187
72 226 148
337 59 373 305
-309 -82
388 54 25 186 140
337 65 100 373 280 153 239
-254 -185 -46
-22 -122
89 305 59 345 315 126
65 322 293 353
229 227 333 199
305 291 345 59 126
344 185 10 379 380
29 390 279
-109 -292 -404 -279
86 87 326 359
226 29 279
3 147 109
-30 -275
323 -145
184 190 262
212 -243
242 163 354 5 391 30
-237 -82
-139 -239 -344
402 354 163 5 391 30
68 213 222
-37 -49 -369
147 42 202 109
385 243 390 167 189
72 390 127
280 246 86 344 139 239
305 35 59 345 315 126
337 305 373 389 143
-121 -317 -20
50 198 87 223
368 232 2 276 341 184 345 315
-59 -305
127 279 29 367
74 333 318
178 283 92 143
232 368 276 341 184 345 315
-163 -242 -30 -391
402 354 5 391 30 63
188 213 326
89 65 293 126
222 68 245 206
57 50 37
376 342 344 10 379 380
-320 -385
33 243 340 282 285 378
-11 -91 -257
227 371 199 74 318
337 305 373 389 6
-144 -206
-178 -307
-124 -113
-320 -45 -253 -385
392 307 332 151
83 238 362 107 142
146 -236
103 296 43 348 95
33 243 196 340 282
305 291 35 345 59 315
86 246 344 302 239
10 380 37 87
86 87 326 246
2 371 333
337 377 389 305
336 309 55 42
-386 -63 -82
321 65 353 293 126
243 196 340 378 285
315 35 89 59 126
306 275 244 293 322 205
246 280 379 139 302
291 35 181 137 219 335
258 103 296 43
342 376 185 10 379
-309 -237 -330
8 32 334
403 333 318 199
-362 -283
61 -35
325 -82
251 -383
32 210 36 5 8 73
114 21 181 393 335
200 50 380
73 36 236
321 353 340 276 232
-145 -108
-349 -63 -275
368 2 232 315 184
-336 -237 -330
304 274 26 84
-8 -210 -36
-37 -22 -266
256 178 307 150 215 332
33 340 282 285 378
178 389 150 58 283 92 143
-78 -244 -153
326 50 86 359
371 403 199 333 318
-342 -185
200 57 26 87
-309 -91 -116
-310 -156
29 292 279 253 109
-320 -45 -16
73 236 78
72 226 127 367
65 322 293 89
-253 -16
-216 87 50
337 305 6 59
-254 -342 -399
-104 -223 -304
384 -274
89 291 315
407 -208
368 2 341 184 345
66 -210
-283 -143 -150
-17 276 232
210 36 5 8 73 381
33 306 275 322 293 285
403 229 199 74 333 318
93 -330
188 213 359
86 246 139 302
339 376 185 10 380
322 275 244 293 285 205
-163 -5 -63 -354
-131 -149
243 390 167 282
353 321 340 229 276 232
326 198 86 359
50 86 359 198 223
-320 -292 -16
68 213 326 359
321 403 340 229 232 378
-12 254
210 107 381 142
188 68 359
339 342 344 185
368 2 276 232 345
112 100 373 280 153
72 226 127
-340 -321 -403 -276
337 373 6 377 59
145 258 375 167 189
371 227 229 199 333
-32 -381 -242 -36
-404 -366
397 -33
403 227 371 199 74 333
403 227 229 333
178 389 150 58 283
305 35 59 345 89 315 126
228 -70
363 -399
68 213 206
74 333 318 199
305 315 59 35
-365 148 390
403 229 199 74 318
65 353 89 126
336 116 309 330 91 237
-302 -86 -239 -344
-283 -92 -389 -150
296 258 43
321 353 293 126
-331 -172
65 100 293
-47 -122
403 227 199 74 333
-388 -58
101 -334
29 292 404 109 279 253 366
160 311 75 399
25 186 388 54
-339 -172
305 337 389 6 59 143
160 401 24 199
385 243 167 189
321 322 353 100 89
-355 -393
321 322 353 100 89 126
2 276 341 232 184
368 2
-205 -33 -293
337 100 373 280 153
145 134 262 298 299 108
-14 -393
145 258 167 108 189
72 29 367
86 246 344 379 139
65 321 100
98 261 406 231
198 87 326 359
386 275 306 349 30 63
344 86 280 379 239
-289 -214
118 -343
102 -348
72 127 29 279
377 389 143
-219 -181
-234 -312 -144
-391 -236 -112
305 35 345 89 126
16 385 243 167 282
98 20 406 231
82 275 306 237 349 30
-391 -236 -205
-385 -189 -148 -243
227 229 199 74 333 318
16 385 243 390 282 189
371 227 318 199
258 103 296 348 95
337 373 6 377 59 143
208 130 39 75
-378 -321 -403 -232
258 43 348 103
296 258 348 95
337 305 373 389
76 -317
-283 -58 -150
26 50 10 37
-210 -242 -36
404 366
86 198 326 87
50 326 87 223
-49 -331 -218
3 42 147 202 27 109
29 147 292 279 109 366
344 339 376 380
74 227 333 318
65 321 293 126
337 305 373 6 377 143
84 165 22 122 47
403 276 229 232
336 116 309 330 91
353 321 403 276 229 378
276 232 315 184
-224 -234
227 229 199 74
227 371 229 199 74 318
8 372 183
-402 -5 -354
-47 -49 -122
-35 -219 -137 -335
-82 -330
-292 -366 -279
305 291 35 89 59
-152 2 368
-112 -239 -65 -373
81 -294
386 349
258 348 95
16 385 148 390 167 189
368 276 341 232 345 315
67 -63
57 26 10
-200 -49 -218
65 321 89 353
225 342 46 185 254 399
-212 282 243
302 73 68 78
-170 -129
33 243 196 340 285
208 249 75 39
321 353 340 378
145 258 375 296 167 108 189
200 50 380 37
49 369 37 22 218 331
338 366
337 389 6 377 59
-4 54 25
338 366 207
125 -378
-325 237 82
208 249 130
98 163 20 261 406 231
-61 35 291
321 65 322 353 100 89
344 86 246 280 139
403 371 229 227 74 318
73 36 78
20 261 231
280 344 139 302 239
-254 -225 -46
302 139 68 222
50 223 246 326 87 198 359
321 353 403 340 276 378
145 258 167 296 189
-89 -305 -315 -35
-205 -112
266 218 307
-306 -285 -293
98 163 20 261 231
339 376 185 379 380
33 306 322 244 293 285
354 244 391 153 236 205 78
50 198 86 246
-200 -331 -266
-168 43
245 188 213 222
-283 -58 -389
-131 -355
368 2 276 341 184 345
89 291 35 305
32 242 36 5 8 73
291 35 345 89 126
-349 -237 -306
203 -214
188 213 222
399 75 311
339 342 185 10 379 380
245 188 213 68
-75 -208 -130
337 305 373 389 59
-98 -283
258 167 296 108 189
353 321 276 229 232 378
53 -160
246 86 280 139 302 239
41 -336
60 -299
291 89 315 126
305 291 345 315 59
57 10 380 37
49 37 22 200 218 266
-379 -380 -342 -339
-109 -253 -404
168 -43
367 127 390 279
368 2 232 315
-55 -309
345 89 315
-391 -236 -205 -153
386 406 231
174 -362
-35 -291
-14 -194 -393
33 306 322 244 205 285
72 226 79
-110 95
64 -403
243 196 282 285
50 86 326 246 198 359 223
-109 -253 -366 -29
16 385 243 390
226 148 29 279
160 225 39 311 399
112 354 244 391 205 78
-352 -320
-331 -218
371 333 199
-349 -30 -275
29 147 292 404 279 253 109
-140 -92 -192
339 344 376 10 380
386 306 237 30 63
321 65 293 89
321 353 403 276 229 340 232
-224 -238 -234
243 196 340 285
159 312 95 254
120 45 375
321 65 322 353 293
32 210 242 36 5 8 73 381
321 353 403 340 229 378
-352 -45 -253 -385
200 26 10 380
32 210 242 36 5 8 73
42 202 27 109
-339 -195 -131
403 371 229 227 74 333 318
245 206 213 222
-289 -255 -120
188 68 206 359
-30 -237 -275
280 86 246 344 379
49 369 22 266 218 331
247 -398
187 79 327
389 6 377 143
291 35 137 394 219
258 103 296 43 348 95
-283 -58 -143 -178
379 280 139 302 239
-12 -156
-247 398 224
365 -148
-18 142 107
134 262 298 299 108
353 340 229 276 232 378
-54 -121
-334 -106 -159
72 226 29
112 65 337 100 373 153
-391 -78 -205 -153
188 206 326 68
-49 -331 -266
89 291 305
353 321 403 276 229 232 378
339 342 344 185 10 379
145 258 167 296 108 189
50 86 87
291 181 137 219 335
-336 -82 -330
321 340 229 378
377 394 219
-256 -134
-215 -134
242 354 402 391 30
353 321 403 276 229 340 378
33 243 196 282 285
-55 -42 -309
389 6 377 59 143
-402 -242 -63
33 196 340 282 285
-10 -380
321 353 403 276 229
402 242 354 163 391 30 63
200 57 10 87
-14 -355 -21
-22 -165
345 89 126 305
321 403 340 276 232
-17 -363
-214 -120
194 355 393 14
258 348 95 103
-344 -380 -185 -376
148 279 367
-267 -221
33 306 322 244
337 373 6 377 143
403 227 229 199 318
-153 -65 -337
-344 -10 -185 -376
74 229 318 199
-312 -95 -254
-331 -195 -131
-8 -381 -242
160 225 311 39
-309 -82 -91 -116
112 354 391 236 205 78
307 151 392 218
89 65 100 293
204 183
-376 -369 -131
50 326 359 223
-20 -98 -231 -402
305 337 389 6 377 59
86 326 246
57 26 37 87
-285 -196 -340
-337 -389 -305 -6
245 68 213 326
112 100 373 280 153 239
369 49 37 200 266 331
201 -366
65 322 321 89 126
32 210 242 36 8
315 89 59 126
44 -24
68 245 222
-58 -389
402 98 163 261 406
50 198 86 246 87 326
-145 -134
-275 -244 -33
-178 -215
32 210 242 36 73 381
86 139 302 239
392 266 307 151
-129 -28
18 -142
243 340 356 378 282 285
243 340 356 282 378
-112 -239 -65
-119 -149
348 103 95
197 -170
114 21 335
-375 -258 -189 -108
73 36 236 78
-21 -393
68 245 326 359
50 86 359 87 223
82 275 306 386 349 30
32 210 36 5 8 73 381
280 86 246 344 139 302
305 389 6 377 59 143
339 342 344 185 380
262 184 298 190
-352 -253 -385
339 376 344 185 380
225 311 75 399
337 373 389 377 143
302 73 36 222
-202 -42
162 -121
49 165 22 122 47
50 326 86 223
339 344 185 10 379 380
257 91 295 330 11
74 371 333 318
33 196 340 285
-16 -167 -390 -243
135 -39
402 98 20 406 231
-200 -22 -331 -266
50 223 246 326 87 86 359
371 333 318 199
57 10 26 37
305 59 377 6
-276 -345 -368 -184
3 42 147 202 109
-178 -307 -215
-37 -331 -266
227 318 199
296 258 43 348
71 -189
403 229 199 333
353 321 276 229 340 232 378
192 388 58 92
129 114 358 294 170
-321 -229 -232
16 148 167 282 189
50 246 86 87 326 359
369 37 22 200 218 331
289 214 317 255
303 -261
-127 -367
-282 -33 -196 -340
-238 -362 -107
-369 -195 -172
-391 -78 -244 -112
89 291 35 345
298 190 262
-202 -309
50 246 86 87 359
42 147 109
-303 -268
368 333
337 59 373 377
-398 -83 -234
72 226 279 367
-354 -78 -244 -112
50 198 359 86 326 223
98 163 20 402 261
280 379 246 86 344 139 239
402 163 354 242 391 30
336 82 116 330 91 237
148 29 390
353 340 229 232 378
392 218 307 332
-253 -366 -29
302 139 36 222
-74 -229 -199 -333
-160 -225 -75
188 68 213 326
188 206
305 291 35 345 89 59 126
206 188 213 326
-337 -389 -305 -377
145 258 296 108 189
208 75 39
337 389 59 143
305 315 291 35 345 89 59 126
403 371 199 74 333 318
305 291 35 89 126
-92 -58
96 187 366
-138 -320
89 291 345 315
-174 362
321 322 100 293 126
-47 -165
393 194 21 14
-310 283
210 242 36 73 381
258 348 103
246 344 379 139 239
-22 -369 -266
321 322 353 293 89
129 114 358
379 86 139 302 239
-283 -58 -389 -150
16 385 243 148 390 167 189
50 326 246 87
-397 33 285
402 163 20 261
281 -171
98 163 20 406
227 229 74 318
321 353 276 229 340
32 210 242 36 8 381
242 36 5 8 73
326 68 222 206
386 275 306 82 237 30 63
24 401 267 327
50 198 359 87 223
307 392 218 266 332
385 390 167 282 189
89 315 305
401 267 221 327
339 344 10 379 380
72 390
72 327
337 373 389 377
139 302
385 243 390 282
86 246 326 359 223
337 305 373 377 143
403 227 199 318
26 380 50 87
-346 -98
89 321 100 126
160 225 39 75 399
116 137 364 294
276 232 345 315
-214 -320
-278 267 221
243 196 340 282
-402 -242 -30 -391
-311 -160
-302 -246 -239 -344
337 389 377 59
242 402 163 5 30
32 242 36 5 8 73 381
337 389 377 59 143
-58 -150
258 103 296 43 348
389 58 283 92 143
353 403 340 229 378
305 291 35 59 345 315 126
403 227 229 371 199 333 318
16 385 243 148 167
10 26 37 87
57 50 37 87
-37 -49 -369 -218
210 188 381
324 -219
94 -27
-109 -253 -366 -279
50 198 87 86 246 223
-351 227 199
32 210 36 8 73 381
-309 -237 -330 -116
-153 -239 -100
368 371 333
-379 -344
-37 -369 -218
379 86 246 139 302
321 100 293 89
57 26 37
-78 -244 -112
403 371 199 74 333
274 84 57 26 47
368 2 276 184 345 315
386 82 275 306 349 237
-147 -109
-106 -43
86 246 344 379 302 239
392 218 151
98 20 261 231
336 82 116 309 237
139 236 36
339 342 185 380
139 36 236 302
321 340 229 276 232 378
344 342 376 10 379
65 321 353 293 89 126
-318 -229 -227 -333
386 349 175
243 356 340 196 282 285
321 322 353 293 126
-309 -330
-37 -22 -331
-348 -383
86 246 344 139
-165 -122
86 246 344 379 302
385 243 148 390 167 282 189
-41 -297
148 279 390 367
86 198 326
337 305 373 6 59 143
226 148 390 279
210 242 5 8 73 381
139 36 236 78
220 -83
210 107 213 142
349 175
402 163 354 5 30 63
280 344 139 239
227 229 318 199
-186 -25
-308 -263
-308 119
-335 -21 -358
-109 -404 -279
-336 -330 -116
-275 -205 -322
401 327 24 79
-276 -315 -2 -184
32 242 36 8 73 381
65 321 100 126
-254 -185 -225 -46
27 42 3
188 68 213 359
8 32
371 403 333 318
226 148 127 367
368 2 276 341 232 315
368 341 184 345 315
288 -385
65 321 89
-273 46
302 36 236 78
208 249 265 217 364
376 342 344 185 380
-376 -369 -195
49 37 22 266 218 331
208 130 39
-11 -91 -295
-35 -219 -181
191 -380
224 186
344 379 139 239
-37 -49 -369 -266
-159 -95
-274 -57 -47
321 65 322 353 126
57 274 26
385 243 167 282
243 196 340 282 378
114 181 358 21 393 335
402 20 261
244 391 153 236 78
72 29 279
-25 -346
26 10 50
337 305 373 6 389 59 143
386 349 406
326 359 198 87 223
13 -341
-186 -25 -388
-399 -225
-172 -131
243 340 282 285 378
368 2 276 341 345 315
345 305 315
73 36 236 302
-239 -65 -337
115 -338
-37 -331 -218
65 322 321 293 126
375 296 167 108 189
351 -199
-37 -22 -369 -266
-354 -236 -205 -112
243 356 340 196 285
321 322 353 100 65 89 126
280 86 344 379 139
35 291 89 59 126
-248 353 321
226 29 390 367
-340 -353 -229 -232
2 276 232 315 184
-323 -248
305 291 35 345 59 126
344 379 86 239
368 232 341 184 315
32 372 334
86 198 246 87
-402 -63 -354
280 86 344 139 302 239
377 394 97
139 236 68
371 403 229 333
-51 302 139
305 291 35 89 126 315 59
107 142 83 238
385 148 390 167 189
243 340 378 285
368 276 232 315
-362 -98
-22 -218
127 390 367
323 -108
86 344 139 302 239
305 315 291 345 59 126
-327 -267 -401
73 36 302
178 389 150 58 283 143
-37 -22 -369
258 375 296 167 108 189
73 139 222 78
33 196 356 282 285 378
200 380 37
-306 -33 -293
-139 -246 -280 -344
-14 -194 -21
243 356 340 196 282 285 378
279 29 390 367
326 50 86 246
321 65 322 100
403 199 74 333 318
368 265 2
122 165
-344 -380 -339
-37 -331
-236 -78
33 243 196 340 378 285
305 6 377 59 143
-287 230
-32 -210 -242 -73
72 127 367
-275 -293
-8 -210 -5 -36
279 148 29 367
33 196 340 282 285 378
86 246 344 379 239
337 389 143
242 354 402 5 163 391 30
72 148 279 367
68 78
337 59 305
-147 -292 -366 -29
-312 -254
-291 -181
270 -28
200 50 10 37
50 198 359 223
245 213 326 359
50 86 198 87 326
3 42 147 202
200 50 37
-336 -82 -330 -116
-243 -285 -196 -340
-277 100 65
-352 -45 -292 -385
226 279 390 367
321 65 353 100 293 126
-116 -137 -364
-288 -93
65 322 89 126
209 -392
50 326 87 359
178 389 283 92 143
279 127 367
-31 -248
284 -59
226 148 390 127
369 339 131 195 331 172
-200 -22 -218
83 362 107 142
336 116 309 91 237
72 226 148 29
243 196 340 282 285 378
-41 -69
210 242 36 5 8 73 381
298 341 190
89 293 126
305 291 35 345 315 126
-308 -80
68 245 206 359
368 2 315 184
68 236 222 36
-308 -329
-35 -219 -137
-402 -242 -391
403 371 229 227 199 74 333
379 86 344 139 239
89 305 291 35 345 59 315
16 385 148 167 282 189
89 305 291 35 345 315
258 375 167 189
50 198 87 86 326 223
49 369 200 266 331
89 305 291 345 315
405 -326
82 116 309 330 91 237
242 163 402 30 63
339 344 342 376 185 379 380
-393 -358
-45 -253
50 326 198 86 87 359 223
3
373 389 6 377
33 243 356 196 340 282 378
72 226 148 390
-218 -392 -307
29 404 279 253 109 366
243 148 390 282
148 390 167 282 189
-185 -399 -46
-79 -221 -401
187 327
32 210 36 8 73
402 163 231
52 -68
-339 -331 -195 -131
291 35 89 59
-218 -151 -307
200 26 380
188 222 206
188 245 326 68
223 86 246 198 326 359
112 337 65 100 280 153 239
321 403 276 229 232
74 229 318
139 68 236 302
112 244 391 153 236 205
-323 -360
200 10 37 87
377 219 97
379 246 344 139 302
-16 -385
245 326 359
336 82 309 330 237
112 65 100 373 280 153
-47 -22
339 342 344 185 379 380
-349 -30 -306
192 97
184 298 262
403 229 199 74
245 206
401 327 24 221 79
-386 -30 -82 -306
-244 -285 -293
-214 -138 -352
-234 -312
248 -353
-49 -122
380 57 26 50
305 291 35 89 315 126
206 222 326
-320 -16
49 369 37 22 200 331
321 353 340 229 378
-250 114 358
89 291 35
353 403 276 229 232 378
-373 -389 -305 -377
402 406 231
86 344 379 302 239
-340 -321 -229 -232
-29 -279
402 163 20 261 231
-306 -244 -285 -293
147 404 292 253 109 366
321 322 353 100 293 126
147 292 279 253 109
-112 -239 -100 -373
-339 -331 -195 -172
-294 -358 -170
65 322 353 293 89 126
-19 192
-54 -121 -346
-111 387
328 -204
273 -46
385 148 390 167 282 189
210 107 188 381
112 244 391 153 236 78
305 315 59
368 276 232 345 184
302 68 78
188 213 206
-37 -22 -331 -266
229 333 199
107 362 83 238
198 86 246 359 223
89 345 315 59
-306 -205 -285 -322
-303 20 261
243 148 390 167 282
72 187 79
194 355 131 149
51 -139
-200 -331 -218
49 369 37 22 200 266
-85 -329
-6 -377
198 86 246 326 223
257 330 11 295
356 196 340 378 285
50 326 86 246 223
305 291 345 89 126 315 59
337 373 377 59 143
192 388 58 140 92
-203 255 214
-275 -244 -322
-80 57 26
224 234 83 398
98 163 20 261 402 406
73 236 222 68
339 344 376 185 10 380
225 39 311 75 399
305 389 373 377 59 143
291 89 59 126
-37 -49 -331
-224 -83
178 389 150 58 92
-147 -253 -366
3 42 202 27
-291 -219 -137 -335
-391 -244 -112
-159 -312 -95 -254
86 326 246 223
305 35 291 89 315 59
242 163 354 402 391
226 390 367
-99 -52
160 227 311 199
-43 -258 -348
337 305 389 6
-179 120
-194 -393
217 265
50 86 87 359
-139 -86 -344
-41 336 309
305 389 377 143
73 139 36 222
49 369 331 22 200 218 266
194 131 149 172
-265 -364 -249
-347 292 253
-387 -215
-102 -400
139 36 222
242 354 163 391 30 63
321 403 340 229
-369 -195 -131
-257 -193
403 227 229 74 333
33 306 275 244 205 285
-32 -242 -36
305 337 389 6 377 143
337 377 6
-1 6 377
226 390 279
-112 -65 -337
86 246 326 87 359 223
-245 -206
25 186 388 343
68 222 326
-361 -365
68 222 36
64 -229
27 202 3 109
-31 -363
51 -302
3 147 42 109
49 369 22 200 218 266
-5 -30 -354
130 39 249 75 171
322 293 89 126
-108 -134 -262
321 353 340 229 232 378
-402 -5 -63 -391
112 354 391 153 236 78
-139 -86 -280 -344
65 321 100 353
243 196 340 356 282
386 306 275 82 237 349 63
86 246 326 87 223
337 373 377
321 340 276 232
147 292 404 279 253 109
16 385 243 167 189
145 258 375 296 167 189
33 243 356 340 378 285
-253 -385
50 198 223
112 65 100 373 280 153 239
210 213 107 188 381
196 340 378 285
305 291 315 126
-308 -220
33 306 275 322 244 205
210 188 213 142
-244 -33 -293
16 385 243 390 167 189
-112 -239 -373
226 79 207
403 229 318
208 130 249 75 171
326 50 86
29 109 279 253 366
-293 -100 -321 -89
363 -225
-186 -224
403 371 229 199 74 333
49 369 37 22 200 218 266
89 321 100 65
276 341 232 184
-275 -205 -33
243 167 282 189
-246 -86
291 89 315 59
139 36 302
33 243 340 285
16 385 243 167
33 306 275 244 322
160 227 311 24 199
-391 -236 -244 -153
-379 -380 -185 -339
-39 -249 -130
305 389 377 59 143
337 305 377 6
217 371 265
305 6 377 143
377 97
50 246 326 87 359
-111 -363
-287 -278
386 82 306 237 63
89 65 293
368 2 276 184 315
225 46 185 254 399
407 -249
321 353 89 126
72 226 390
264 -198
369 49 37 200 266
286 -339
-354 -236 -205
33 243 340 356 282 285
-40 163 402
232 321 276 229
227 371 199 74 333
242 36 5 8 73 381
200 10 380
-376 -331 -195 -131
-126 -89
188 213 222 68
379 246 86 344 139 239
-53 311 160
42 3 109
-293 -65 -353 -89
-186 -54 -388
-179 -69
-167 -390 -243
386 306 237 63
-310 -319
280 86 344 302 239
321 353 340 229 276 378
344 185 10 380
291 59 89 315 126
385 243 167 282 189
372 334
402 98 20 261 406 231
29 147 292 404 279 109 366
112 337 65 100 153 239
89 59 35 305
-245 -70
321 322 65 100 293 89
263 -49
78 68 222 36
305 373 389 6 143
145 258 296 108
386 306 237 349 63
-283 -58 -389 -178
403 340 229 276 232 378
-394 -219
369 331 37 200 218 266
-388 -192
-317 -289
373 389 6 377 59
305 315 345 59 126
98 163 20 402 406
222 206 245 326
50 246 198 87
-293 -65 -321 -89
371 229 74 318
403 227 229 333 318
367 390 279
280 139 302 239
305 389 377 59
392 307 151
321 353 100 293 89 126
-70 -223 -304
403 371 229 199 318
-166 266 218
20 261 406 231
1 -377
296 258 95
234 312 144
191 -10
98 20 261 406
-83 -362 -107
129 170 294
246 86 280 379 139 239
-225 -46
-12 -146
210 107 188
217 333
35 291 181 219 335
304 274 57 26 47
72 226 29 279
339 342 376 10 379 380
-220 238 83
221
-57 -26
-242 -30 -391
302 139 236 222
-8 -210 -5
-8 -381 -5 -73
305 389 59 143
305 291 35 59
-66 381 210
203 -255
72 226 148 127
-261 -98 -231 -163
177 -346
112 354 244 391 153 205 78
118 -186
73 139 68
402 163 261 98
114 21 358 393
353 403 276 340 378
368 232 315 184
337 373 389 6 377
114 21 358 181 393
-275 -205 -33 -322
-153 -100 -337
-254 -185 -399 -46
98 402 20 163 231
-219 -137 -335
7 -97
-8 -210 -242
-287 -351
208 249 39
353 403 340 229 232
227 371 229 199 74 333 318
227 403 229 199 74
8 334 183
65 321 100 293 126
68 213 222 359
339 376 10 379 380
291 35 59 345 315 126
160 225 39 311 75
50 198 86 87 246 359 223
57 10 50 87
-312 -95
33 340 378 285
16 243 390 167 282 189
145 258 375 296 108 189
371 229 199 74 333 318
73 36 222
-391 -78 -205 -112
96 404 207
337 305 373 389 6 377 143
-99 -191
-37 -22 -331 -218
291 35 181 394 219 335
72 390 279
-354 -205
202 3 42 109
-333 -368 -217
305 315 291 59
392 122
321 403 229 232
43 348 103 95
145 375 167 108
39 311 75 399
184 298 341 262
-254 -342 -225
349 406 231
-327 -221 -401
65 100 293 89 126
-361 295 257
278 -267
353 403 340 229 232 378
-117 373 337
339 344 342 376 10 379
210 107 188 381 142
139 68 222 36
-45 -292 -385
384 -304
242 354 402 5 30
258 375 296 167
232 321 340 229
-320 -45 -385
-266 -392 -307
133 -109
-386 -63 -82 -275
402 20 406 231
337 305 389 6 143
178 389 58 283 92 143
32 210 242 8 73 381
112 354 244 391 153 236 78
188 326 359
89 321 322 126
-313 -363
248 -321
73 36
258 43 95
16 148 390 167 189
403 229 199 318
32 210 242 8 381
200 57 26 50
65 322 321 100 293 126
402 261 406 231
82 275 386 237 349 30 63
305 291 59 315 126
139 68 222
72 226 390 279
342 344 185 379
-89 -305 -345 -291
356 196 340 378
327 24 267 221 79
287 -230
353 403 276 229 340 378
-39 -208 -130
-99 -233
130 75 39
-271 -174
280 246 344 379 239
365 -390
62 -369
112 244 391 153 236
-37 -22 -218
178 58 283 92 143
278 -221
112 337 65 100 373 280 153 239
338 187 366
-275 -205 -285 -322
16 385 148 390
-349 -275
-283 -58 -178
54 343 25 186 140
402 163 354 242 30
65 100 293 126
114 294 358 170
-140 -58
-387 -215 -299
280 379 246 344 139 302
-99 140 388
48 -11
-331 -131
-104 -70
187 327 207
-402 -5 -63 -354
208 130 39 75 171
371 403 229 199
161 -262
16 385 243 282
368 2 276 341 345
-140 -58 -192
371 227 229 403 333
266 218 307 151
-71 189 167
368 341 232 345 315 184
33 243 340 356 285
89 35 59 345 315 126
86 198 87 223
16 385 148 167 189
138 230
222 188 213 326
368 345 315 184
187 366 207
-386 -349
210 213 188 381 142
403 371 229 227 199 74 318
276 341 232 345 315 184
33 356 196 340 378
114 21 181 335
-159 -312 -254
-339 -369 -195
89 65 100 126
-257 -129 -193
74 371 333 199
368 276 232 345 315
321 65 353 293 89
307 392 266 332
57 26 10 50
321 340 232 378
-241 234
73 139 36 302
82 275 306 386 349 30 63
188 68 245 222
321 353 340 232
-282 -285 -196 -340
112 354 244 391 153 236 205
326 206 359
50 198 87 359
402 163 20 261 406
326 86 359 223
-291 -394 -137
372 204 183
210 107 142
403 227 229 199 333
246 198 326 87 86 223
33 243 356 340 196 285
8 32 372
-395 -329
127 148 29 279
175 231
371 227 403 333 318
96 338 366
337 373 377 143
403 340 229 276 378
-265 -364 -208
68 326 359
33 306 275 322 293 244 285
402 163 261
89 321 353
-379 -380 -185 -376
23 -306
-402 -242 -354
321 65 100 293 89 126
-232 -315 -2 -184
112 354 244 391 153 236 205 78
368 2 276 232 315
160 225 75 39
49 369 37 22 266 218 331
33 306 275 322 293 244 205 285
-260 -363
72 127 390 279
-354 -236 -244 -153
339 376 344 10 379
-109 -292 -279
-340 -229 -232
-49 -22
227 403 229 199 333 318
57 26 47
-342 -225
-95 -254
328 -183
-320 -45 -253 -16
-138 -230
304 274 84 57 47
226 279 29 367
50 86 326 246 198 87 223
-352 -253 -16
321 353 403 340 276 232
112 65 337 100 373 280 153
198 326 359 223
-249 -208
339 342 344 10 379 380
73 68 222 36
-232 -315 -2 -341
290 -21
402 163 354 242 30 63
392 218 332 151
-58 -143 -150
86 246 139 302 239
289 20 261 121 317
246 198 326 223
-344 -380 -342 -376
-85 73 36
89 321 322 65
336 82 116 309 330 91
403 371 229 74 333
211 -79
277 -65
260 -371
-275 -205
86 198 246 87 326
89 345 315 126
-386 -237 -275
302 236 222 78
304 274 198 70 223
321 353 276 232
403 227 229 371 199
305 345 315 59
-291 -394 -137 -335
-2 -368
-130 -28
403 371 229 227 74 333
-93 91 330
257 129 295 170 28
50 26 87
-346 -362 -98
86 246 280 239
-168 -123
208 130 249 171
339 342 344 185 10 379 380
16 243 148 390 167 189
305 35 89 315
350 -195
-352 -292 -16
331 37 22 200 218 266
72 187 327
337 305 59 143
-153 -239 -100 -337
-283 -389 -178
-243 -285 -196 -378
188 213 68
389 377 59 143
209 -151
-181 -393 -114
280 379 86 344 139 302
16 148 282 189
86 50 198 326
152 -368
-150 -307 -256
72 148 390 279
26 37 87
342 376 185 10 379 380
200 50 37 87
304 274 26 47
-69 175
-352 -45 -292
-217 -364
-257 -28
72 226
321 322 100 293 89
29 292 404 253 109 366
-320 -253 -385
-283 -92 -389 -178
316 -84
368 2 276 341 232
242 163 354 402 5 391
35 181 137 394 335
252 -354
337 305 389 6 377
-205 -33 -322
-70 -198
123 -231
-349 -82 -306
-385 -167 -390 -282
379 344 139 302 239
33 196 356 282 285
-145 -299 -262
280 379 344 139 302
-112 -280 -100 -337
73 236 78 68
226 127 29 367
-381 -242 -36
-232 -315 -368
280 379 344 139 302 239
-275 -244 -33 -322
204 334 183
188 213 206 359
65 322 353 321 293 89
50 86 246 223
235 -149
229 199 74 333
65 322 100 293 126
49 369 331 200 218 266
-289 -255
-301 -325
33 243 196 356 285
175 386 231
337 389 6 143
377 389 6
200 57 50 380
342 344 185 379 380
-31 -169
-275 -205 -285 -293
89 305 345 315 59
24 221 79 327
33 243 356 196 282 378
291 35 345 89 59
-129 -193
98 163 20 261
33 306 322 244 285
294 129 114 358
264 -223
402 20 261 98
33 275 244 293 285 205
200 37 87
337 305 373 59 143
-109 -366 -29
243 148 390 167
-372 -334
156 -280
265 2 371
291 59 345 315 126
-153 -239 -373
16 243 148 390 167 282
302 68 222
-150 -332 -215
-359 -326
139 236 222 36
198 359 86 246 326
29 404 279 253 366
386 306 275 237 349 63
33 306 275 244 322 205 285
73 36 78 68
389 150 58 283 143
368 2 341 184 345 315
302 68 236 78
50 326 246 359
393 21 181 358
-155 178 150
208 130 75 171
242 354 402 5 391 30
-286 376 339
388 54 343 186 140
-354 -78 -205 -153
16 385 243 390 167
178 389 150 58 92 143
97 394 219
227 199 74 318
50 86 246 198 359
305 337 377 59 143
259 -256
400 -205
385 148 390 167 282
85 -36
21 358 181 393 335
65 321 100 293
33 243 196 340 282 285 378
145 258 167 296 108 375
-8 -381 -242 -73
-402 -5 -30 -391
333 229 318
-145 -134 -262
246 280 379 302 239
243 196 356 340
-192 -97
68 326
-183 -334 -8
-254 -342 -225 -46
342 376 10 379 380
-116 -364
401 327 221 79
-157 -7
110 -95
395 -213
72 127 390 367
-147 -366 -279
186 343
50 198 359 246 223
305 373 389 59
145 167 108 189
188 68
-164 -317 -20
-9 55
227 403 229 371 199 74
245 68 213 206
-339 -331 -131
-181 -21 -114
371 227 229 199
24 401 221 79
-296 -258
89 322 293
90 -356
16 243 148 390 167
382 -318
326 206
-341 -184
353 321 403 340 229 232
33 306 275 244 293 322
-62 369 331
353 403 276 229 232
-381 -210
200 57 10 37
86 344 139 302
72 226 367
-254 -342 -399 -46
242 354 402 5 391 30 63
322 100 293 89 126
-121 -317
65 322 321 100 293 353 126
-406 -231
388 58 140 92
-349 -30 -82 -275
-234 -144
-340 -321 -403 -232
326 359 198 87 86 246
-36 -68 -78 -139
145 258 167 296 108
26 50 10 87
89 305 345 315 126
-334 -106
-11 -330
-275 -285
-401 -227 -311
385 243 148 167 189
227 199 74 333 318
-188 -206 -68 -326
36 78
-153 -239 -100 -373
321 293 353
-378 -340
385 243 390 167 282
280 344 379 239
208 39 249 75 171
-38 165 122
89 305 35 345 59
-8 -381 -242 -36
337 373 59 389
86 198 87 326 223
403 227 199 333
227 371 229 199 74
16 385 243 148 390 189
-37 -369 -266
98 402 20 231
-99 -328
347 -253
373 389 6 377 59 143
-292 -385
3 42 147 202 27
368 2 276 341 184
339 342 344 185 10
78 139 36 222
112 337 65 373 280 153 239
202 42 3
65 321 322 100 126
-35 -394 -137 -181
148 29 279
162 -164
243 340 356 282 285
-255 -320
145 375 296 167 108 189
-224 -238
73 139 236 78
196
-112 -280 -65 -373
-27 -3
302 73 68 222
160 39 311 75
208 249 217 364
86 246 344 379 139 302 239
-372 -106 -159
-261 -98 -231 -402
-153 -280 -65 -337
-281 171 130
160 225 39 75 311 399
368 2 276 232 345 184
-111 -284
