-92 -45
-68 -135
-127 -7
51 -145
160 97 2 36 59
81 147 132 86 89
-24 -46 -22
-18 -85 -38 -149
-98 160 97
1 133 56 155 44
-160 -59 -36
25 -22
-128 -47 -87
-141 139 47
-50 -72 -9
-47 -159 -148
32 -117
-2 -59
147 151 8 89 109
-132 -2 -21
112 1 133 70 56
133 70 58 155
-89 -50 -8 -109
-33 151 50
17 4 63 79
-52 -45 -97
-27 -139 -148
34 137 75 11 92 45 62
148 85 75 27 139 47
-74 -144
-89 -151 -72 -109
18 58 123 14
-18 -149
-65 -26
133 70 56 58 44
17 149 41 79
-143 -70 -68
-36 -12
148 90 75 27 139 47
-73 -26
-142 -115
-68 -145
-10 -118
-64 153 52
-52 -92 -160
-14 -1 -123
-164 41 149
7 -45
-14 -1 -18
112 1 133 70 56 44
17 66 6 103
1 133 70 56 155
17 6 103 79
104 -44
1 70 58 155 44
30 -154
-25 22 128
-87 -151 -40
3 4 149 79 63
-35 -4 -19
64 -52
145 18 149 85 41 123 159
97 52 153 92 45
-39 -132 -89
-5 -12 -99
-78 -66
30 -80
-31 114 24
-34 -62 -45 -27
-41 -63 -79
3 149 41 63
-163 -141
-35 -63 -19
-62 -39
-137 -62 -45 -75
112 133 56 58
112 1 133 70 58 155 44
3 4 41 63 79
66 131 6 42 78
-46 -128
-21 -140
81 2 21 59 61
147 132 86 39 89
81 147 39 89
-27 -47 -159
-112 -56
-86 -39
71 -150
17 3 149 41 79 63
-162 -50 -88
150 39 86 91 11 62
112 1 133 70 58
-118 -110 -94
-85 -145
-135 -12 -154
-137 -45 -75
83 -84
-153 -92 -97
-89 -50 -72 -109
-36 -12 -99
112 1 70 56 58 44
-34 -11 -92 -75
11 137 75 27 45 62
-153 -45
-86 -132 -89
112 1 70 56 44
112 1 133 56 58 155 44
-68 -145 -135
1 133 70 58 44
-46 -14
-144 -43 -118
-46 -14 -94
-147 -50 -8 -9
-91 -11 -86
-10 -14
50 151 72 9 109 8
-147 -151 -9
43 129 61
-56 -1 -133 -155
148 5 8 72
134 -137
81 147 132 86 39
-144 -43
-118 -93 -14
-137 -11 -27
-123 -85 -145
-120 -145
-32 117 65
81 147 132 89
17 4 41 63 79
-56 -1 -133 -44
17 3 63 79
-10 -46 -94
-61 -81
-22 -128
-127 -77
73 34 117
34 75 92 62
112 133 56 155
81 2 132 59 61
-11 -92 -27
-18 -159 -145 -41
-55 43
-91 -11 -39
162 50 87 40 88
145 68 84 38 120
50 147 151 72 9 109 8
-99 -161
138 -86
65 34 117 137 26
106 -88
-75 -47 -85
-145 -41
-22 -47 -162
-139 -47
-158 17 79
-137 -11 -75
-137 -11 -45
-147 -50 -8
-79 -66 -103
-89 -8 -9
-123 -85 -145 -41
147 151 8 89 109 9
-59 -21
-151 -72 -109
144 24 114
-149 -3 -4 -17
-131 -66
-62 -45 -75
128 22 24 93 46
17 3 4 149 41 63
-120 -38 -84
50 147 8 72 89 109 9
-147 -151 -72 -9
-99 -116 -161
-149 -3 -79
111 -133
1 56 58 155
133 70 56 155
-123 -41
-137 -11 -45 -75
-123 -38 -149
125 -112
-94 -78
-137 -45 -27
35 155
-159 -145
-159 -38 -149
8 72 9 109 50 147 151 89
17 103 79
3 4 149 41 63 79
1 133 70 58 155 44
-52 -92
3 4 149 63
-143 -133
-97 -2
56 58 155 44
112 1 70 155 44
-75 -139 -85 -148
19 4 124 63
1 133 70 58 155
-10 -93 -14 -94
133 70 58 155 44
-87 -50
-130 -153
-147 -151 -72
65 91 117
-123 -38
-61 -132 -2
-91 -11
4 149 41 79 63
-128 -139 -87
148 85 75 27 139
138 -39
19 124 4
-27 -47 -90
-123 -145
-65 -91
-163 -156
144 118 10 43
35 4 19 124 63
-68 -38
-149 -3 -63 -79
1 18 58 123
72 8 90 5
-37 -143
-89 -50 -8 -9
-75 -47 -159
-160 -59
-56 -58 -70 -155
89 50 147 151 72 9 8
34 75 11 92 62
34 75 11 92 45 62
133 70 56 58 155 44
-118 -46 -110 -94
-61 -132 -59 -21
-40 -131
-39 -81 -89
34 75 27 92 45 62
-85 -145 -149
-118 -93 -14 -94
-117 -73 -137
137 34 73 26
-123 -145 -149
-34 -11 -45 -27
-41 -3 -4 -79
-86 -81 -147
65 137 73 26
112 133 70 56 58 155
-14 -58 -123
112 1 70 56 58 155
-10 -46 -110 -94
17 3 4 149 79 63
18 14 123 110
36 5 12 99
82 -124
112 1 133 56 155 44
126 -109
-93 -14 -94
-149 -63 -17
164 -149
152 -68
147 151 8 9 72 109
3 149 41 79
17 4 149 79 63
98 -160
112 1 133 70 56 58 155 44
-148 -72 -5
112 1 56 155 44
50 147 151 8 89 109
-85 -38 -149
-128 -139
-137 -92 -27
34 11 75 27 92 62
50 147 151 8 9 109
-22 -47 -87
-65 -26 -34
-150 -11
-85 -38 -41
-35 -63
126 -9
-18 -159 -38 -41
-93 -128
-128 -47
-118 -46 -14 -94
-113 129
160 97 52 153 45
64 -153
-26 -130 -153
-78 -42
81 147 132 86 39 89
3 4 63 79
-137 -62 -92 -75
-10 -110 -94
-27 -159 -148
-95 -96
-54 12
29 -5
-131 -42
-26 -52
-14 -58 -18
-46 -110
-118 -93 -94
112 1 133 56 155
-39 -132 -147
55 -43
-61 -132 -2 -21
-22 -139 -162
76 -123
-137 -62 -75
-118 -110
31 -114
112 133 70 58 155 44
-13 85 159
-112 -1 -133 -155
1 133 70 155 44
37 70 120 143
65 34 117 73
-114 -46 -128
-117 -26 -137
101 -99
1 110 58 123 14
107 -4
-58 -133 -155
-159 -145 -149
112 56 58 155
144 74 43 118
112 1 133 70 56 58 155
-58 -123
141 -139
-149 -3 -63 -17
144 10 118 74 43
-46 -94
-149 -4 -79
66 6 103 79
-18 -145
3 4 149 41 79
-27 -139 -85 -148
-81 -59
-24 -93 -22
67 -81
-43 -61
-120 -145 -84
112 1 133 70 155 44
-147 -50 -8 -109
-46 -22
148 5 8 90 72
-34 -62 -45 -75
-18 -85 -145 -41
68 37 70 120 143
-120 -145 -135
50 147 151 89 109 9
-43 -118
-84 -12 -154
-34 -62 -92 -75
-74 -24
-15 116
147 132 86 89
-151 -40
-101 99
148 85 90 139 47 159
-110 -1 -123
-18 -159 -38 -149
34 137 75 27 92 45 62
34 137 11 92 45 62
122 -58
72 8 90 148
130 52 153 26 28
-89 -151 -72 -9
34 27 137 11 45 62
118 14 94 10 93 46
130 153 52 73 26 28
-34 -11 -92 -27
121 -28
-136 2 59
119 -148
-78 -42 -66
-130 -143
35 4 63
-18 -159 -145
-123 -85 -149
-21 -140 -116
-26 -130
-36 -5 -99
-97 -36
-78 -42 -6
-89 -72 -9
-8 -72
-85 -149
-9 -140
-162 -151
-73 -130 -153
-34 -45 -75
-23 74 144
-129 -61
-56 -58 -155
72 90 5
-39 -81
-97 -59 -36
112 70 56 155 44
-38 -145
-117 -65
-81 -89
68 133 37 120 143
133 56 58 155 44
147 151 8 89 72 109
147 132 86
-130 -37
-69 36
158 -17
-150 -91
-147 -151 -72 -109
105 -75
-75 -139 -85 -90
-43 -129 -61
-47 -87
-147 -8 -9
19 35 124
-62 -92 -27
-127 61
-123 -85
-81 -59 -21
-145 -135
-118 -93 -110 -94
16 -103
17 3 41 63 79
-11 -39
-153 -97
34 117 73 26
-10 -14 -94
51 -38
-138 86 39
-61 -81 -2
-65 -73 -34
67 -132
112 133 70 56 58 155 44
112 133 56 155 44
37 70 133 120
-85 -159
-65 -73 -137
-159 -90
-147 -89
17 66 6 103 79
-74 -43 -10
-34 -11 -45 -75
-75 -159 -148
-64 -113
162 50 87 151 40 88
-123 -159 -145 -149
148 85 90 75 139 47
33 -151
8 148 5
-42 -6
145 68 84 135 120
-123 -159 -145
-26 -28 -52
160 97 52 153 92 45
-14 -58
71 -91
81 147 132 86
-89 -50 -109
-109 -9
-27 -159 -90
-158 -15
86 39 91 11 62
34 137 75 92 62
-61 -81 -59 -21
-85 -145 -41
85 90 27 139 47 159
-81 -2
21 140 116
66 131 42 78
65 137 26 117
145 18 149 85 38 41 123 159
1 18 14 58 110
105 -27
-36 -5 -12 -99
1 18 14 123 110
112 133 56 58 155 44
133 37 70 143
148 85 75 139
112 133 70 56 58 44
89 81 86 39
-118 -14
-75 -85 -90
-50 -8 -109
-52 -45 -160
-137 -62 -92
-159 -149
-75 -47 -159 -148
-155 -35
11 75 27 92 45 62
1 58 123 14
-27 -47
-27 -139 -85 -90
-62 -45 -27
-61 -59
-51 38 145
40 42 131
-24 -46 -128
-4 -63
130 52 73 26 28
-89 -151 -8 -9
136 -59
17 3 149 79
80 154
133 70 56 155 44
99 116 161
1 133 58 155
160 97 36 59
50 147 151 72 89 109 9
-18 -85 -145
158 -79
-114 -93 -128
-75 -139 -159
-34 -62 -27
13 -85
159 148 85 75 139 47
112 133 70 155 44
-88 -42
148 85 75 27 139 159
127 -61
75 148 85 90 27 139 159
-34 -11 -92
-162 -50
-117 -26 -34
133 70 56 58
-53 93 46
-79 -6 -103
-107 4 63
112 1 133 70 58 44
-144 -43 -10
56 58 155 133
160 97 52 92 45
1 18 58 123 110
17 3 149 41 79
-34 -62 -92 -27
-147 -151 -8 -9
17 3 4 149 41 79
-139 -162
-18 -159 -41
-50 -8 -9
49 -147
-137 -11 -92 -27
83 -135
-49 -141
81 147 132 39 89
118 14 94 110 93 46
112 56 155 44
68 37 133 143
-137 -62 -27
-114 -46 -22
-137 -11
-89 -50 -72 -9
150 39 86 91 11
50 147 151 8 89 72 109
-10 -93 -94
-79 -66
112 1 133 70 56 155
-50 -72 -109
-82 124 35
-50 -40
107 -63
-149 -3 -63
19 35 63
-91 -39
-121 28 130
34 75 27 92 62
34 137 75 92 45 62
133 56 155 44
17 3 4 149 41 79 63
1 18 110 58 123 14
-68 -84
-6 -66
-150 -11 -86
25 -128
124 44
68 133 70 120 143
-73 -130 -52
-123 -85 -41
89 50 147 151 72 9
81 2 132 21 59
34 11 137 75 27 92 45
-24 -93
112 1 56 58 44
1 133 70 56 58 155 44
148 85 75 139 47
75 148 85 90 27 139 47 159
-137 -62 -45
-14 -94
-123 -85 -38
4 149 79 63
17 4 149 41 79
-27 -90
-151 -50
56 129
148 85 90 75 139
37 70 133 120 143
-27 -47 -85
-120 -38 -135
-135 -12 -80
-67 132 81
80 84 135 154 12
163 -94
68 133 70 37 143
72 8 90
106 -40
-150 -62 -39
-75 -139 -90
-147 -72 -9
-89 -50 -72
-91 -86
-128 -87
1 133 70 56 58 155
164 -41
-132 -81
-87 -50 -88
-56 -1 -70 -155
-148 -90
-10 -46
1 133 56 58
-27 -139 -159
-95 21
100 -118
-81 -2 -21
137 34 117 73
-52 -45
-56 -58 -70 -44
-26 -137
34 27 137 75 92 62
1 56 58 155 44
19 4 63
-11 -86
-137 -11 -92
147 86 39 89
34 11 137 75 27 92 45 62
1 18 58 110
145 68 84 38 135 120
-112 -58 -70 -155
112 70 56 58 155
68 37 120 143
-97 -59
-145 -149
-114 -93 -22
8 90 148 5
-75 -139 -159 -148
-123 -145 -41
3 149 41 79 63
-22 -47
-50 -72
-159 -41
-26 -28 -153
34 11 137 75 27 45 62
-61 -81 -2 -21
130 153 52 73 26
1 18 58 123 14
-27 -139 -90
-27 -85 -148
-120 -68
112 1 70 44
60 -143
77 -14
20 -66
-18 -85 -38 -41
81 147 86 39 89
-123 -159 -149
-56 -133 -155
-26 -28
98 -97
11 137 27 92 45 62
-89 -151 -109
90 148 5
112 1 133 56 58
-152 120 68
11 137 75 27 92 45 62
-3 -78
-74 -118
-24 -93 -128
-52 -92 -97
-84 -154
17 3 4 149 79
-65 -150
-16 103
-60 37 143
112 1 58 155 44
130 37 143
-92 -97
-90 -72 -5
128 162 22 139 47
81 132 21 59 61
85 90 75 27 139 47 159
144 10 118 74
-135 -154
-150 -39
17 66 6 79
-137 -27
-18 -85 -149
-124 -63 -19
148 85 90 75 27 47 159
9 140
34 27 137 11 92 45 62
-34 -11 -75
-110 -58 -18
-130 -52
31 -24
-73 -28 -153
146 -161
-18 -159
-71 -23
-28 -143
-143 -70 -120
34 11 137 75 27 92 62
96 -3
57 -11
128 114 22 24 93 46
148 85 27 90 139 47 159
-10 -46 -14
89 50 151 72 9 8
-112 -58 -133 -155
17 3 149 41 63
89 147 72 9 109 8
-29 5
-159 -38
-10 -93 -14
112 1 56 58
-50 -88
-118 -93
68 37 70 120
-39 -89
17 3 149 79 63
-68 -38 -135
68 37 133 70 120
161 154
-91 -62 -86
100 -10
72 8 5
-41 -3 -63 -79
-144 -24
128 162 87 139 47
-87 -50 -40
-47 -159 -90
-36 -5
1 70 56 58 155 44
148 90 85 75 27 139 47
34 27 137 11 92 45
66 131 6 42
-37 -133 -120
-129 -56
-36 -99
-62 -11
-34 -45 -27
-84 -80
-18 -145 -149
133 70 155 44
34 137 75 11 92 62
-47 -159
-46 -110 -94
95 -21
-139 -159 -90
-91 -62
-86 -81 -89
-84 -12
112 133 58 155 44
1 18 110
-102 19
-24 -128
19 35 124 63
148 27 90 139 47 159
-11 -45 -27
-22 -139 -87
145 68 84 38 135
-12 -154
-1 -58
112 1 70 56 58
-114 -24
-41 -149
-145 -84
-57 62 11
-147 -50 -72
-164 -29
-89 -9
-17 -79
-10 -46 -110
112 1 133 70 56 58
-94 -3 -78
108 -87
-83 135 84
1 133 56 58 155 44
-94 -3
-81 -21
-96 3
-106 88 40
128 162 22 87 139 47
-20 6 66
82 -35
-156 8 72
112 133 56 58 44
19 35 124 4
-27 -47 -85 -148
148 85 27 75 139 47 159
9 109
-153 -45 -97
-120 -84
-61 -132 -21
-162 -50 -40
-45 -97
112 133 70 56
63 3 149 79
-34 -62 -45
112 133 70 56 58
48 -131
-134 34 137
69 -36
-34 -92 -27
66 103 79
1 133 70 56 58
-73 -28 -52
112 133 70 56 155 44
-27 -159
-123 -159 -38 -41
-123 -159 -145 -41
-76 -136
-5 -99
-61 -2 -21
4 149 41 63
70 56 58 155 44
110 118 14 94 10 46
-65 -137
50 147 151 8 109
112 1 133 56 58 155
108 -162
-132 -59 -21
-49 147 89
-75 -159 -90
34 137 75 27 92 45
-123 -85 -145 -149
-162 -151 -40
115 -140
159 75 148 90 27 139 47
142 -78
40 42 88
112 1 133 70 58 155
147 151 8 109
-24 -22
-123 -159 -41
-160 -97
-101 -107
-123 -159
-104 -51
1 133 56 58 44
17 3 4 149 63
-27 -85 -90
-125 112 56
-93 -110 -94
17 6 103
-91 -62 -39
-123 -149
-73 -130
144 24 74
102 -19
54 -12
-36 -5 -12
77 -110
35 124 63
-118 -46 -110
-47 -85 -90
-115 140
-74 -43 -118
-84 -12 -80
-87 -162
119 -90
-98 -122
141 -47
-144 -10
112 133 56 58 155
-78 -131 -66
65 137 34 73 26
-89 -151 -9
-89 -50 -8
19 103
-90 -8 -5
-40 -42
-163 94
-10 -46 -14 -94
-88 -40
-41 -3 -63 -17
13 -159
147 151 8 9 109
-27 -139 -159 -148
112 1 70 56 155 44
-37 -70 -68
84 135 154 12
-110 -58 -123
50 147 8 89 72 9
-110 -14
-69 -51
150 39 91 11 62
145 18 149 85 38 123 159
60 -37
159 75 90 27 139 47
72 90 148 5
-39 -81 -147
148 85 90 27 47 159
-22 -162
104 -155
-45 -160
-147 -50 -72 -109
-135 -84
-75 -47 -90
53 -46
65 91 150
-162 -151 -88
-105 -67
-102 -146
42 66 78 6
112 1 70 56 58 155 44
-153 -52
68 133 70 37 120 143
-128 -162
65 137 34 117 73 26
17 4 149 41 63
-37 -133 -68
94 3 78
-27 -139 -85
-105 -77
-34 -11 -27
-118 -94
80 84 154 12
-89 -50
156 -8
56 112
35 4 124 63
50 147 72 89 109 9
-108 87 162
17 149 79 63
-71 150 91
7 -92
-122 1 58
-76 18 123
-151 -72 -9
-90 -72
148 85 75 139 159
-14 -123
-68 -38 -84
-89 -50 -9
122 -1
110 58 123 14
65 117 73 26
-77 110 14
-73 -52
11 137 75 27 92 45
-75 -139 -159 -90
72 90 148
1 133 70 58
-18 -38 -41
1 58 155 44
-151 -8 -9
-139 -85 -90
-82 -54
-87 -151 -88
-112 -58 -133 -44
1 70 56 58 155
-126 109 9
-61 -132 -59
-19 -103
50 8 72 89 109 9
-18 -123
-89 -8 -109
-52 -160
112 1 133 70 56 155 44
-65 -26 -137
-147 -151 -8 -109
-134 -55
34 11 137 75 27 45
-18 -159 -38
162 50 87 40 151
-42 -66
50 147 151 8 89 109 9
-123 -38 -41
-144 -114
35 124
145 149 85 38 41 123 159
85 27 75 139 47 159
-137 -92 -75
-137 -62 -92 -27
112 133 70 56 44
160 97 2 59
80 154 84 135
-137 -62 -45 -27
34 11 75 27 92 45 62
-118 -14 -94
-61 -81 -21
-128 -139 -162
-105 75 27
-137 -11 -45 -27
162 50 151 40 88
1 133 58 155 44
-150 -62 -86
-100 10 118
-75 -47 -148
-78 -131 -6
-80 -154
-137 -45
-154 -161
-123 -159 -38 -149
147 151 72 8 109
-26 -130 -52
-18 -85 -41
112 133 70 56 155
81 132 86 39
-118 -93 -110
125 -56
89 50 151 72 9 109 8
-12 -99
-11 -45
112 133 70 58 155
50 147 151 8 89 72
134 -34
157 -26
50 147 151 8 72 109
-89 -151 -8
19 35 4 63
157 -73
-111 70 133
-97 -2 -36
23 -144
1 133 56 58 155
-47 -90
75 148 85 90 27 159
17 66 103 79
-38 -84
-138 -53
-143 -68
-132 -59
10 118 14 110 93 46
1 133 70 56 155 44
-123 -85 -38 -41
-50 -9
15 -116
1 18 123 110
148 85 90 75 27 139
-18 -145 -41
-11 -27
-89 -151 -72
-87 -40
-18 -159 -149
112 1 133 58 155
-47 -162
-18 -85 -38
-28 -130
-45 -27
112 1 56 58 155 44
120 37 70
-143 -133 -68
-59 -36
-149 -63 -79
-139 -159 -148
-114 -46
-7 92 45
-26 -153
-34 -11 -45
89 147 151 72 9 109 8
66 6 103
-159 -38 -41
-146 161
111 -70
-11 -92 -75
-89 -72 -109
-61 -59 -21
112 1 133 70 56 58 44
23 -74
-162 -40
-104 44 155
-75 -27
112 1 56 58 155
-143 -133 -120
81 132 86 39 89
-150 -11 -39
-147 -50 -72 -9
149 41 79 63
-89 -151 -8 -109
-44 -155
-140 -116
-18 -38 -149
128 114 24 93 46
65 34 117 73 26
33 -50
-124 -35
-27 -47 -148
68 133 120 143
-147 -72 -109
128 114 22 24 46
137 34 117 73 26
-153 -92 -160
-118 -46
-38 -149
53 -93
-72 -9
-160 -2 -36
-27 -47 -159 -90
-3 -63 -79
145 18 149 38 41 123 159
156 -72
-27 -47 -159 -148
66 6 79
76 -18
17 3 4 63 79
73 65 34 117 137
-118 -46 -94
-137 -11 -92 -75
-93 -14
-10 -93 -110
-61 -81 -59
-100 -57
32 -65
-159 -145 -41
85 90 75 27 47 159
112 1 133 70 44
65 137 117 73 26
3 4 149 41 63
10 118 14 94 110 93 46
112 1 133 58 155 44
-18 -85 -145 -149
-75 -47 -159 -90
112 56 58 155 44
68 133 70 143
-128 -47 -162
133 70 56 58 155
68 133 70 120
-147 -50 -109
-162 -88
-34 -137
1 133 70 56 58 44
-149 -3 -4 -79
-117 -91
-10 -93 -110 -94
-75 -47 -85 -90
-68 -145 -84
-116 -161
17 4 149 41 79 63
130 28 143
89 50 151 72 9 109
18 14 58 123 110
48 -42
-48 131 42
113 -129
-56 -58 -133 -44
-147 -50 -9
121 -130
-52 -97
34 27 11 137 75 62
-163 -67
-30 80 154
17 66 79
-142 78
17 3 4 41 63 79
152 -120
-21 -116
1 14 58 110
-17 -66 -103
112 1 70 58 155 44
-119 148 90
112 1 133 56 58 44
-93 -46
-11 -45 -75
155 44
-56 -58 -133 -155
65 34 117 137
49 -89
81 2 132 21 59 61
-89 -72
20 -6
1 18 14 110
57 -62
-157 73 26
75 148 85 90 139 47 159
-75 -47 -85 -148
-56 -58 -133
136 -2
-123 -159 -38
-133 -68
-144 -118
-114 -128
-123 -85 -38 -149
-5 -12
112 1 70 58 44
58 155 44 133
128 162 22 87 47
147 132 86 39
-118 -46 -14
34 75 92 45 62
-47 -85 -148
-43 -129
-99 -116
-95 -13
-27 -139 -159 -90
-27 -47 -85 -90
148 85 90 75 139 159
-70 -133
-24 -46
89 81 132 39
97 2 36 59
-28 -52
17 149 41 79 63
-153 -45 -160
-18 -159 -145 -149
-95 -29
112 70 56 58 155 44
65 137 26 34
159 75 148 90 27 47
