-211 135 220
152 105 126
-85 -173 -36
18 108 7
81 49 66 217 154 143
-54 -125 -220
-186 -54 -191
187 69
-101 100 18
-96 -169 -129 -74
-142 -234
217 66 143
-96 -129 -208
225 98 86
160 133 55 232 125
-45 -28 -182
27 -137
192 148 134 55 138 12 222
98 181 174
144 65 218 193
81 187 181
220 54 135
-55 -192 -148 -222
179 150 7 40 108 13
192 226 220 39 135 140
160 133 134 55
-170 -214 -197 -13
-210 -151
208 129 224 24 169 74
67 20 199 126 206
81 187 69 86
160 134 55 42 125
62 -161
-109 -201
130 114 196 69 202 11
-119 -106
-150 -13
103 230 102 123 207
-173 -176
-56 -12 -59
154 187 69 181
-109 -25 -199
96 48 176
-133 -42 -160
-218 -144
194 -103
192 55 138 12 222
-169 -24 -74
133 201 139 109 223
97 202 69 86
81 154 217
132 -102
-170 -214 -197
130 114 196 69 11
-197 -13
-156 37 191
72 123 207
130 114 202 234 11 142
-24 -129
-3 -173 -119
-32 -214 -44 -150
225 76 174
37 53 186 191
-203 -75 -14
160 134 232 201 42 125
-219 196 130
133 134 55 201 125
166 -3
-25 -67
-170 -197
234 76 142
96 129 8 169 24
-224 -8 -24 -74
-124 -159 -176
-173 -36
-12 -161 -59
81 202 181 86
-233 -62
-67 -232 -206
-183 -133
67 183 25 199 109
-59 -30
100 18 108
154 187 181 86
-89 2
-154 -143 -217
-61 -80
211 -220
-95 -124
-123 -207
192 226 39 135 153 220
160 134 232 201 125
67 199 56 126 206
100 141 214
-208 -74
32 197 214 150 44 13 79
-131 176
81 66 217 143
-156 -90
192 140 226 153 220
-153 -137
68 174 76
187 69 86
97 69 181 86
195 -223
-77 205
100 229 214 141
235 163
98 76 181
26 -105
-150 -7 -179
-50 -151
-170 -13
53 54 186 188 191
-133 -42 -232 -134
98 174 86
96 48 128 224 168
81 69 97 86
160 133 134 201 42 125
160 55 232 201 42 125
81 97 202 69
114 196 69 202 234 142
-134 -12 -222
64 172 215
160 67 232 126 206
-96 -169 -208
-79 -197 -13
160 133 134 42 125
114 196 69 234 11 142
-78 -110
-215 -223
43 -106
-206 -12 -59
97 202 69
18 229 214 79
178 19 143
-193 -65
96 48 128
-204 -136
-224 -169 -74
-151 204 136
-105 -161 -68
192 220 39
81 66 217 154 143
-160 -20 -206
-93 140 226
-13 -7 -40
4 -169
96 224 128 176
-124 -173
153 220 39 135
-79 -197
197 30 44 222
130 114 196 69 202 142
32 215 170 139 223
-206 -148 -161 -59
-229 -18
-201 -125 -160 -55
129 235 187
-228 -65
228 230 103 123
96 129 24 169 74
-32 -214 -44 -13
96 224 128 168
175 -11
-55 -39 -148 -138
192 226 220 135
192 39 135 220
-224 -169 -129
-59 -58 -203
211 -135
-18 -7
192 226 39 153 220
166 -85
-146 120
160 133 201 42
192 148 55 39 12
-193 -120 -144
-172 -3
-27 137
97 202 187 181
-199 -160 -126
130 196 69 234 11 142
-45 -3
15 -67
-130 -234 -69
192 134 55 138 12 222
192 39 135 153 220
-114 -130 -142 -69
130 196 69 202 234 142
-210 -89
-83 227
-165 -25
32 197 214 150 170 13 79
152 20 126
-229 -79 -18
-203 -209 -14
-103 -102
-11 -114
81 97 202 187
130 114 196 202 234 11
225 98 181
229 214 141 79
160 67 20 199 56 126
-32 -79 -44 -13
160 67 199 232 56 206
-231 179 40
-207 -230 -102
-109 -165 -67
29 -128
-52 148 12
160 134 55 201 42 125
-214 -13
-32 -197 -150
97 154 187 69
96 129 208 8 169 74 24
96 224 48 176 168
-19 -178
-170 -214 -150
152 105 20 126
-184 -6
-119 -36
192 226 135 140
160 133 232 201 42 125
161 148 59 12 206
96 224 208 24 169 74
220 54 42 188
160 133 134 232 201 42 125
33 -108
105 161 68
160 232 201 42 125
-46 -87
-135 -220
-86 -181
51 -159
-59 -203
96 129 208 24 169 74
25 145 227
133 134 55 42
-46 -73
217 98 225
186 53 54 191
115 -20
231 -179
81 154 69 97
81 202 181 154
52 -12
-109 -165
134 55 138 12 222
192 148 39 138 12 222
96 129 224 208 74
192 140 135 153 220
114 130 69 202 234 11 142
48 128 176
-133 -125 -160 -55
95 152
192 148 55 134 39 138 222
160 133 232 201
48 163
81 202 69 181
208 209 40 74 75
-178 -143
130 196
-170 -214 -44
192 153 226 135
-124 -159
212 -30
-161 -68
-67 -232 -20 -206
164 -66
226 135 153 140
-183 -165 -67
110 178 19 190
160 134 55 232 201 125
81 69 97 181
3 36 85 119 173
-92 -111
-159 -103 -114
-183 -109
160 133 232 201 42
-105 -68
107 -36
202 187 69 181
-235 -163
-136 -106
72 123 28 207
226 37 191
225 76 86
49 66 217 143
-218 -121
130 114 69 202 11 142
-113 165 25
-8 -129 -74
-70 -51
-205 -168
37 54 186 188
-145 -28 -182
159 114 230 103
81 154 86
-1 138 222
48 224 176 168
-6 44 197
-130 -234 -202
225 98
-117 232 160
228 102 230 123 207
129 8 169 74 24
-72 -28 -207
-82 -60
-225 -98
8 169 84
-179 -40
192 148 134 39 138 12 222
130 114 196 69 202
96 129 208 24 8 74
81 97 187 69
-190 -110 -178
-79 -150
-134 -192 -12 -222
202 181 86 154
114 130 69 234 11
148 39 55 138 12 222
-169 -78
-223 -109 -201
-64 -139 -170
129 187 163
-36 -5
133 183 201 139 109 223
-134 -192 -12 -138
161 148 56 59 12
114 69 202 234 11 142
182 9 92 14 111
160 67 56 126 206
123 228 230
-49 -143
-215 -170
160 134 55 232 42 125
192 153 220
178 190 110
202 69
-25 -227 -145
-67 -160 -206
160 20 199 232 126 206
-227 -72
-114 -130 -234 -69
-17 -111
-133 -42 -160 -55
-223 -170
160 133 55 232 201
-138 -222
160 133 55 232 201 42
-124 -176
-221 -146
192 148 134 39 12 222
-25 -145
177 -181
-13 -108 -179
81 66 217
-32 -214
-134 -192 -12
134 55 42 125
-139 -109 -133
130 114 69 202 234
-168 -84
-10 -45 -85
-170 -79 -44
192 140 135 220
35 -121
160 67 199 232 126 206
-198 145
81 181 97
97 187 163
-152 -20 -105
160 20 232 126 206
81 181 97 86
160 133 134 55 42
114 69 202 234 142
-63 -41
-65 -218
160 133 134 232 201
-233 -127
3 85 10 172
42 188 125 54
-145 -45 -28
-54 -42 -135
160 133 134 55 125
128 130 196
224 129 96 8 169 74 208 24
-114 -196 -142 -69
122 -183
-3 -119
160 134 55 201 42
228 102 123 207
96 129 224 24 74
81 181 86
-102 -193
-168 -48 -96
-176 -168 -48 -96
-208 -179 -209
202 187 181
96 129 224 8 169 74 24
208 129 8 169 74
128 130 163
-25 -227
-32 -44 -13
37 53 186 188
-51 159
224 129 208 8 169 74 24
-32 -197 -13
-74 -40 -209
-26 105
114 230 103 11
117 -232
43 -5
-57 58
161 148 56 59 206
25 145 165
96 129 224 8 169 74
-159 -176
-114 -130 -142 -202
67 56 199 232 126 206
208 129 8 169 74 24
209 203 75 92 14
-130 -142 -69
-9 -111
-118 225 98
-158 72
39 135 153 140
-2 -95 -124
81 66 49 154 143
-20 -126
-96 -24 -74
-218 -58 -121
192 220 135
-183 -165 -199
-196 -234 -69
-190 -178
-107 119 36
-136 -193
-178 -49
94 -153
-120 -190
-74 -40
-203 -75
96 128 176 224 168
130 114 196 69 202 234 142
80 -125
-185 203
-210 170 32
34 -207
-166 85 3
-102 -204 -65
-206 -161 -59
205 191
-55 -192 -148 -138
32 64 215 170 139 223
-32 -214 -197
-64 -139 -32
-55 -148 -222
88 -174
-229 -79
112 -75
-124 -173 -159
96 129 224 208 24 74
-194 230 103
184 -190
48 163 196
81 66 49 217 143
-45 -28
-96 -169 -24
-56 -12 -161 -59
-170 -44 -150
-170 -79 -197
96 129 224 24 169 74
96 129 224 208 24 169 74
46 -201
-64 -32
-55 -39 -12
-13 -40
160 55 201 42 125
161 148 59 12
133 134 232 201 42 125
53 54 37 186 188 191
-69 -187 -181 -81
-220 -226 -39 -153
-169 -129 -208
-202 -69
-32 -79 -197 -13
188 54 42 220 125
-30 -58 -203
200 -192
-15 199 67
53 54 37 188 191
160 133 134 55 201 42
192 134 39 138 12 222
228 102 103 207
234 174
81 154 181
-192 -12 -138
18 100 214 141
160 67 20 56 199 232 126 206
160 133 42 125
49 178 143
-221 235 163
-135 -226 -192 -153
229 137 106 141
104 -24
-170 -79 -13
106 5 229 141
234 68 174
-134 -39 -12 -138
35 -17
133 134 55 232 42 125
133 134 55 42 125
66 217 154 143
220 135 42 188
160 134 55 232 201
22 -218
140 205 191
97 154 181 86
-206 -12 -161 -59
130 196 69 202 234 11 142
-154 -81
-145 -45 -28 -182
76 181 86
-214 -44 -150
133 201 42 125
-11 -196 -234 -69
-58 -121
-183 -25
-224 -8 -129 -208
160 133 55 232 42 125
-96 -8 -129 -74
174 181 86
-184 190
160 133 134 55 232 201 42 125
81 154 66 143
-208 -75
61 -124
96 224 48
97 187 69 86
-170 -214 -197 -150
-59 -30 -58 -203
118 -98
-119 -204 -106
-186 -53
-79 -13
-11 -130 -234
81 97 154 187
97 154 69 181
-42 -160 -55
67 20 56 232 126 206
-96 -8 -129 -208
192 153 220 135
-124 -173 -176
96 48 168
-136 -5
144 17 58 121 218
97 154 187
-180 186 53
-41 214 79
18 100 229 141
160 42 133 55
-114 -196 -69
163 196 235
97 181 86
192 39 135 153 140
81 154 97
-85 -36
96 129 224 208 8 169
128 48 163
134 232 201 125
-171 84
234 76 174
130 196 69 202 234 11
-215 -10
128 163 235
-197 -30
-230 -103
-84 -169
-189 -146
-79 -44 -13
192 226 39 135 140
78 110
71 -168
130 114 196 69 202 234
-124 -173 -159 -176
-7 -40
-209 -14
202 69 181 86
-55 -12 -222
-105 -161
-88 -146
-228 -136 -65
-21 -146
130 114 69 202 234 142
65 193 228 102 136 204
15 -199
-133 -42 -232 -55
-1 -29
-177 86 181
-195 139 223
81 202 154
56 59 12 206
192 148 134 55 12 222
192 226 39
-79 -18
97 187 69 181
121 9 111
192 226 140
-123 -103 -228
-30 -58
209 179 40 74 75
118 -225
192 226 140 39
96 48 128 176
-210 -90
81 154
48 224 128 168
-114 -196 -234 -69
97 202 69 181
96 129 224 208 8 169 24
160 133 134 55 201 125
129 163 97
-10 -172
-150 -40
-55 -39 -148 -222
226 205
-207 -102
96 48 168 176
-65 -120 -218
-36 -136
133 183 139 109 223
154 187 69
65 193 102 136 204
10 172 215
228 102 103 230 207
96 224 208 24 169 74 8
140 39 135 153 220
-144 -58
96 224 48 168
160 67 20 232 56 126
187 69 181 86
-32 -79 -44
38 -187
-32 -79
151 -136
192 140 226 39 135 153 220
-207 -103
29 -48
96 224 8 169 74 24
160 56 199 232 126 206
220 54 135 188
-96 -8 -74
53 54 37 186 188
160 67 20 56 126 206
181 174
130 114 196 69 11 142
213 -141
-186 -54 -37
192 55 134 39 138 222
202 69 181 154
-141 -79 -100
-114 -196 -234
-144 -58 -17
-36 -106
-44 -13
-33 7 108
96 129 224 8 24 74
-106 -137 -229
-218 -58 -17
-233 -194
-53 -54 -37
231 -40
142 68 174
160 133 134 55 232 201 125
101 -100
-91 -151
-54 -42 -220
-94 -71
81 154 49 143
186 53
-215 -223 -170
-159 -103 -11
96 129 224 208 24 169
-215 -223 -32
175 -114
53 54 37 186 191
-197 -150
-11 -196 -234 -202
-74 -179 -209
-122 183 109
-210 -27
221 -235
188 220 54
161 148 12 206
87 -45
-65 -120 -144
-128 -48
72 28 207
96 48 128 176 224
226 140 205
130 114 196 69 234
34 -123
-53 -188 -191
-4 8 169
97 154 187 181
-45 -182
16 -150
192 140 39 135 220
81 97 202 181
69 181
114 130 69 234 11 142
-131 -200
133 134 55 232 42
131 -176
-94 153
101 -18
160 67 20 199 232 126
48 224 128 176
-55 -192 -222
-176 -168 -48 -224
134 232 201 42 125
-199 -232 -20 -206
100 214 141 79
32 197 214 150 170 44 13 79
192 39 134 55 222
228 102 230 123
192 226 39 135 153 140
81 154 217 49
-74 -179
81 69 97
-223 -109 -133
-176 -168 -128 -96
-140 -226
97 202 181 86
225 181 86
-23 56 206
-174 -181 -98
-203 -14
160 133 55 201 42
133 232 201 42 125
81 154 217 66
192 148 55 12 222
-183 -25 -67
213 -229
-224 -169 -24 -74
-96 -169 -24 -208
-116 49 143
144 65 193 120 218
-148 -12
-233 182
-13 -108 -40
-165 -227 -145
-32 -79 -197 -150
97 69 181
233 -182
130 235 196
130 163
48 130 235
81 66 217 49
130 114 234 11 142
-216 154 81
-201 -42 -160 -55
-67 -160 -20
-204 -65
-145 -45 -182
42 125 54
-109 -67
23 -56
-15 -73
124 173 159 176
128 48 130
-98 -66
192 148 134 138 12 222
-208 -40 -75
-91 -146
177 -86
81 69 86
160 133 55 201 125
-210 -71
-171 -27
-102 -136 -65
-189 202 69
96 224 168
-68 -234 -174
96 129 208 8 169 74
160 134 55 232 42
127 -234
-65 -144
-137 -120
226 39 135 153 140
65 228 102 136 204
3 85 10 172 45
-214 -197 -150
96 129 224 169 74
129 187
-14 -9
18 100 229 214 141
96 128 176 48 224 168
144 121 218 58
82 -208
-150 -108
98 76 174
188 54 135 42 220 125
192 55 134 39 138 12
-37 -191
-55 -192 -12 -222
202 69 86
-214 -44 -13
-224 -169 -129 -208
192 220 39 153 140
130 114 196 202 234 142
134 55 201 42 125
81 202 181
70 -55
-114 -130 -69
179 7 40 108 13
-228 -204 -193
160 134 55 232
-215 -172
81 97 202 154
160 133 55 232
-141 -214 -18
81 202 187 181
147 -28
-145 -45
133 55 232 201 42 125
-141 -79 -18
220 54 135 188 125
-208 -40 -209
18 100 229 214 141 79
-64 -172
160 133 134 55 232 125
-36 -204 -5
-172 -45 -3
192 140 226 39 220
23 -206
153 226 140 39
97 187 181 86
81 202 69 86
-138 -197 -30
-208 -40
-229 -214 -100
-176 -48 -96
-193 -120 -218
-228 -136
60 -178
192 140 226 135 153 220
-97 -187
160 134 232 42 125
-222 -44 -30
192 148 138 12 222
81 187 69
-170 -44 -13
67 20 199 56 126 206
-175 11 114
-119 -136 -5
96 129 224 208 8 74
96 128 176 48 168
182 9 14 111
-32 -214 -44
-229 -214 -18
-64 -223 -170
-91 59
-133 -125 -232 -55
-1 -151
-232 -160
155 -54
-15 -87
133 134 232 201 125
114 69 234 11 142
-170 -79 -44 -13
97 187
-173 -159
1 -138
219 -196
192 226 220 39
-203 -209 -92
-228 -102
192 55 134 39 12
114 196 69 202 234 11
42 220 125 135
-103 -114
42 188 54
-67 -232 -126 -56
-191 -226 -205
192 148 134 55 138 12
-109 -165 -199
-32 -214 -197 -13
-153 -190
234 142 174
-159 -114
192 226 135 153 220
-137 -120 -190
36 5 119 136 106
-35 17 121
-224 -169 -24 -208
-233 -57
33 -7
37 54 186 188 191
160 67 20 199 126
-224 -129 -74
-53 -188 -37
-150 -108 -179
103 230 102 207
-125 -42
36 119 136 106 204
76 174 86
88 -76
67 165 199 25 109
-11 -130 -234 -202
6 -44
-114 -130 -142
81 202 69 154
-199 -160 -20 -56
38 -97
160 133 134 232 201 125
129 187 97
128 48
197 138 44 222
202 69 154
-179 -75
-5 -137 -141
-81 -143 -217
-159 -230 -11
25 227 165
-192 -12 -222
192 140 220 39
-121 -9
56 148 12 206
128 48 235
-32 -79 -197
-100 -108
-3 -173 -36
-11 -130 -69
167 -65
-215 -32
160 133 134 232 201 42
153 226 220 39
-1 -104
-132 228 102
-55 -39 -222
-100 -18
8 169 78
-199 -67
18 100 214 79
-70 134 55
192 148 39 12 222
192 226 220
-71 168
161 56 12 206
91 -59
96 129 224 8 169
-114 -234 -202
-98 -217
161 148 56 59 12 206
81 154 143
-182 -14
54 135 42 188 125
-13 -108
80 -42
76 174
-134 -192 -222
73 -95
-5 -229
-36 -204 -106
53 54 186 188
133 55 201 42 125
5 229 137 106 141
-67 -126 -56
-144 -121
-72 -207
-18 -108
-67 -160 -20 -56
-2 -124
225 181 174
234 68 76
-170 -214 -44 -150
133 134 201 42 125
160 55 232 42 125
-21 224 96
-61 -87
130 114 196 234 11
-96 -129 -74
81 154 187 181
-222 -197
81 187 86
-147 28
114 196 69 202 234 11 142
-13 -179
-159 -103
-94 -151
-170 -79 -150
-43 5 106
-223 -32
-183 -67
-229 -79 -100
-32 -79 -13
159 114 11 103
31 -110
-54 -191
-75 -92
225 98 76
-104 24 129
161 148 56 59
63 -78
-32 -150
160 67 20 232 126
48 128 176 224 168
157 -10
226 39 135 153 220
160 67 20 199 232 206
160 232 42 125
160 20 56 126 206
-216 -57
90 -173
-138 -197
-170 -197 -150
160 56 232 126 206
96 129 8 169 74 24
96 224 208 169 74
37 53 54 191
153 220 135
163 235 187
8 169 84 78
-39 -192
-164 66 217
81 202 187 86
142 76 174
83 -227
98 181
-32 -13
162 -14
-214 -79
-46 201 133
134 55 232 201 42 125
-106 -137
-34 123 207
-139 -32
-207 -103 -228
-115 20 126
154 69 181
32 197 214 170 44 13 79
49 81 217 154 143
-64 -223
47 -64
187 163
192 39 135 153
192 226 39 135 153
225 98 174
-19 -143
140 226 39 153 220
205 226 37
-114 -234 -69
-192 -148 -222
-32 -214 -150
145 45 28 182
93 -140
160 232 67 56 126 206
178 19 110
160 67 199 232 206
-36 -136 -5
228 230 103 123 207
167 -193
-223 -183 -133
130 114 69 202 11
197 30 138 222
3 10 172 45
41 -79
-103 -11
185 -203
200 -39
-106 -141
18 100 214 141 79
226 140 37
49 217 154 143
-209 -75
160 133 134 55 232 201
-13 -7 -179
70 -134
160 56 20 199 232 126 206
24 129 187
-199 -160 -206
-67 -232 -20 -56
-81 -49 -217
81 202 187
96 224 48 176
189 -69
-184 -4
-59 -30 -58
202 187 69
-172 -45 -85
-139 -109
-73 95
-75 -14
-212 30
97 187 181
-223 -133
228 103 230 102
-66 -217
149 -9
-55 -192 -12 -138
-28 -182
-182 -92 -9
-224 -96
133 134 55 232 201 125
133 55 201 42
-32 -79 -150
-144 -58 -121
-63 78
130 114 196 69 202 234 11 142
-165 -67
148 56 59 12 206
32 64 215 170 223
160 56 20 232 126 206
234 68 142
81 217 154 143
3 36 85 119
195 -139
114 130 69 202 234 11
-145 -182
114 230 103 11 159
194 -230
97 187 69
49 66 217 154 143
96 129 8 169 74
-228 -136 -193
54 135 42 220
24 187 163
-206 -12 -161
-67 -160 -126
210 -170
192 148 55 134 39 138 12 222
81 202 187 69
-215 -139
-134 -192 -148 -138
-134 -55
4 -8
-223 -183 -201
228 230 123 207
226 220 135
-11 -130 -234 -69
226 140
-114 -130 -234 -202
-74 -179 -75
140 226 153 220
-114 -130 -202
18 100 229 141 79
42 220 125
-26 -194
114 130 196 69 234 11
48 130 163
161 148 56 12 206
-114 -196 -234 -202
-114 -130 -234
140 226 39 135 220
96 224 8 169 74
-17 -121
-123 -230 -102
155 -188
-82 208 74
178 19 190
-59 -30 -203
226 205 191
81 69 181
160 67 20 199 56 206
148 59 12 206
97 235 187
-186 -188 -191
133 134 55 232 201
-215 -139 -170
140 226 220 135
192 148 55 39 138 12 222
133 55 232 201 42
192 55 39 138 222
81 154 69 86
-40 -75
-32 -214 -13
96 129 208 169 74
-16 150 13
-193 -144
160 67 199 56 126 206
-79 -197 -150
-123 -103 -102
189 -202
192 148 55 39 138 222
-25 -199
160 133 134 55 232 42 125
171 -84
-139 -109 -201
-133 -125 -160 -134
-139 -183 -133
130 69 202 234 142
160 133 55 201
89 -2
192 220 39 135 153 140
169 84 78
96 128 176 168
37 54 188 191
133 134 55 232 201 42 125
96 208 8 169 74
47 -215
-95 -152
105 20 126
130 163 235
-119 -204 -5
-134 -39 -12 -222
-223 -201
192 39 153 140
54 135 42 220 125
-30 -203
160 67 20 199 232 56 126
192 153 226
96 208 224 8 169 74
-110 -178
-56 -148 -161 -59
160 133 134 55 42 125
-102 -65
-99 -147
217 98 66
202 187 69 86
140 37 191
160 67 20 232 126 206
140 226 135 153 220
188 53 54 191
182 92 14 111
228 102 103 230 123 207
96 224 48 128
48 163 235
160 133 55 232 201 125
160 67 20 232 56 206
96 129 208 8 169 24
130 196 69 202 234
-139 -183 -201
160 67 199 232 126
-106 -137 -141
-32 -197
203 75 92 14
-2 -53
-14 -111
115 -126
-167 193 65
-170 -79 -197 -13
24 97 187
113 -165
134 55 232 42 125
-152 -126
202 187 181 86
-182 -111
96 129 208 24 74
96 129 224 208 8 24 74
81 154 69
16 -13
96 48 128 168
-96 -8 -24 -208
-144 -17
192 153 39
113 -25
-210 -4
226 135 153 220
-205 -168 -84
227 72
133 55 232 42 125
-170 -214 -13
-170 -214 -44 -13
-185 -116
-79 -44 -150
-233 -164
130 114 196 234 11 142
-137 -190
5 229 137 106
160 133 134 55 201 42 125
116 -49
-145 -28
160 67 20 199 56 126 206
-88 76 174
42 220 135
25 145 227 165
-102 -136
144 17 121 58
-200 39 192
-162 92 14
157 -172
81 187
-84 -8 -78
130 163 196
-72 -28 -123
-36 -136 -106
-39 -12 -222
-137 -229
-170 -79
-1 -146
96 129 224 24 169
192 226 39 153
-233 -115
192 140 226 39 153 220
146 -120
24 129
-96 -169 -129
160 232 42 55
-210 -155
-59 -58
160 67 199 56 206
-214 -197
-40 -209
-109 -25
-10 -45 -3
48 130
116 -143
48 128 168
-214 -197 -13
52 -148
-207 -103 -102
-199 -160 -126 -56
67 20 56 126 206
202 187 181 154
60 -19
42 220 125 54
-90 173
81 66 49 217 154
160 133 55 201 42 125
81 202 187 154
-114 -142 -69
192 148 55 138 12 222
192 148 55 134 39 138 12
148 134 55 138 12 222
160 133 134 232 42 125
216 -81
-232 -126 -206
129 163
68 174
48 130 196
226 140 191
-211 -90
-149 9 111
81 154 97 86
-61 124
-87 45
-207 -230 -228
81 154 187
-182 -14 -9
81 154 69 181
97 202 86 154
-190 -110 -19
-84 -169 -78
160 55 232 201 42
192 148 55 134 39 12 222
192 148 39 134 55 12
192 226 153 220
81 187 181 86
180 -53
18 229 141 79
2 53
209 75 92 14
-222 -30
-127 142 234
-134 -192 -148 -222
81 66 49 143
-109 -199
-91 -219
-2 -95
-206 -148 -161
149 -111
-81 -143 -66
37 186 188 191
18 100 229 79
107 -119
-64 -223 -32
37 53 186 188 191
-172 -45
160 232 67 199 56 126 206
-199 -232 -126 -206
-119 -136
-228 -204 -65
-206 -148 -59
-230 -114
130 114 196 69 234 142
-56 -12 -161
202 69 181
161 56 59 206
-55 -39 -12 -138
-96 -8 -129
130 114 196 69 202 11 142
98 174
208 179 40 74 75
97 202 187 69
-67 -160 -56
-67 -160 -20 -206
-199 -160 -20 -206
-173 -159 -176
3 36 85 173
-67 -160 -126 -206
150 7 40 108 13
130 114 196 69 202 234 11
-74 -209
-109 -133
-131 -151
81 217 143
192 134 55 138 222
154 181 86
160 133 232 42 125
81 154 187 69
24 97 235
112 -209
130 69 202 234 11 142
37 191
3 85 172 45
130 196 69 234 142
-170 -79 -44 -150
-74 -75
-204 -106
-53 -54 -191
-233 -177
-223 -183
-102 -204 -193
-153 -137 -120 -190
210 -32
134 55 232 201 125
220 54 135 42 188
192 55 134 39 12 222
133 134 55 201 42
-155 188 54
219 -130
-220 -226 -192
186 188 37
55 134 39 138 12 222
160 133 55 42 125
-206 -12
-139 -223
-108 -179
-114 -196 -142 -202
104 -129
153 226 140
81 202 86 154
-47 64 215
-224 -8 -129 -74
160 42 134 55
160 67 20 199 232 126 206
160 67 199 126 206
-150 -7 -40
144 65 193 120
-102 -204
42 220 54
148 55 134 39 12 222
160 133 134 55 232 42
148 39 134 55 138 12 222
-67 -232 -126
-74 -40 -75
160 134 55 232 125
96 168 176
96 129 224 8 169 24
-120 -144
140 135 153 220
9 92 14 111
97 202 187 86
97 202 187
-180 -87
192 148 134 55 12
-7 -108
-48 -130 -163
-3 -36
161 56 59 12 206
-5 -106
160 134 55 232 201 42
140 226 39 135 153 220
-67 -232 -126 -206
-56 -206
-119 -136 -106
24 129 235
-38 97 187
97 202 187 154
-198 -73
-153 -137 -190
-133 -160 -55
-222 -44
-199 -160 -126 -206
-32 -44
192 55 134 39 138 12 222
32 64 215 139 223
-3 -173
-67 -126 -206
192 39 138 12 222
-109 -25 -67
67 20 199 232 126 206
-199 -126 -206
-169 -129 -74
133 183 201 109 223
-36 -204
-77 -151
187 181
81 154 187 86
1 -222
228 102 103 123 207
81 154 181 86
-10 -3
54 135 42 125
2 95 124
192 55 39 12 222
207 123 102 103
160 67 199 232 56 126
59 30 58 203
-121 -111
69 181 86
-201 -42 -232 -55
-213 141 229
-5 -137 -229
-152 -126 -105
-32 -214 -197 -150
220 125 54 135
117 -160
-91 -38
130 114 196 202 234 11 142
81 181
-23 -51
96 208 8 169 74 24
209 203 75 14
192 148 55 39 138 12
-96 -169 -129 -208
160 42 125 55
24 129 97
-53 -54
234 68
42 188 220 125
208 129 24 169 74
-32 -44 -150
-44 -197
130 114 196 234 142
-76 -174
-16 -31
-80 125 42
-67 -20 -206
-188 -54
-96 -169 -24 -74
96 224 176 168
192 134 55 12 222
-175 -151
202 69 86 154
-82 -6
57 -58
100 229 214 141 79
-201 -133
97 202 69 154
160 133 134 201 42
192 148 55 134 39 222
-225 -217
97 235 163
192 148 134 55 138 222
97 154 187 86
-220 -226 -192 -153
81 187 97 86
-220 -140 -192 -153
151 -204
-58 -203
160 20 199 56 126 206
-153 -120
160 133 55 232 42
133 134 55 201 42 125
208 209 179 40 74 75
-215 -139 -32
197 30 138 44 222
-196 -130
-65 -120
82 -74
-210 -93
-60 19 178
140 226 39 220
98 181 86
148 55 138 12 222
217 49 143
226 191
96 129 224 208 8 169 74
-160 -126 -206
-208 -179 -75
160 67 232 56 206
48 128 176 168
-96 -8 -24 -74
81 187 97
-29 128 48
-183 -25 -199
202 187 69 154
160 67 20 126 206
221 -163
-205 -84
-108 -40
163 235
-62 161
156 -37
-55 -39 -12 -222
42 188 54 135
160 232 67 20 199 56 206
76 181 174
133 134 55 201
-141 -229
81 217 49 143
97 187 86
160 67 20 199 126 206
32 197 150 170 44 13 79
-157 10 172
-92 -14
24 235 163
122 -109
192 226 220 135 140
160 134 55 232 201 42 125
160 133 134 232 42
160 133 232 42
161 59 12 206
50 -68
-170 -197 -13
-64 -215
123 28 207
144 121 218 17
36 5 119 136 106 204
46 -133
81 69
-182 -92 -111
205 37 191
153 137 120 190
228 103 230 102 123
96 224 176
-112 209 75
-170 -79 -197 -150
192 140 153 220
133 55 42 125
-136 -65
-11 -130 -142 -69
192 153 226 140
198 -145
-11 -130 -142 -202
226 39 135 220
187 181 86
132 -228
81 97 154 181
230 103 123 207
216 -154
202 181 86
-188 -42 -220
-79 -44
-102 -136 -193
180 -186
81 69 86 181
-55 -192 -138
130 114 196 69 234 11 142
160 133 134 55 232 201 42
67 20 56 199 232 126 206
-11 -234 -69
6 -197
160 133 201 42 125
-50 68
-160 -126 -56
153 226 220
164 -217
114 69 202 234 11
67 165 183 25 199 109
21 -224
-138 -44 -30
-224 -169 -129 -74
48 176 168
-85 -173 -119
-133 -42 -55
158 -72
130 114 69 234 142
187 69 181
220 54 188 125
179 150 40 108 13
133 134 55 232 201 42
-85 -3
160 133 55 232 201 42 125
18 100 229 214 79
160 67 20 56 232 126 206
160 133 232 201 125
81 97 187 181
-118 -57
77 -205
41 -214
81 187 69 181
65 193 228 102 136
-96 -169 -74
162 -92
154 187 181
67 165 183 25 109
234 142
-233 -146
148 134 55 12 222
-55 -12 -138
128 235 196
-13 -7
22 -144
81 49 143
18 229 214 141 79
-233 -151
220 135 42 188 125
144 65 120 218
192 153 220 39
96 129 224 208 169 74
226 220 140
81 202 69
-139 -133
192 226 220 140
-55 -192 -148
-134 -39 -148 -222
128 48 196
99 -152
129 235 163
-222 -197 -30
121 17 111
-11 -196 -142 -69
-55 -192 -12
-22 218 144
160 133 134 55 201
-203 -75 -92
192 226 39 135 220
192 148 55 39 12 222
93 -226
-159 -230 -114
205 168 84
154 187 69 86
-31 110
-150 -108 -40
-32 -79 -44 -150
-153 -137 -120
224 129 8 169 74 24
-99 152
-163 -129 -187
-172 -85
-133 -42 -160 -134
-175 -62
160 133 134 55 232
154 69 181 86
3 36 119 173
36 5 136 106 204
192 226 39 135
-126 -105
21 -96
-153 -120 -190
-106 -229
192 226 135 153 140
-199 -232 -126 -56
208 129 224 8 169 74
192 55 39 138 12 222
-223 -109
156 -191
-28 -207
-210 -87
-67 -160 -126 -56
-8 -169
-170 -32
127 -142
-53 -191
-201 -42 -160 -134
-182 -14 -111
24 129 163
192 226 39 153 140
181 86
