-20 -13
1 -31
-20 -21
33 -23
3 7 26 29 14
18 35 31
33 -14
8 18 31
8 11 31
11 14 23
-16 37
29 7
35 12 31
26 3 29 14
-19 20 13
-35 -11 -31
18 35 12
21 5 13
-5 -26
19 -13
19 -20
3 7 23 26 14
35 18 11
18 11 14
34
30 -11
-17 5 21
-6 7 29
24 -12
3 29 14 23
-35 -2
3 7 26 14
3 23 7 29 14
3 7 23 26 29 14
-32 25 15
32 -25
-11 -14
24 -35
-30 18 11
8 18 12
-21 -3
8 35 12
35 11 31
-21 -26
-8 -31
22 -26
3 23 26 29
-22 3 26
8 35 31
13
-9 2
23 26 29 14
-13 -5
18 11
26 29 7
26 3 29 7
-14 -26 -7
-4 -28
22 -3
26 29 14
-27 10 34
-13 -21
32 -15
29 15
15
36 -28
7 29 14 23
8 31
26 3 14 23
-25 -15
-14 -3 -29
26 5 21
26 14 23
-36 4 28
29 14 23
27 -34
-7 -29
-23 -14
6 -7
30 -18
8 18 11
35 31
23 7 26 29
37
31
35 11
7 23 26 29 14
-12 -35
16 -37
-24 12 35
25 7
-3 -26
36 -4
-2 -37
27 -10
25 15
8 35 11
3 29 14 7
3 23 26 29 14
-18 -14
-33 23 14
-10 -34
11 35 12
-11 -23
-1 -17
7 26 29 14
17 -21
9 -2
28
2 35
29 14 7
8 12 31
-1 8 31
6 -29
17 -5
-9 -19
18 11 31
-18 -11
11 12 31
26 3 21
-29 -15
26 3 14
2 37
18 11 12
3 23 7 26 29
11 31
1 -8
26 3 29
-5 -21
26 7 14 23
-23 -26 -29
21 20 13
35 12
-14 -26 -29
