25 3 12 23
17 51 36 38 12
-39 -53
25 50 19
32 26 55
50 12 42
17 50 38
10 19 52
50 3
41 50 3 12
54 -13
-9 -14 -53
19 41 3
35 -38
26 30
3 25 50 19
15 39 7
19 50 3 42
34 14 31
25 42 19
50 3 12 42
42 19 12 50
26 55
25 3 12 41
15 52 39 7
25 50 19 12
24 3 22 23
17 44 22
53 14 31
41 50 3
-43 -5
-20 41 25
10 52 15 39
24 3 23
-42 -52
39 7 10 15
-44 -3 -24
25 50 12 23
25 19 41
50 36 38 12
2 43 30
17 50 51 36 12
9 53
24 3 44 23
-47 15 7
42 19
-34 -14
-49 -4
25 42 3 23
-6 2 43
-8 53
41 42 19 12
3 19 23
53 14
-17 -44
3 25 19 41
24 44 22
50 51 36 12
9 14
-38 -36 -50
-2 -43
21 -30
25 19 12 41
25 12 41
17 51 36
-52 -15 -39
-44 -22
42 3 23
34 14
25 50 3
25 42 19 12
-36 -2
11 -10
29 -31
25 50
32 13
-1 39
-45 55
-35 38 17
3 25 19 12
25 50 3 41
50 3 23
-43 -30
34 13 14
50 51 36 38
11 -52
25 19 12 23
41 50 19
41 50 19 12
9 34 31
-32 -14
-52 -7
50 3 42
9 53 31
-16 51 36
41 50 3 42
9 31
25 3
-28 44 22
25 12 41 23
17 50 51 36
25 19 23
24 3 44 22
41 3 23
3 12 23
-46 42 19
50 19 12 23
-51 -36
25 42 19 41
24 44 23
3 50 19 12
-11 -21
28 -22
3 22 23
32 13 14
-17 -51 -50
25 42 41 23
25 50 42 41
9 53 14
3 23
39 53
41 50 19 23
-18 23 3
3 41 19 12
24 33
50 51 36
33
6 -2
-48 12 50
26 13
41 50 12
19 3
42 19 23
52 7 10 15
4 -26
52 39 7 10
1 -39
43 5 30
29 -9
9 34 53
25 3 23
-19 -52
38 17 22
-22 -23 -24
50 51 36 38 12
-17 -36 -50
48 -50
42 19 12 23
-10 -52
17 50 36
-54 32 13
46 -19
-27 5
25 41 23
25 42 50
25 50 12 41
7
-22 -3
55
42 19 52
17 50 51 36 38
41 42 3 23
25 42 3 12
-42 -19
42 19 50
25 50 12
-13 -14
41 50 12 42
25 50 41
3 50 19 23
3 44 22
50 19 12
54 -32
-29 31 9
6 -43
41 50 3 23
-22 -3 -24
3 25 19
3 42 19 12
-51 -43
25 3 41 23
42 19 12
41 42 12 23
41 3 12 23
25 42 19 23
20 -41
42 3 12 23
17 50 51 38
-4 26
42 19 50 23
34 53 14
24 3 22
25 50 19 41
40 -33
-32 -13
-38 -17
25 42 3 50
25 19 41 23
52 39 7
17 36 38 12
50 19 23
41 50 12 23
19 42 3 23
3 41 19 23
25 50 3 23
10 52 39
51 43 36
9 34 14
19 25 42 3
-15 -7
10 52 7
17 36 38
25 3 12
-17 -22
47 -7
-19 -10
-17 -36 -12
32 26 13
-36 -43
35 -17
41 42 19
-11 10 52
50 12 23
28 -44
25 3 41
25 50 23
42 12 50 23
25 42 3
48 -12
3 22 23 24 44
2 43 5 30
17 51 36 38
3 19 12
13 55
50 3 12
25 50 19 23
17 50 36 38
17 50 36 38 12
-24 -33
17 50 12 38
-52 -7 -39
9 14 31
26 13 55
-13 -34
49 -24
17 50 12
-2 -30 -5
-26 -30
41 50 19 42
50 3 12 23
17 50 36 12
-55 -26 -13
25 50 41 23
25 42 3 41
37 -14
8 -53
50 12
-37 34 14
17 51 36 12
25 42 41
47 -15
25 19 12
25 50 3 12
2 43 36
22 23 24 44
3 41 50 19
-31 -9
37 -34
50 36 12
-10 -7 -39
25 41
41 42 19 23
46 -42
-49 24
5
50 19
18 -3
18 -23
10 39 15
52 39 7 10 15
-20 -21
19 50 3
32 13 55
17 50 51 36 38 12
9
25 19
-23 -3
25 42 50 23
42 3 50 23
45 -55
16 -51
25
3 44 22 23
-50 -3 -19 -25
52 15 7
-43 -30 -5
3 42 19
-40 33
25 42 12 50
2 43 5
19 41 42 3
19 25 3 23
-12 -50
-41 -25
25 42 19 50
-38 -22
16 -36
17 50 51 38 12
19 3 12 23
-21 30
17 50 51 12
25 42 12 41
27 -5
20 -25
