-12 17
-4 -16
16 9 3 19
7 17
10 7
16 9 19 4
18 -19
-9 -3
16 3 19
3 9 19
16 3 4 6 9
3 19 6
16 3 4
16 19 4
16 3 19 4 6 9
16 19 4 6
13 -16
9 3 7
-1 -19
-6 -19
10 3
16 3 4 19 6
16 3 19 6 9
16 3 19 4 9
15 -9
-6 -3 -16
9 10 7
3 9 19 6
-15 9 3
16 19 3 4
16 9 3 6
-14 7
-16 -2
9 3
3 7
5 -2
12 -17
16 2
-7 -17
-18 6 19
-19 -9 -16
16 19 6
18 -6
16 9 3 4
-19 -3 -4
15 -3
8 4
16 19 3 6
16 9 3
-11 1
-5 8 2
1 19
13 -4
14 -7
3 9 19 4
-20 10
-19 -3 -16
10 3 7
1 10
11 -1
-17 -2
-10 -3 -7
16 4
20 -10
9 10 3
5 -8
16 19 4 6 9
-13 4 16
8 2
3 19 4 6
19 6
16 3 4 6
17 2
3 19 4 6 9
-8 -2
-1 -10
16 9 19 6
