40 116 77
68 -119
-9 -51
121 51 4 38
32 33 74 44 14
114 30 40 106 110
-7 -11
54 -107
-107 -102 -78
1 65 85 27 28
10 47 87
16 121 92
34 38 119 89 44
-87 -9
81 34 38 89 44
-34 -121 -81 -44
81 34 38 119 120 89 44
16 113 4 38
67 83 106 74 28 30
32 83 67 74 28 30
-109 92 16
103 23 73 26
65 1 67 85 27 28
120 81 89 119
-71 -93
-30 -110 -114
76 -93
-77 -114
1 90 85
-102 -96
-44 -75 -97 -74
80 97 100 55 14
-92 -70 -33 -17
-32 -28 -30
89 81 38 120 121 44
79 98
-36 -93 -116
-49 17 63
51 4 38 92
-82 -22 -11
30 25 106 110
16 113 38
16 121 4 38
97 100 39 55 14
65 85 27 28 63
-108 -62
97 39 55
89 81 34 38 119 120 121
89 81 34 38 121 44
-82 -102 -11
34 38 119 120 121
39
16 121 51 4
-24 -71
33 97 89 44
81 34 119 120 121 44
80 97 100 39 14
-34 -119
2 51 87 9 58
-44 -97 -32
-90 -57
17 1 65 67 85 28 63
-58 -108 -119
67 8 106 28 30
113 51 4
81 34 121 44
32 97 74 14
121 51 38 113
97 100 39 55
-3 -85 -31
-93 -79
-32 -67 -8 -30
34 119 9 58 108 62
-5 38 121
16 17 75 92 63
82 7 10 59 47
30 40 106 110
114 25 106 110
-16 -70 -63
33 97 74 75 44 14
32 74 28 30
-23 -98
121 44 38
16 33 17 75 92
16 70 92 63
17 1 67 85 27 28 63
16 33 70 75 92 63
78 77 93 36
-59 -73 -23
10 59 82 103
89 81 38 120 121
116 93 36 6 77
32 67 106 74 28
83 106 8 74 28 30
-46 98
16 113 38 121
16 121 38
-7 -102 -96
78 107 102 22
121 92 38
65 17 67 27 28 63
94 -67
-16 -70 -75 -63
119 9 58 108 62
82 7 103 10 47
32 67 83 106 8 74 30
52 -95
89 81 34 38 120 121
-17 -85 -28 -27
34 38 121 44
-17 -63
89 121 44
-92 -70 -75 -63
5 -38
60 -87
-63 -28 -65
-24 -93 -79
33 17 70 63
-63 -1 -28
80 100 39 55 14
40 25 110 30
41 70 3
82 7 103 59 47
33 17 70 75 63
26 23 103
34 38 119 121
32 83 67 28 30
1 3 90 31
120 121 38 119
103 7 10 59 47
16 33 17 63
16 4 92
89 34 38 120 121 44
1 17 67 27 28 63
-1 -85
83 67 106 74 30
-2 -9 -4
97 89 74 75 44 14
-101 116 77
32 33 89 75 44 14
-11 -71
-80 -39
-17 -85 -27
32 67 8 106 30
82 103 7 10 59 47
80 97 14 39
-96 -73 -24
91 -57
33 89 74 75 44 14
1 17 67 65 27 28 63
-63 -28 -27
81 34 38 121 44
81 34 119
116 6 93 78
32 97 89 74 44 14
56 -1
81 34 121 119 89
32 97 33 89 74 75
81 121 120 89 44
36 93 6 77 78
-63 -85 -28 -65
116 36 6 78
16 121 51 92
34 38 119 121 44
16 33 17 70 75
32 67 83 8 74 30
89 81 34 119 121 44
-16 -70 -33 -17
32 97 74 33
-63 -85 -28
121 113
81 121 119 120 89
-58 -119
82 10 59 47
-32 -28 -83 -106
-71 -6
-74 -28 -83 -30
-115 -94
35 -7
32 33 74 75
32 97 74 75 44 14
33 70 75 63
-87 -58 -4
-41 -70 -3
81 34 119 120 89
-89 -33 -97 -74
-58 -62 -34
-103 -73 -23
16 113 51 4
16 33 70 75 92
51 4
-14 -97
16 51 4 38
32 74 8 106 30
32 97 33 89 14
103 10 59 47
32 97 89 74 75 14
83 8 74 28 30
-17 -85 -28 -65
109 -16
89 81 38 119 121 44
32 97 33 74 75 14
-10 -7 -103
16 33 17 70 75 92 63
32 97 33 75 44
-114 -40
81 34 38 121
10 103 47 7
-9 -108 -119
25 27 110 111
45 -108
83 67 8 74 28
-48 -76
37 -14
16 51 4
82 59 103 7
-59 -26 -23
81 34 38 119 120 121
-105 83 8
67 106 74 28 30
10 59 7
97 33 89 74 44 14
81 44 119
-65 -27
-58 -4
65 57 27 110 111
83 67 106 8 74 30
68 -34
16 33 17 70 92 63
113 51 4 92
121 4 38 92
32 67 8 74 28
-62 -20
80 97 39 55
-63 -67 -27
-30 -25 -40
36 102 22 107 78
32 97 33 74 44
17 1 65 67 85 27 63
32 8 74 28
114 30 25 106 110
10 82 7
-96 -73
43 -58
32 97 89 75 44
32 67 8 28 30
-50 47 10
89 74 75 44 14
32 83 106 8 74 28 30
13 -30
108 62
32 97 33 74 14
16 121 51 38
-100 -55
89 34 119 120 121
-47 -7 -59
10 47 7
103 23 73 26 59
32 33 74 75 44 14
32 83 8 74 30
-22 -96
-90 -111
32 97 89 75 44 14
89 81 34 120 121
32 8 74 30
-38 -121
65 17 67 85 27 28 63
32 83 67 106 74 30
120 34 44 119
32 33 74 44
96 82 7 22 102
81 34 38 120 121 44
33 89 74 75 44
-92 -16
101 -77
83 67 106 74
121 38 119
121 34 44 119
81 34 44 119
121 38 119 89
121 51 4 113
96 71 24 73 26 11
-18 80 39
34 119 120 121
81 38 120 121
120 81 121 119
1 90 3 85
57 110 27 25 111
106 8 74 28 30
-10 -82 -59
-82 -22 -96
65 1 85 27 28 63
-6 -93
-33 -97 -32
-112 4 51
23 98
-12 -69
25 27 110
16 92 38
32 67 28 30
32 97 89 74 75 44
-102 -11
29 -25
78 36 102
17 1 85 28 63
17 1 67 85 28 63
90 31 111
8 55
32 97 74 44
121 38 113
32 97 75 44 14
80 100 39 55
116 36 6 93 78
-2 -51
-72 -46
81 34 38 119 120 89
16 33 17 70 63
32 97 33 89 74 75 44
83 8 28 30
-2 -58 -51
-63 -85 -67 -65
73 26 23
49 -17
81 121 119
17 1 67 65 85 27 28 63
32 97 89 74 14
32 8 28 30
100 55 39
-87 -51
17 65 85 27 63
32 97 33 89 75 44 14
-44 -33 -97
-24 -6 -79
118 -81
-44 -33 -32
120 81 121
121 34 89 44
32 33 74 75 14
89 38 120 121 44
13 -106
2 51 4 87 9 58
16 33 70 92 63
32 33 89 74 75
-69 70
-87 -47
119 120 89 44
89 119 120 121 44
121 51 92
16 121 4
-62 -34
-16 -70 -75 -17
-44 -33 -14 -32
-11 -26 -71
-77 -40
116 36 77 78
120 81 121 89
32 67 8 106 28
43 -9
-16 -70 -33
78 107 36 102
16 121 92 38
29 -110
-58 -108
52 -20
16 113
59 103 7
-119 -121 -81 -44
32 83 67 74 28
66 -102
121 4 113 92
1 90 85 31
64 -36
116 93 36 77
32 97 14 33
80 55 39
38 119 120 121 44
32 83 106 74 30
121 4 38 113
-45 108 62
-32 -67 -8 -106
120 121 44 38
33 89 75 44 14
100 55
-27 -57 -110
88 -3
-7 -22
32 67 74 106 30
-96 -24
57 27 111
-63 -1 -28 -65
81 34 38 119 120
81 34 38 119 89
89 81 34 120 121 44
-74 -32
40 114 110 30
37 -97
81 34 38 120 44
16 113 92 38
51 4 92
32 97 33 74 75 44
80 39 55 14
-89 -33 -97 -32
32 97 33 44 14
-53 26 73
-59 -73
57 110 25 111
86 -59
16 121 51
80 97 39 55 14
10 59 47
12 -96
-11 -73
120 81 44 38
-48 100 55
65 25 57 110 111
-24 -93
-22 -102
-17 -85 -67 -27
33 17 75 92 63
8 106 28 30
-41 -3
-61 -76
49 -63
48 -100
83 67 106 8 74 28 30
-63 -85 -65
-32 -28 -8 -106
32 89 74 75 44
20
25 57 27 110
97 33 89 74 75 44
-106 -30
-113 -41
1 17 67 85 27 28
89 81 38 121
16 33 70 75
16 33 17 75 63
-103 -59
65 67 85 27 28 63
-32 -67 -83 -30
20 95
112 -4
38 81 121
81 38 120 121 44
16 51 38
32 97 33 89 44
32 33 89 75 44
33 97 74 75 44
61 -74
80 97 100 39
105 -83
34 119 9 58 62
89 81 34 38 119 121 44
-92 -33 -63
-12 11 96
16 33 92 63
89 81 44 38
25 110 111
81 121 38 119 89
-82 -102
-16 -33 -63
-78 -6 -77
-63 -85 -27
-104 -66
-117 114 40
120 81 44 121
120 121 44 119
-74 -28 -8 -106
16 17 70 75 63
65 17 67 85 27 28
32 106 28 30
-82 -7
-72 65 27
107 36 102
2 51 4 87 58
97 100 55 14
-107 -102 -36
16 51 92
89 121 44 38
-39 -97 -100
-32 -28 -83 -30
-96 -73 -71
78 107 22
16 51
97 14 39
-92 -70 -33 -63
89 34 38 119 120 121
17 1 65 85 28 63
-16 -75 -63
-36 -6 -77
89 74 75 14
32 74 106 30
-79 -98
67 83 106 28 30
-16 -33 -17
81 34 38 120 121
33 89 74 75 14
67 83 8 28
116 93 36 77 78
32 83 67 8 106 28 30
33 97 89 75 14
16 113 121
81 38 119 120 44
32 33 75 44
65 27 110 57
65 57 110 111
-63 -1 -27
-85 -67 -27
-35 82 7
86 -103
38 119 89 44
116 36 6 77 78
83 8 106 30
-2 -58 -4
-9 -62 -34
32 97 33 89 75 14
81 34 119 120
67 8 74 28 30
16 33 70 92
-36 -93 -77
32 97 33 89 44 14
118 -120
72 -65
32 97 33 74 75 44 14
-84 24 71
67 83 8 106 28
89 44 119
65 27 111
24 93 6 71
16 33 17 70 75 63
81
-4 -51
32 89 74 44 14
16 113 51 38
-106 -110 -114
-29 25 110
83 67 8 106 28 30
32 33 89 44
84 -24
16 113 51
81 34 38 119 121
65 25 27 110 57
32 97 33 75 44 14
73 59 103 23
121 44 119
-25 -110
83 67 106 8 74 28
32 83 106 28 30
82 103 10 59 47
-11 -96
-62 -119
67 106 28 30
-61 74 32
-106 -110 -40
16 4 38 92
-19 23
81 119 120 89 44
16 33 17 75 92 63
-64 78 36
16 17 70 63
16 33 17 70 75 92
-32 -28 -8
-32 -8 -30
10 103 82 7
65 57 27 25 111
-102 -36
-16 -70 -33 -63
-9 -108 -34
32 97 89 74 44
32 33 89 44 14
115 -79
33 97 89 75 44
94 -28
90 3 85
17 1 65 85 27 28 63
121 34 119
107 36 102 22
59 23 103
32 97 74 75 44
-17 -1 -28 -27
83 8 106 28 30
-44 -33 -14 -74
67 106 8 74 28 30
-21 31 90
32 67 83 8 106 28
1 3 85 31
21 -90
33 17 70 75 92 63
113 51
1 65 17 85 27 28
57 90 111
16 113 51 92
32 67 74 106 28 30
32 67 83 8 106 30
81 121 38 119 120 89
32 97 89 44
32 67 8 74 28 30
30 40 25 106 110
-87 -9 -51
16 33 70 63
-26 -73
34 38 119 120 89 44
99 -41
81 34 119 89
65 67 85 27 28
-78 -93 -116
81 38 119 89 44
33 97 75 14
17 65 27 28 63
114 40 25 110
-63 -1 -67 -65
76 -6
-30 -25 -114
84 -71
97 33 89 74 44
-3 -85 -90
32 97 33 74 75
-118 120 81
89 34 38 119 121 44
81 34 38 119 121 44
16 33 17 70 92
97 33 89 74 75 44 14
80 97 39
-11 -73 -71
-2 -87
16 33 75 92 63
69 -70
16 121 92 113
17 1 67 85 27 63
-71 -93 -79
-120 -81
1 65 67 85 28 63
32 97 33 44
-86 103 59
46 -98
81 34 119 120 121
60 -2
89 81 44 120
121 51
121 4 38
81 119 89 44
-1 -28 -27
5 -121
35 -82
19 -23
89 44 121 119
-47 -10
112 -51
53 -73
117 -114
-26 -71
-104 89 44
-30 -40
121 51 92 38
89 34 44 119
32 83 67 106 8 74
81 121 44
-36 -93
81 121 119 89 44
89 34 38 121 44
81 34 120 89 44
82 59 47 7
16 113 4 121
80 97 100 39 55
96 71 24 73 11
1 17 65 27 28 63
32 67 8 106 28 30
83 106 8 74 30
114 40 25 106 30
32 83 8 106 28 30
-60 2 87
114 40 25 106
32 97 74 44 14
-2 -58
97 39 55 14
73 26 59 103
-51 -113 -121 -16
-11 -26 -24
-99 41
-7 -22 -96
89 81 44
-78 -36
121 51 4 92
116 93 6 77 78
89 81 38 121 44
-70 -33 -63
32 83 106 8 74
32 67 83 8 74 28 30
-63 -85 -67
121 92 113
32 97 74 75 14
-74 -28 -8 -30
89 121 34 119
116 6 77 78
32 67 74 8 106 30
-27 -111 -110
16 51 92 38
-58 -62 -119
-116 -77
89 38 119 121 44
-107 -22 -36
65 25 110 111
-32 -28 -8 -30
-44 -33 -97 -32
-106 -25 -40
17 65 67 1 85 27 28
81 34 120 121
81 34 119 121 44
10 59 103
38 119 120 89 44
121 51 92 113
59 103 47 7
33 70 75 92 63
32 33 74 75 44
1 3 85 90 31
90 3 85 31
32 8 106 30
-74 -67 -8 -30
17 1 85 27 63
32 83 8 74 28
32 67 83 106 74 28 30
32 67 74 28
81 34 119 120 89 44
-7 -22 -11
-75 -33
-76 6 93
27 110 111
1 67 85 28 63
96 71 24 73 26
114 40 106 30
33 97 44 14
113 51 92 38
17 85 27 28 63
65 25 27 110 111
-109 -66
10 2 87
83 67 106 8 74
-18 -66
32 67 106 28 30
16 121 51 113
81 34 120 121 44
1 3 85
32 83 67 106 74
32 106 8 74 28
-49 -84
96 7 22 102 11
17 67 85 28 63
33 97 89 75 44 14
-91 57 111
-52 95 20
34 119 120 121 44
32 83 8 30
33 17 75 63
81 119 120 44
-96 -71
-96 -26
-44 -75 -14 -32
-9 -119
-30 -110
-119 -121 -81 -89
10 82 59 7
89 81 38 119 120 121 44
16 121 4 92
32 97 75 33
32 97 33 75 14
97 100 55
67 85 27 28 63
16 17 70 92 63
33 97 89 44 14
1 67 85 27 28
1 85 27 28 63
-63 -1 -67 -27
12 -11
81 38 119 121 44
64 -78
32 67 8 28
17 67 85 27 28 63
32 67 83 106 8 74 28 30
1 65 67 85 27 63
-115 79
57 27 25 111
-85 -28 -27
-66 22 102
81 44 38 119
89 81 44 121
116 93 6 77
113 41
104 -89
-67 -28
-31 -111
81 34 38 120 89 44
97 100 14 39
113 51 92
34 119 58 108 62
32 33 89 74 75 44
114 40 25 106 110
36 77 6 116 93 78
-71 -79
117 -40
-17 -85 -28
-37 14 97
81 121 44 119
32 97 89 74 75 44 14
16 121
32 89 74 44
-3 -1 -90
121 34 119 89 44
33 97 75 44 14
-78 -93 -77
32 33 89 74 75 14
-87 -4
16 113 4
32 83 8 28 30
32 83 67 8 74 28
-7 -102
-54 107
56 -85
-9 -58
16 17 92 63
51 4 38
65 25 27 111
32 67 83 106 74 28
-55 -8
107
-9 -62
121 34 81 89 44
113 51 4 38
120 81 44
32 97 89 44 14
121 34 120 89 44
32 67 83 106 28 30
32 33 89 74 44
45 -62
8 67 28 30
80 97 100 39 55 14
-58 -34
81 38 119 120 121 44
65 67 27 28 63
-41 -70
32 67 106 8 74 28 30
-7 -102 -11
-87 -9 -4
-44 -33 -97 -74
32 83 8 74
97 89 44 14
-39 -97 -55
16 33 75 92
1 65 67 85 27 28 63
33 97 75 44
-73 -71
-57 -111
16 51 4 92
81 34 119 120 44
-63 -85 -67 -27
89 81 119 120 121 44
36 6 93 78
32 8 106 28 30
18 -80
-82 -102 -96
103 23 26 59
-87 -10
36 102 22 78
-119 -38 -81 -44
32 97 33 89 74 44 14
-83 -8
121 38
48 -55
97 14 55
32 67 8 74 30
-42 113
-9 -62 -119
-85 -28 -65
32 97 33 89 75
7 10 59 47
32 97 33 89 74 44
25 106 114
-7 -96
18 -39
-89 -75 -97 -32
81 44 38 121
-89 -33 -14 -32
-27 -111 -25
101 -116
-99 -35
32 83 74 106 28 30
-65 -111 -110
83 67 8 106 30
57 110 111
32 106 8 74 28 30
89 38 119 120 121
-58 -51
-10 -7 -59
-73 -24
50 -47
89 34 38 119 120 121 44
81 34 119 89 44
6 71 24 93 79
-70 -3
-85 -90
16 113 4 92
34 38 119 120 121 44
81 34 38 119 120 44
20 62
97 89 75 44 14
90 3 31
32 89 74 75 44 14
81 38 119 120 89
-96 -26 -24
-43 9 58
89 81 34 119 120 121 44
36 22 107 78
107 102 22
-94 67 28
80 97 14 55
-116 -40
91 -111
-2 -10
83 100
33 97 74 44 14
-21 -46
10 82 47 7
81 34 121 38 119 120 89 44
120 81 119
33 17 70 92 63
-63 -85 -28 -27
-30 -110 -40
97 89 74 75 14
51 4 87 9 58
73 59 103
116 78 6
32 83 67 106 8 74 28
121 51 38
121 51 113
121 51 4
32 8 74 28 30
65 27 110 111
83 67 8 28 30
89 34 38 119 121
65 27 110
36 93 6 77
16 33 75 63
114 25 106 30
32 83 8 28
89 34 119 120 121 44
89 81 34 38 121
89 81 34 119 120 121
-88 3
1 65 67 27 28 63
73 59 23
65 57 27 111
32 83 67 8 74
81 34 119 121
81 38 119 121
81 119 120 121 44
34 38 120 121 44
33 97 74 75 14
-17 -1 -67 -27
96 71 73 26 11
50 -10
96 82 102 7 11
32 83 8 106 30
21 -31
65 25 27 110
-119 -121 -120 -44
61 -32
32 97 33 89 74 75 44 14
65 17 85 27 28 63
109 -92
-13 106 30
-82 -96
-58 -108 -34
-71 -6 -79
32 33 89 74 44 14
17 67 27 28 63
-17 -28 -27
96 82 7 22 102 11
-17 -85 -67 -65
-108 -119
-63 -1 -28 -27
38 121 92 113
114 30 40 25 106 110
40 114 77
-87 -58
16 70 75 92 63
34 119 120 89 44
-58 -62
32 83 67 8 28 30
-31 -90
16 92
67 83 106 74 28
81 34 120 44
81 34 38 119
-110 -40
32 97 33 74 44 14
114 30 40 25 110
17 1 85 27 28 63
81 38 119 120 89 44
16 113 92
16 33 17 92 63
16 33 70 75 63
32 97 33 89 74 14
1 3 31
1 65 85 27 63
-39 -14 -55
81 38 119 120 121
6 71 93 79
-28 -8 -30
15 -33
83 67 8 74 28 30
33 89 75 44
71 24 93 79
97 33 89 74 75 14
17 1 65 85 27 63
-36 -6 -116
16 17 70 75 92 63
89 81 34 38 120 121 44
34 44 119
81 38 119 120
32 97 33 89 75 44
100 39 55 14
-88 -53
82 59 7
82 7 103 10 59
81 121 119 89
81 34 38 119 89 44
34 38 119 120 44
23 73 26 59
15 -75
1 67 85 27 28 63
66 -22
-89 -44
53 -26
32 83 74 28 30
32 83 106 8 74 28
89 120 121 44
34 38 119 44
-80 -97 -55
-15 75 33
-44 -75 -97 -32
73 26 59
108 95
32 33 89 74 75 44 14
32 83 8 106 28
8 83
32 67 83 8 28
80 97 100 55
-17 -1 -28 -65
81 34 38 119 44
-68 34 119
-2 -9 -51
32 97 33 89 74
32 83 74 8 106 30
32 97 44 14
81 34 38 119 120 121 44
32 97 33 89 74 75 14
-96 -26 -71
-56 1 85
113 51 38
97 89 74 44 14
-87 -58 -51
-36 -77
105 -8
90 85 31
-93 -77
17 65 67 85 28 63
32 67 106 8 74 28
32 67 74 28 30
57 27 110 111
42 -113
10 59 103 7
81 34 89 44
65 25 57 27 110 111
32 74 106 28 30
-95 -20
104 -44
89 81 34 38 119 121
17 65 67 85 27 63
107 36 78
38 119 121 44
36 102 22
-11 -73 -24
89 38 119 120 121 44
72 -27
32 83 8 74 28 30
32 89 74 75 14
121 4 113
32 83 67 8 30
81 38 120 89 44
32 33 75 44 14
