1 : (((3, 5, 4), (6, 5, 2)), 1)
2 : (((4, 4, 3), (4, 6, 3)), 2)
3 : (((3, 0, 4), (5, 0, 2)), 1)
4 : ((3, 0, 4), (3, 3, 3))
5 : (((0, 3, 5), (3, 3, 3)), 1)
6 : (((0, 0, 4), (3, 0, 4)), 1)
7 : (((3, 3, 3), (3, 5, 4)), 2)
8 : (((0, 6, 4), (4, 6, 3)), 1)
9 : (((0, 3, 5), (0, 6, 4)), 1)
10 : ((4, 4, 3), (4, 6, 3))
11 : (((1, 5, 2), (3, 5, 4)), 2)
12 : (((4, 1, 5), (4, 4, 3)), 2)
13 : ((0, 3, 5), (3, 3, 3))
14 : (((1, 1, 1), (1, 5, 2)), 1)
15 : (((4, 1, 5), (6, 1, 4)), 2)
16 : ((1, 1, 1), (1, 5, 2))
17 : (((6, 1, 4), (6, 5, 2)), 2)
18 : ((0, 0, 4), (0, 3, 5))
19 : ((0, 0, 4), (3, 0, 4))
20 : ((3, 0, 4), (5, 0, 2))
21 : ((0, 3, 5), (0, 6, 4))
22 : ((3, 5, 4), (6, 5, 2))
23 : (((4, 4, 3), (4, 6, 3)), 1)
24 : (((1, 1, 1), (4, 1, 5)), 1)
25 : ((1, 5, 2), (3, 5, 4))
26 : ((4, 1, 5), (4, 4, 3))
27 : (((3, 0, 4), (3, 3, 3)), 2)
28 : (((3, 3, 3), (3, 5, 4)), 1)
29 : (((1, 5, 2), (3, 5, 4)), 1)
30 : ((0, 6, 4), (4, 6, 3))
31 : (((4, 1, 5), (6, 1, 4)), 1)
32 : (((0, 0, 4), (0, 3, 5)), 2)
33 : (((4, 1, 5), (4, 4, 3)), 1)
34 : (((6, 1, 4), (6, 5, 2)), 1)
35 : ((4, 1, 5), (6, 1, 4))
36 : ((6, 1, 4), (6, 5, 2))
37 : ((1, 1, 1), (4, 1, 5))
38 : (((3, 5, 4), (6, 5, 2)), 2)
39 : (((3, 0, 4), (5, 0, 2)), 2)
40 : (((0, 6, 4), (4, 6, 3)), 2)
41 : (((3, 0, 4), (3, 3, 3)), 1)
42 : (((0, 3, 5), (3, 3, 3)), 2)
43 : (((0, 0, 4), (3, 0, 4)), 2)
44 : (((0, 3, 5), (0, 6, 4)), 2)
45 : ((3, 3, 3), (3, 5, 4))
46 : (((0, 0, 4), (0, 3, 5)), 1)
