84 135 154 12
-61 -81 -2
-131 -66
50 151 72 9 109 8
162 50 87 151 40 88
-56 -58 -133 -155
-47 -162
7 -92
-18 -159 -145
-73 -52
1 18 58 123 14
35 124
-34 -92 -27
-145 -84
-3 -63 -79
-37 -70 -68
-5 -99
-89 -50 -8 -109
-10 -118
-97 -2 -36
128 114 22 24 46
-123 -159 -38 -149
-120 -84
112 1 56 58 155 44
112 1 70 56 58
19 124 4
66 103 79
19 103
-128 -139
162 50 87 40 88
-89 -50
-151 -72 -109
34 27 137 11 92 45
-61 -132 -59
-1 -58
148 5 8 90 72
-123 -85 -149
11 137 75 27 92 45 62
-10 -93 -94
148 27 90 139 47 159
-91 -11 -86
-27 -47 -90
30 -154
159 75 90 27 139 47
133 70 58 155 44
128 162 22 139 47
-34 -11 -27
-137 -11 -27
-14 -1 -123
-27 -47 -85 -148
-38 -149
-150 -11 -86
-62 -11
112 133 56 58 155
-75 -47 -148
-123 -159
-147 -50 -8 -109
-118 -110 -94
-36 -5
-38 -145
-98 -122
136 -2
-43 -129
112 70 56 58 155
134 -137
17 3 4 149 41 63
16 -103
-85 -145 -149
77 -110
34 11 75 27 92 45 62
133 70 56 155
68 133 120 143
-118 -93
-27 -139 -159
-163 94
-104 44 155
112 133 70 56 155
119 -148
37 70 120 143
112 1 133 56 155
-118 -46 -110 -94
-145 -41
-114 -46
-81 -89
110 58 123 14
-56 -58 -133
65 91 117
148 85 27 90 139 47 159
3 149 41 79 63
-160 -59 -36
-75 -47 -85 -148
-59 -36
110 118 14 94 10 46
-147 -8 -9
65 117 73 26
1 133 70 58
50 147 151 72 9 109 8
17 149 41 79 63
9 109
-39 -132 -147
-22 -47 -87
-68 -38
-50 -8 -109
-132 -81
-76 -136
-18 -145 -41
55 -43
17 4 63 79
145 149 85 38 41 123 159
-144 -24
-45 -160
-87 -50 -40
-35 -63 -19
-47 -85 -90
32 -117
-46 -94
-137 -45
68 133 70 37 143
133 70 56 155 44
65 137 34 73 26
17 6 103 79
-67 132 81
-147 -50 -109
-65 -26 -34
-89 -50 -72
-149 -3 -79
-24 -93 -22
-114 -46 -22
-18 -38 -149
160 97 52 153 92 45
-118 -46 -94
112 70 56 155 44
-123 -145 -41
72 8 90 5
-37 -143
-68 -38 -84
-21 -140
150 39 86 91 11 62
1 14 58 110
1 18 14 58 110
-81 -59
-14 -58 -123
-44 -155
-43 -61
-89 -151 -8
158 -79
-58 -133 -155
-162 -40
-147 -151 -72 -109
-91 -62
-10 -46
8 72 9 109 50 147 151 89
-144 -114
-34 -11 -92 -75
32 -65
-118 -93 -14
-50 -8 -9
-135 -12 -154
-25 22 128
-137 -62 -92
-99 -161
65 137 117 73 26
112 1 133 70 56 44
-86 -39
-123 -159 -145 -149
-87 -162
-71 -23
49 -147
56 129
-84 -12 -80
33 -50
156 -8
148 90 85 75 27 139 47
-117 -26 -137
96 -3
-18 -85 -38 -149
112 1 133 70 58 155
-87 -151 -88
10 118 14 94 110 93 46
-147 -50 -8 -9
71 -150
82 -124
76 -123
-114 -128
-12 -154
-18 -123
4 149 41 63
-10 -14
-160 -2 -36
-85 -145
68 37 133 70 120
-43 -118
157 -73
81 2 132 21 59
-153 -45
112 133 70 56 58 155 44
17 3 4 149 41 79
-74 -43 -10
-34 -62 -45 -27
-123 -38
-123 -85 -38 -149
-50 -72 -9
-58 -123
-128 -139 -87
-62 -45 -75
-123 -159 -149
-11 -92 -75
1 58 123 14
-114 -24
31 -24
70 56 58 155 44
-137 -45 -75
112 1 56 58 44
-39 -81 -89
-35 -4 -19
-73 -26
75 148 85 90 27 159
1 133 70 56 58 155 44
-118 -14
144 24 114
65 34 117 137 26
112 56 58 155
148 85 75 27 139 47
3 4 149 41 79
1 133 56 58 155
10 118 14 110 93 46
-45 -97
-56 -58 -70 -155
-10 -46 -14 -94
56 112
89 50 151 72 9 109 8
-47 -159
-162 -151 -40
76 -18
-14 -94
-18 -85 -38 -41
-137 -92 -75
112 1 133 58 155
112 1 133 56 58 44
-11 -39
19 35 63
-10 -110 -94
35 4 63
133 70 56 58 155
145 18 149 85 38 123 159
-153 -92 -97
147 132 86 39 89
-89 -151 -109
-123 -85 -145 -41
147 151 72 8 109
-89 -151 -9
60 -143
127 -61
81 147 132 86 39
-75 -139 -90
-91 -11 -39
-151 -50
-137 -62 -45 -27
-151 -40
-5 -12 -99
17 149 41 79
1 70 58 155 44
112 1 133 70 58
-27 -139 -148
-27 -47
-159 -41
-26 -28 -52
128 22 24 93 46
17 3 4 149 79 63
112 1 133 70 44
-68 -145 -84
112 133 56 155 44
112 133 58 155 44
148 5 8 72
34 11 137 75 27 92 45 62
68 37 70 120
-69 36
-16 103
8 90 148 5
-47 -87
-123 -159 -38 -41
-22 -128
-75 -139 -85 -90
-95 -29
1 133 70 58 155 44
50 147 151 8 9 109
-114 -93 -128
112 133 70 56 155 44
-162 -50
128 162 22 87 47
-129 -61
65 137 34 117 73 26
17 66 6 103 79
-61 -132 -59 -21
-18 -38 -41
-155 -35
-112 -56
42 66 78 6
-120 -38 -84
-111 70 133
66 131 6 42 78
-147 -151 -8 -109
111 -133
-135 -12 -80
34 11 75 27 92 62
-134 -55
-94 -3
-98 160 97
19 35 124
-46 -110 -94
-87 -50 -88
23 -144
124 44
108 -162
67 -81
-75 -47 -159 -90
112 133 70 58 155
145 18 149 85 41 123 159
-34 -11 -75
-145 -149
29 -5
156 -72
1 18 110
-27 -159
-156 8 72
150 39 86 91 11
-27 -90
-28 -130
145 18 149 85 38 41 123 159
-137 -62 -45
-27 -139 -90
-123 -145
-120 -145 -84
-154 -161
-34 -62 -45
-117 -91
-28 -52
-139 -159 -148
-123 -149
17 6 103
65 137 26 117
-52 -45 -97
-146 161
89 81 132 39
130 37 143
-38 -84
21 140 116
-117 -65
-136 2 59
-86 -81 -147
-91 -11
-46 -128
112 133 70 56
-132 -59 -21
-27 -47 -159 -148
81 2 21 59 61
112 133 56 58
-17 -66 -103
-41 -3 -63 -79
11 137 75 27 45 62
-52 -160
-93 -128
-112 -58 -70 -155
112 1 133 56 58 155
133 70 155 44
122 -58
-118 -93 -110
13 -159
-34 -62 -92 -75
-160 -59
17 3 149 41 79
-11 -45 -75
-123 -159 -38
-55 43
122 -1
80 154 84 135
-71 150 91
-83 135 84
57 -11
17 3 4 41 63 79
31 -114
-93 -14 -94
-147 -50 -72 -9
3 4 149 63
1 18 14 110
-143 -133 -120
-132 -59
-34 -11 -92
-50 -40
-61 -81 -2 -21
-120 -145
-101 99
133 70 56 58 44
-75 -47 -159
133 56 58 155 44
81 147 132 39 89
-34 -62 -45 -75
112 1 133 70 56
-52 -92 -160
-88 -42
-137 -11 -92 -75
133 56 155 44
81 2 132 21 59 61
19 35 124 4
-149 -63 -79
-53 93 46
-82 124 35
89 147 72 9 109 8
-112 -58 -133 -44
-105 -67
85 90 27 139 47 159
-61 -132 -2 -21
-159 -38 -41
133 37 70 143
68 133 37 120 143
148 85 90 75 27 47 159
145 18 149 38 41 123 159
-89 -151 -72
-62 -45 -27
112 133 56 58 44
95 -21
-72 -9
48 -42
159 75 148 90 27 47
17 3 63 79
17 3 149 79 63
147 132 86 89
1 133 70 58 155
111 -70
-75 -139 -85 -148
159 148 85 75 139 47
-15 116
-148 -90
83 -84
112 1 133 70 155 44
-78 -131 -6
72 8 90 148
-22 -47 -162
-75 -139 -159 -90
-81 -59 -21
17 4 149 79 63
-147 -50 -8
112 1 133 70 56 58 44
100 -10
112 1 133 70 56 155 44
-86 -132 -89
130 52 73 26 28
89 50 151 72 9 109
35 4 124 63
-39 -81 -147
-81 -2
-151 -72 -9
34 75 27 92 45 62
149 41 79 63
-87 -50
-84 -80
35 124 63
136 -59
1 18 58 110
-127 61
34 137 75 92 62
106 -40
-61 -2 -21
-82 -54
57 -62
1 70 56 58 155
-10 -93 -14 -94
118 14 94 10 93 46
1 133 70 155 44
-137 -11 -45 -27
-56 -1 -133 -155
-126 109 9
-158 17 79
-10 -46 -14
-115 140
112 133 70 56 58 44
-36 -5 -99
-87 -40
35 155
-18 -159 -41
148 85 75 27 139
89 50 147 151 72 9 8
-118 -46
73 34 117
144 10 118 74 43
112 1 58 155 44
3 4 149 41 63 79
-128 -139 -162
48 -131
112 1 133 70 56 58 155 44
34 75 27 92 62
112 1 70 56 44
-147 -151 -8 -9
34 137 75 11 92 45 62
97 52 153 92 45
-24 -93
20 -66
-75 -139 -159
161 154
-94 -3 -78
-26 -28
-92 -45
-27 -139 -159 -90
-51 38 145
-18 -85 -145 -41
53 -46
9 140
-11 -92 -27
11 75 27 92 45 62
-29 5
-118 -110
1 18 58 123
125 -56
-89 -50 -8
-18 -159
112 1 133 70 56 58 155
-39 -132 -89
-128 -47
160 97 2 59
34 27 137 75 92 62
-30 80 154
-34 -62 -92 -27
34 27 11 137 75 62
-137 -45 -27
-10 -14 -94
-56 -58 -70 -44
-123 -159 -145
-88 -40
51 -38
89 50 151 72 9 8
17 66 6 79
-54 12
133 70 58 155
-47 -159 -90
71 -91
104 -155
164 -149
112 70 56 58 155 44
-41 -149
-40 -42
77 -14
-9 -140
121 -28
125 -112
-123 -85
128 162 22 87 139 47
160 97 52 92 45
-139 -85 -90
-27 -47 -148
-99 -116 -161
-123 -159 -41
150 39 91 11 62
50 147 151 72 89 109 9
81 132 21 59 61
-27 -159 -148
-90 -72 -5
81 147 86 39 89
-42 -66
112 1 56 155 44
-52 -45
1 18 58 123 110
-137 -11 -92
-138 86 39
-144 -118
-123 -159 -145 -41
-75 -47 -90
-48 131 42
66 6 79
1 133 70 56 155 44
34 75 92 45 62
-93 -46
148 85 90 75 27 139
-129 -56
-75 -159 -148
-97 -36
3 149 41 63
40 42 131
-36 -12
-147 -50 -72
137 34 117 73 26
1 18 123 110
147 151 8 89 109
-137 -62 -92 -75
81 147 132 86
-153 -92 -160
-102 19
1 18 110 58 123 14
-89 -151 -72 -9
-89 -151 -8 -9
-68 -38 -135
-7 92 45
25 -128
-74 -144
68 133 70 37 120 143
34 137 75 92 45 62
-41 -3 -63 -17
-137 -92 -27
-79 -66
-147 -72 -9
-105 75 27
-73 -28 -153
-18 -145 -149
17 103 79
-89 -72
-18 -159 -38 -149
94 3 78
-73 -130
89 147 151 72 9 109 8
81 2 132 59 61
-97 -59
1 133 56 155 44
-130 -37
1 133 70 58 44
-137 -11 -45 -75
-75 -139 -159 -148
-28 -143
-61 -59 -21
142 -78
-162 -50 -40
-84 -154
-80 -154
-139 -47
130 153 52 73 26
1 133 56 58
-139 -162
112 133 70 56 58 155
-61 -81 -59 -21
-27 -47 -159 -90
-89 -72 -9
141 -47
113 -129
112 1 70 58 155 44
-33 151 50
19 35 124 63
-43 -129 -61
4 149 41 79 63
-100 10 118
-73 -130 -52
-91 -62 -39
-56 -133 -155
-75 -47 -159 -148
20 -6
19 35 4 63
-34 -45 -27
141 -139
-114 -93 -22
75 148 85 90 27 139 47 159
-89 -50 -72 -109
-120 -68
40 42 88
-128 -47 -162
-5 -12
-79 -66 -103
-8 -72
-74 -43 -118
-89 -8 -9
17 66 79
-93 -110 -94
-19 -103
144 24 74
34 27 137 11 45 62
51 -145
-56 -1 -133 -44
17 3 149 41 63
-10 -46 -110
13 -85
-74 -24
-144 -43
-26 -28 -153
-94 -78
112 1 70 44
128 114 24 93 46
147 151 8 89 109 9
35 4 19 124 63
-123 -38 -149
68 37 133 143
-127 -77
105 -27
-75 -27
-137 -62 -92 -27
25 -22
-46 -22
-137 -11 -75
-18 -85 -41
65 91 150
17 4 149 41 79 63
-127 -7
155 44
-117 -26 -34
34 11 137 75 27 45
-27 -139 -159 -148
3 4 63 79
-78 -66
-14 -58 -18
34 137 75 27 92 45 62
112 133 56 155
-123 -145 -149
1 18 14 123 110
144 10 118 74
90 148 5
63 3 149 79
-10 -93 -110
-123 -85 -145 -149
-110 -14
-108 87 162
66 6 103
-116 -161
112 1 133 70 58 44
-85 -149
-18 -159 -145 -149
-49 -141
-81 -21
-61 -81 -59
-163 -67
162 50 87 40 151
-65 -26
-27 -139 -85 -90
67 -132
-85 -38 -41
17 3 4 149 63
106 -88
-46 -14 -94
-62 -92 -27
-18 -85 -38
-34 -11 -45
1 133 70 56 58 44
148 85 75 139 159
-65 -91
-61 -59
-147 -151 -72
-75 -47 -85
-22 -139 -87
-95 21
163 -94
19 4 124 63
-150 -11 -39
-52 -45 -160
-147 -50 -9
50 147 72 89 109 9
81 147 39 89
17 149 79 63
-41 -63 -79
-131 -42
98 -97
-147 -151 -72 -9
-147 -50 -72 -109
83 -135
82 -35
-24 -22
-153 -45 -160
34 11 137 75 27 92 62
-123 -85 -38
1 133 58 155 44
-11 -45 -27
-27 -47 -85
112 1 70 56 58 44
-78 -42 -66
112 133 70 56 44
17 3 41 63 79
-75 -159 -90
-139 -159 -90
-60 37 143
-89 -72 -109
-144 -43 -118
119 -90
-149 -3 -4 -79
-65 -73 -34
148 85 75 139 47
34 117 73 26
-150 -91
-142 -115
1 133 58 155
-34 -137
-68 -145
-149 -4 -79
3 4 149 79 63
-151 -8 -9
147 151 8 109
-32 117 65
-75 -85 -90
34 11 137 75 27 92 45
34 137 75 11 92 62
-123 -38 -41
-78 -131 -66
112 1 133 70 56 155
17 66 6 103
-144 -43 -10
97 2 36 59
112 1 70 58 44
-118 -93 -14 -94
53 -93
112 133 70 155 44
43 129 61
81 147 132 86 39 89
-22 -47
147 151 8 9 109
144 74 43 118
66 131 6 42
-36 -99
-41 -3 -4 -79
-101 -107
1 133 56 58 155 44
-163 -156
-21 -140 -116
-77 110 14
144 118 10 43
145 68 84 38 135
160 97 52 153 45
-85 -38 -149
138 -39
-163 -141
148 85 90 75 139 47
-50 -72
34 137 75 27 92 45
75 148 85 90 27 139 159
-68 -145 -135
-42 -6
118 14 94 110 93 46
-141 139 47
-75 -47 -85 -90
-35 -63
-150 -11
81 132 86 39 89
-10 -93 -110 -94
-18 -145
-137 -11 -45
34 11 137 75 27 45 62
1 110 58 123 14
-10 -46 -94
-56 -58 -155
-27 -139 -85 -148
-89 -50 -72 -9
-147 -89
80 154
65 34 117 73
-50 -72 -109
-22 -162
-68 -135
-107 4 63
50 147 151 8 89 72
-50 -88
11 137 27 92 45 62
-122 1 58
107 -63
-56 -58 -133 -44
147 132 86
-36 -5 -12 -99
3 149 41 79
-112 -58 -133 -155
112 133 70 56 58
159 75 148 90 27 139 47
-89 -8 -109
-24 -46 -128
-149 -63 -17
-74 -118
158 -17
-89 -50 -8 -9
-135 -154
1 56 58 155
17 3 4 63 79
-128 -87
1 133 56 58 44
66 6 103 79
-147 -151 -9
-159 -38
-164 41 149
85 90 75 27 139 47 159
130 153 52 73 26 28
50 147 151 8 89 109 9
-149 -3 -63 -17
34 75 11 92 45 62
-27 -159 -90
1 133 70 56 58 155
128 162 87 139 47
112 133 56 58 155 44
148 85 75 139
-27 -139 -85
-65 -137
75 148 85 90 139 47 159
-120 -38 -135
72 90 148 5
-153 -97
-65 -150
-18 -159 -38
50 147 151 8 89 72 109
112 1 56 58
17 66 103 79
-114 -46 -128
-52 -92
-11 -86
130 28 143
34 137 11 92 45 62
-39 -81
-118 -93 -94
-159 -149
-68 -84
50 147 151 8 72 109
3 4 149 41 63
-120 -145 -135
-57 62 11
56 58 155 44
-85 -145 -41
17 3 149 79
19 4 63
-18 -85 -149
-14 -1 -18
112 1 70 155 44
-162 -50 -88
112 1 133 56 58 155 44
-137 -27
-47 -159 -148
-49 147 89
-137 -11
37 70 133 120 143
102 -19
164 -41
-102 -146
3 4 41 63 79
-137 -11 -92 -27
1 133 70 56 58
7 -45
-76 18 123
-117 -73 -137
-24 -93 -128
-11 -45
-124 -35
81 132 86 39
1 56 58 155 44
65 34 117 137
37 70 133 120
-78 -42 -6
34 75 11 92 62
-109 -9
-70 -133
-144 -10
-118 -94
-91 -39
-99 -116
112 1 70 56 58 155
-128 -162
162 50 151 40 88
17 3 4 149 41 79 63
-65 -26 -137
-159 -90
112 1 133 56 58
-135 -84
157 -26
112 1 70 56 155 44
-159 -145 -149
-23 74 144
-20 6 66
-31 114 24
112 1 70 56 58 155 44
-18 -159 -145 -41
64 -153
-56 -1 -70 -155
148 85 90 75 139
-143 -70 -120
-105 -77
107 -4
65 34 117 73 26
112 56 155 44
-157 73 26
64 -52
147 151 8 89 72 109
-118 -93 -110 -94
73 65 34 117 137
50 147 151 8 109
105 -75
36 5 12 99
138 -86
49 -89
-73 -28 -52
-162 -151 -88
-61 -132 -2
-17 -79
-110 -58 -123
-34 -11 -92 -27
-118 -46 -14
-61 -132 -21
-22 -139 -162
-89 -9
11 137 75 27 92 45
145 68 84 38 135 120
-162 -151
112 133 70 58 155 44
-149 -3 -4 -17
-26 -52
-2 -59
66 131 42 78
-143 -68
148 90 75 27 139 47
147 151 8 9 72 109
98 -160
-119 148 90
-96 3
-150 -62 -39
-87 -151 -40
-148 -72 -5
65 137 26 34
108 -87
-27 -47 -85 -90
-160 -97
-14 -58
134 -34
-24 -46
17 4 41 63 79
89 81 86 39
1 133 70 56 155
-153 -52
-36 -12 -99
-11 -27
-153 -45 -97
112 1 56 58 155
-47 -90
1 70 56 58 155 44
-118 -14 -94
126 -109
58 155 44 133
99 116 161
-52 -97
145 68 84 38 120
-124 -63 -19
-50 -9
-37 -133 -68
17 3 149 41 79 63
126 -9
-79 -6 -103
100 -118
-130 -52
148 85 27 75 139 47 159
120 37 70
-138 -53
-64 153 52
60 -37
-47 -85 -148
34 27 137 11 92 45 62
-89 -50 -109
148 85 90 139 47 159
-130 -153
-62 -39
-140 -116
54 -12
-95 -13
-118 -46 -14 -94
-150 -62 -86
-137 -62 -27
145 68 84 135 120
-100 -57
101 -99
-159 -145
-95 -96
18 58 123 14
-85 -159
68 133 70 143
-118 -46 -110
-40 -131
-89 -50 -9
-24 -128
34 75 92 62
-113 129
-90 -72
8 148 5
128 114 22 24 93 46
80 84 154 12
65 137 73 26
18 14 58 123 110
-128 -47 -87
112 1 133 56 155 44
-34 -11 -45 -27
115 -140
-125 112 56
-149 -3 -63
137 34 117 73
-26 -153
133 70 56 58
-93 -14
160 97 2 36 59
-18 -149
-18 -85 -145 -149
-84 -12
-59 -21
148 85 75 27 139 159
146 -161
152 -120
-133 -68
112 56 58 155 44
-26 -137
160 97 36 59
-143 -133 -68
30 -80
-159 -38 -149
89 50 147 151 72 9
-34 -45 -75
-132 -2 -21
-123 -41
-27 -85 -90
72 8 5
133 70 56 58 155 44
-97 -2
-27 -85 -148
-110 -58 -18
-39 -89
69 -36
-45 -27
-90 -8 -5
-134 34 137
72 90 148
17 4 149 41 63
-4 -63
-61 -81 -21
148 85 90 27 47 159
-86 -81 -89
-143 -133
-46 -110
-91 -86
50 147 151 8 89 109
-112 -1 -133 -155
50 147 151 89 109 9
-123 -85 -38 -41
104 -44
-142 78
50 147 8 89 72 9
-89 -151 -8 -109
-26 -130
112 1 133 70 56 58
-162 -88
-18 -159 -38 -41
50 147 8 72 89 109 9
-110 -1 -123
68 37 70 120 143
15 -116
147 132 86 39
-152 120 68
-123 -85 -41
-64 -113
-24 -46 -22
-81 -2 -21
85 90 75 27 47 159
-14 -123
121 -130
-130 -143
-143 -70 -68
-65 -73 -137
72 90 5
-27 -47 -159
-158 -15
-145 -135
-10 -93 -14
56 58 155 133
-61 -81
68 133 70 120 143
148 85 90 75 139 159
-18 -159 -149
-12 -99
-106 88 40
85 27 75 139 47 159
-97 -59 -36
-26 -130 -153
68 37 120 143
-137 -62 -75
-84 -12 -154
-46 -14
-92 -97
-159 -145 -41
-147 -72 -109
17 3 4 149 79
72 8 90
33 -151
-78 -42
-10 -46 -110 -94
-123 -85 -145
86 39 91 11 62
112 1 133 58 155 44
-34 -62 -27
81 147 132 86 89
-73 -130 -153
68 133 70 120
-3 -78
152 -68
130 52 153 26 28
4 149 79 63
-149 -3 -63 -79
-37 -133 -120
81 147 132 89
-164 -29
-150 -39
-91 -62 -86
-52 -92 -97
-69 -51
23 -74
17 4 149 41 79
80 84 135 154 12
-13 85 159
-26 -130 -52
1 58 155 44
-34 -11 -45 -75
-137 -62 -45 -75
147 86 39 89
-36 -5 -12
-121 28 130
-21 -116
-6 -66
-104 -51
50 8 72 89 109 9
18 14 123 110
-18 -85 -145
112 1 133 70 58 155 44
137 34 73 26
-89 -151 -72 -109
