-75 -8 -105
115 70 71 25 13
-99 -100
55 57 93 9
-79 -13 -38
-25 -70 -115
-95 -21
112 65 18 29
-103 -69
64 1 100 54 56
32 8 29
18 116 37 74 108
-12 52 7
-30 -11 -71
-74 -65 -108
-85 -87
48 98 64
-48 -4
-88 -55
97 115 70 25 13
-115 -95 -41
19 116 37
-55 -93 -9
-86 -87
-6 -61
-65 -18
52 61 95
99 102 22 40
-4 -87
-102 -40 -99
-105 -18 -108
52 61 6
-47 86
-99 -75
64 1 56 100
115 70 71 28
112 57 35
46 -4
50 11 79
-99 -56 -75
73 -23
65 18 116 105 74 108
-55 -93 -85
-109 104 38
40 16 99
91 -74
-108 -36 -60
-105 -65 -116
-61 -36
99 102 40 106
-57 -9
40 106 102
51 -27
25 52 97
99 102 22 40 106
-94 -32
-28 -97 -70 -115
115 70 71 25 28 13
116 38
16 102 22 40
82 -40
-24 1 54
-54 -100 -64
65 37 105 74 108
-29 -65 -35
104 101 38
8 105 74 17
-32 -29
-63 17 75
-16 -99
-3 8
-58 22 102
97 70 25 28 13
97 69 25
-35 -57
17 99 100 56 75
-92 -62
97 52 7
109 -104
64 56 100 54
97 70 71 25 28 13
-72 -11 -28
31 -43
80 -85
107 -16
112 18 35 29
64 1 98 100 54
106 99 102 22
11 28 30
61 7
61 6 7
16 99 40 106
-29 -112
11 28 71
65 18 116 37 74
-20 -86
27 52 69
-55 -57 -9
71 72 11 28 30
6 95 7
10 22
65 116 37 105 74 108
-79 -70 -38
97 70 25 13
78 -20
97 27 69
-66 71 28
112 57 93
-32 -8 -29
104 37 38
104 116 37
97 70 71 25 28
65 18 37 105 74 108
8 17 105
34 -93
27 69 103
97 115 71 25 28
3 -8
-28 -25 -70 -115
97 115 70 25
32 30 10 94
28 30 71
45 4 20
25 28 13 70
38 70 104 13 79
64 1 98 54
27 23 103
115 95 21 41
64 98 48 84
-71 -97 -70 -115
-72 -30
-79 -70 -104
111 -32
-14 21
5 -115
-74 -65 -116 -108
-64 -21 -48
-39 72 30
-74 -18
48 98 64 21
-70 -38
97 115 70 71 28
-49 13 70
-13 -38
-74 -18 -116 -108
55 88 57 9
-55 -57
-15 60
72 11 30 71
-99 -56 -17
27 69
25 27 69
107 -99
-115 -21 -41
110 -6
-50 -11
-38 -116 -101
-93 -57
-2 113
113 41 55
52 7
48 64 84
33 -19
-74 -65 -116
-30 -32
-99 -100 -75
-10 -72 -32
16 99 102 22 40
88 41 113 55
82 -106
102 22
-9 -43
-100 -17
-94 -30 -32
16 17 99 100 56 75
116 37 38
27 69 7
47 -86
25 52 7
-41 -55
16 102 22 40 106
40 106 99
-53 108
56 98 100 54
97 52 69
18 116 37 105 74 108
40 50
64 1 100 54
-95 -21 -41
-112 -93
4 87
-16 -100
1 100 54 56
-54 -100 -98
-73 23 103
-109 -14
70 71 28 13
25 28 70 71
85 55 88 9 93
101
-23 -54
16 99 100 56 75
-108 -36
-105 -18 -116 -108
64 1 98 100
48 64 21
67 -79
37 116 101
-80 85 9
48 4 45
16 99 22 40 106
-30 -28
-28 -70 -115
-86 -9
-34 93 57
-32 -8
-113 -20 -86
-114 29
64 98 56 54
-79 -70
97 115 70 25 28
-41 -113 -55
64 98 100 54
65 18 116 37 105 108
-88 -57 -85
66 -71
-1 -100 -64
-86 -9 -87
16 99 102 22 40 106
38 70 104 79
97 27 7
-105 -116 -108
66 -28
19 116 38
40 106 99 22
115 71 25 28 13
83 -48
64 98 54
26 -64
-17 -75
-68 50
115 70 25 28 13
65 18 116 37 105 74
17 74 75
48 98 84 21
85 55 88 57 93
77 -100
-92 41
104 19 38
38 70 13 79
25 7
-30 -11 -28
-115 -95 -21
45 84 20
56 100 54
76 -37
34 -57
16 102 40 106
-63 -49
97 115 70 71 28 13
-103 -54
-33 -78
-105 -65 -37 -108
8 17 75 105
-89 -90
80 -9
-50 -79
-5 115
65 18 105 74 108
-27 -25 -7
85 55 57 93 9
61 95
48 20 84 4
48 64 84 21
-55 -9
115 70 28 13
-105 -65 -116 -108
-69 -27
-36 -60
39 -72
-11 -79
-59 10 94
-40 -50
64 1 98 54 56
-9 -87
-82 106 40
115 70 71 25 28
-113 -86
16 99 102
-85 -9
-29 -18 -35
16 99 102 40 106
65 18 116 37 74 108
77 -56
-51 69 27
59 -94
-50 -11 -79
-28 -25 -70
-76 37 116
-84 -20 -4
116 37
116 37 105 74 108
104 19 37
64 1 98 100 54 56
-5 -3
8 17 74 75
16 99 102 106
102 94
85 87 9 43
-115 -41
-44 95
16 99 102 22
-18 -116 -108
112 65 18 35 29
97 71 25 28 13
-105 -18 -37
-79 -38
99 102 22
97 115 70 28 13
85 86 87 9 43
-115 -95 -21 -41
-74 -18 -116
8 17 75
96 -11
-29 -18
-79 -13 -104
65 18 116 105 74
81 -25
114 -29
-7 -95 -61
1 100 54
-1 -54
65 18 116 37 108
58 -22
31 -87
24 -54
-65 -112
-88 -57 -9
-23 -27
97 115 71 25 28 13
-75 -74
49 -70
23 54 103
36 61
64 98 100
-54 -56 -64
-84 -48
52 69 7
115 71 25 28
64 98 56 100
61 6 95
112 65 18 35
48 20 4 84 45
-95 -41
-83 84 48
48 4 20
48 84 4
-96 11
-88 -93 -9
58 -102
-81 97 25
-16 -100 -75
19 37 101
97 115 70 71 25 28 13
-22 -102
12 -7
-71 -25 -70 -115
-107 -96
-41 -113 -88
55 88 57 93
-29 -65 -112
85 88 9 93
97 115 70 71 25 13
-18 -37 -108
-28 -25 -13
73 -103
1 98 100 54 56
40 16 99 102
109 -38
-86 -85 -43
-17 -8 -74
-10 -30
64 100 54
-74 -116 -108
91 -105
12 -52
61 6
-86 -85 -87
8 105 74
90 -36
-99 -56
40 106
-18 -116
-74 -65 -37
-74 -18 -37
-21 -41
65 116 37 105 108
40 99 102
-98 -21 -48
-74 -116
97 70 71 28 13
92 -41
-103 -27
37 101 38
-100 -75
-107 -73
63 -17
64 1 98 100 56
48 64 98 84 21
97 71 25 28
-115 -21
83 -84
-106 -40
15 -60
85 88 57 93
-10 -94
39 -30
44 -95
-107 16 99
-16 -100 -17
-19 -101
-74 -65 -37 -108
-28 -25 -115
98 84 21
60
-28 -25 -13 -115
81 -97
-98 -64
48 84 20
38 70 104 13
-37 -116
65 18 116 74 108
64 1 54
70 71 25 28 13
64 56 100
19 101 38
-99 -100 -17
55 88 9 93 57
-35 -112
-16 -75
-47 -15
-74 -37 -108
-105 -18 -116
-91 -14
16 99 102 22 106
89 -112
18 116 37 105 74
-56 -75
-99 -17
-90 36
30 72 10 94
-56 -100
-16 -56 -17
85 55 88 57 93 9
116 101 38
116 101
115 70 71 28 13
-23 -103
25 97
45 4 20 84
97 115 70 71 25 28
-108 -60
-78 20
40 102 22
27 52 7
51 -69
102 22 40 106
-28 -97 -13 -115
42 -55
-110 6 61
-8 -29
-10 -30 -32
97 115 70 25 28 13
25 28 70 97
-64 -48
-113 -20
-71 -28
48 4 45 84
32 30 72 10 94
52 95 7
72 11 30
43 45
-13 -70
115 70 25 13
85 57 93 9
-29 -18 -112
-28 -97 -70
-111 32
53 -108
-42 88 55
-55 -57 -85
18 116 105 74 108
85 55 88 57 9
17 8 105 74 75
52 61 7
-42 -90
59 -10
68 -50
48 84 21
63 -75
-31 43 87
89 -35
72 11 28 30
-94 -72
26 -98
25 27 97
14 -21
-65 -116 -108
24 -1
65 37 105 108
-70 -104
108 36 60
-62 65 18
46 -45
57 85 9 55
104 38
-105 -74
4 45
-43 -87
-89 35 112
16 17 99 100 75
88 113 55
-115 -95
105 74 75
49 -13
113 20 86
25 27
-94 -72 -32
-67 79
1 98 100 54
8 105 74 75
-102 -106 -99
-64 -21 -84
72 11 28 71
115 70 25 28
-74 -18 -37 -108
2 -113
85 55 88 9
19 116 101
-26 98 64
19 101
27 7
-48 -20 -4
76 -116
-71 -25 -13 -115
-86 -9 -43
-52 -7
-105 -18 -37 -108
85 55 88 93
-46 45 4
72 11 71
-67 -77
8 74 75
43 87
88 85 93
10 94
97 115 70 71 25
42 -88
25 27 7
33 -101
-59 -73
25 69 7
-97 -25
97 70 71 25 13
-16 -56 -75
-53 -2
71 11 28 30
48 20 4 45
-112 -57
64 98 84 21
64 98 21
7 61 95
104 116 38
85 86 87 9
104 19 101
104 116 101
52 6 7
32 30 72 94
48 45 84 20
-103 -1
110 -61
72 28 30
72 28 30 71
97 25 7
65 18 37 105 108
62 -18
65 18 116 37 105 74 108
-102 -94
-18 -112
-71 -25 -70
-113 -55
1 54 103
88 41 55
64 1 56 54
85 88 57 93 9
-104 -38
-74 -18 -108
-45 -4
-102 -40 -16
-75 -8 -74
-48 -20 -45
-91 105 74
-33 19 101
97 115 25 28 13
105 74 75 17
-111 -81
101 38
-114 -44
-77 56 100
-22 -40 -99
86 87 9 43
-94 -30
64 98 100 54 56
25 27 52
-18 -35
97 115 25 28
62 -65
-68 -73
95 7
40 16 99 22
