94 -153
-118 225 98
-199 -160 -20 -56
226 220 135
110 178 19 190
23 -56
96 48 168
-182 -14 -9
-82 208 74
152 105 20 126
-14 -9
-183 -25
97 187 69
-102 -136 -193
41 -214
-161 -68
81 97 154 187
96 129 224 208 8 169 24
-132 228 102
76 174 86
226 220 140
181 174
160 134 232 42 125
217 49 143
-102 -204
-79 -197 -13
-178 -143
160 67 199 56 126 206
-64 -223 -170
160 67 20 232 126 206
128 48 235
-150 -108 -40
144 65 218 193
-102 -204 -193
96 224 168
-201 -42 -232 -55
160 133 134 55 201 42
-11 -130 -69
200 -39
177 -86
129 235 187
-67 -160 -126
-55 -12 -222
-81 -49 -217
160 133 55 232 201 42 125
226 135 153 220
-221 -146
-55 -192 -148 -138
192 226 39 135 153
160 67 20 199 56 126
-120 -190
96 129 208 24 74
-83 227
-169 -78
130 163 196
-223 -109 -133
-19 -178
127 -142
-44 -197
-124 -173 -159 -176
-8 -169
-106 -229
-186 -54 -37
228 103 230 102
97 202 187
217 98 225
-182 -14
228 102 103 123 207
24 129 163
197 138 44 222
-2 -53
234 142 174
-96 -8 -74
-193 -65
192 148 134 39 138 12 222
69 181
160 67 20 126 206
25 145 227 165
217 66 143
-40 -75
-32 -44 -150
-79 -44 -150
100 141 214
-97 -187
225 181 86
133 55 42 125
-55 -192 -222
148 59 12 206
88 -76
160 133 134 55 232 42
220 135 42 188 125
192 148 55 134 39 222
148 134 55 138 12 222
32 64 215 139 223
-162 92 14
-123 -230 -102
-32 -214 -197 -13
16 -13
-26 105
188 54 42 220 125
114 130 69 202 234 11 142
97 187 69 181
160 133 201 42 125
174 181 86
-72 -28 -207
160 133 232 201
-173 -159
-67 -160 -126 -206
18 229 214 79
96 168 176
-67 -232 -206
96 129 224 208 74
81 202 187 154
-55 -12 -138
-96 -169 -24 -208
-99 -147
83 -227
81 181 86
234 174
-168 -84
-139 -109
179 150 7 40 108 13
-229 -214 -18
179 7 40 108 13
81 154 69
202 187 69 86
-215 -10
186 53
-32 -79 -150
160 67 199 232 126
-8 -129 -74
160 133 55 232 201
133 55 232 201 42
36 5 119 136 106 204
81 97 202 187
-190 -110 -19
182 9 14 111
-134 -12 -222
24 129 97
-208 -179 -209
-170 -79 -44 -13
226 140
160 67 199 232 56 206
-70 -51
234 68 76
-203 -209 -92
167 -65
-78 -110
192 39 135 220
-211 -90
97 154 69 181
-19 -143
175 -11
96 129 8 169 24
-170 -79 -13
154 187 69 181
228 230 103 123
-3 -119
192 226 220 39
81 154 181 86
192 39 135 153 220
130 114 196 69 202 11 142
-134 -39 -148 -222
192 153 39
-224 -169 -129
5 229 137 106 141
220 135 42 188
48 128 176 224 168
225 98 181
-68 -234 -174
130 114 196 69 234 142
-176 -168 -48 -224
96 224 208 24 169 74 8
156 -191
-130 -234 -202
-81 -143 -66
149 -9
192 148 55 12 222
-75 -92
-94 153
-170 -79 -197 -150
36 119 136 106 204
186 188 37
-125 -42
-122 183 109
114 130 196 69 234 11
-39 -192
71 -168
-199 -160 -126
134 232 201 125
129 235 163
81 202 69 154
130 114 202 234 11 142
-67 -160 -20
130 114 69 202 11 142
161 148 56 59
-136 -65
-15 -73
-69 -187 -181 -81
130 114 196 202 234 11 142
81 154 217
-167 193 65
-56 -12 -59
81 187 181
122 -183
81 69 97 181
160 134 55 232 201 42 125
-170 -214 -197 -13
226 135 153 140
32 197 214 170 44 13 79
210 -32
160 133 134 42 125
1 -138
43 -106
-11 -114
217 98 66
-232 -126 -206
160 67 20 232 56 126
67 20 199 232 126 206
-228 -65
98 181
202 69 181
129 163
192 153 220 135
192 55 134 39 12 222
-109 -133
192 148 134 39 12 222
128 235 196
160 67 199 126 206
144 65 193 120
160 56 20 199 232 126 206
208 129 8 169 74
115 -20
1 -222
-55 -192 -12 -138
-62 161
144 121 218 58
-206 -148 -161 -59
-186 -53
-189 -146
155 -54
-25 -145
166 -3
192 55 39 138 12 222
129 187 97
192 226 135 153 220
25 227 165
-170 -214 -44 -150
130 114 196 69 202 234 11
96 48 168 176
81 154 66 143
160 67 199 232 126 206
192 140 153 220
-77 205
-137 -120 -190
-96 -129 -74
4 -8
-67 -232 -126
-235 -163
100 229 214 141 79
-106 -137 -229
-74 -179
130 114 196 69 234 11 142
123 28 207
-138 -222
-210 -87
-136 -106
-5 -229
160 67 20 199 232 56 126
48 163
160 67 20 199 232 206
-32 -214 -13
160 42 134 55
160 67 20 199 56 126 206
-21 224 96
-88 -146
130 114 69 202 11
225 98 86
-114 -130 -202
-173 -159 -176
202 187 69 154
192 226 220 135
124 173 159 176
9 92 14 111
56 59 12 206
-12 -161 -59
160 67 20 56 126 206
32 197 214 150 170 13 79
-13 -108
-205 -84
48 130 235
37 54 186 188 191
140 226 220 135
-170 -214 -13
192 39 135 153 140
-16 -31
-223 -170
-199 -67
-137 -190
226 140 205
-214 -197
-141 -214 -18
-105 -68
100 229 214 141
129 187
-29 128 48
-215 -172
-96 -129 -208
140 226 135 153 220
-224 -8 -24 -74
-138 -44 -30
-102 -193
160 134 55 232 125
-32 -79 -197 -150
-72 -207
-190 -110 -178
160 56 199 232 126 206
-207 -230 -102
-58 -203
81 69 86
192 220 39 153 140
88 -174
-30 -58
192 226 39 135 153 220
161 148 12 206
132 -102
153 137 120 190
-96 -24 -74
-32 -214
-139 -109 -133
146 -120
130 114 196 234 142
-133 -125 -160 -55
150 7 40 108 13
-20 -126
-13 -7 -40
160 133 134 201 42
161 56 12 206
118 -98
230 103 123 207
81 202 69
114 69 202 234 11
-124 -173 -159
226 205
130 114 69 234 142
-144 -58 -121
-170 -197 -13
-152 -20 -105
207 123 102 103
192 148 134 55 138 222
96 129 224 169 74
208 129 224 8 169 74
-224 -8 -129 -74
154 187 69 86
-22 218 144
96 129 224 24 169 74
-194 230 103
-203 -75
42 188 125 54
-98 -217
-192 -12 -138
67 20 56 199 232 126 206
67 165 183 25 109
228 102 103 230 207
209 203 75 14
-61 -87
-139 -32
-144 -121
107 -119
96 224 128 176
48 224 128 176
178 19 190
-184 190
-54 -191
-84 -169 -78
24 97 187
175 -114
-18 -108
148 55 138 12 222
81 202 181 154
192 140 226 135 153 220
228 102 230 123 207
81 154 97 86
96 129 208 24 8 74
-171 84
202 187 69
96 224 8 169 74
-133 -42 -160 -134
-196 -130
3 85 10 172 45
50 -68
130 114 69 202 234 142
192 220 39
159 114 11 103
160 56 232 126 206
-36 -136 -5
-57 58
-202 -69
-193 -144
91 -59
-188 -54
202 69 86
-17 -121
103 230 102 207
97 202 187 181
160 133 134 55 42
-108 -40
160 42 133 55
161 148 56 59 12 206
130 196 69 202 234 11
-21 -146
98 76 174
-25 -227
160 133 134 55 201 42 125
-182 -92 -111
67 20 56 232 126 206
-170 -214 -197
60 -178
234 68 174
80 -42
133 201 139 109 223
-201 -133
96 208 8 169 74 24
24 129 235
160 133 232 201 125
-170 -214 -197 -150
-92 -111
-36 -136
202 187 69 181
185 -203
-54 -125 -220
-58 -121
229 137 106 141
96 129 8 169 74
208 209 40 74 75
133 232 201 42 125
-42 -160 -55
-32 -79 -44 -150
-208 -40
54 135 42 220 125
-5 -106
160 134 55 201 42 125
-35 17 121
188 53 54 191
128 48
-179 -40
161 59 12 206
96 224 48 168
211 -220
231 -179
-13 -7
205 226 37
78 110
228 103 230 102 123
-96 -169 -24
112 -209
81 187 69 181
-210 -71
160 133 232 201 42 125
-64 -172
-3 -173 -36
96 129 208 24 169 74
-11 -130 -234 -69
160 133 55 201 42 125
-204 -106
60 -19
-95 -124
-140 -226
-32 -214 -44 -150
-168 -48 -96
-77 -151
192 148 55 39 138 12
55 134 39 138 12 222
160 133 201 42
153 226 220
81 66 217 154 143
-114 -130 -234
-65 -120 -218
37 191
187 181
228 102 103 230 123 207
-11 -130 -234
23 -206
-59 -203
87 -45
192 140 226 39 220
192 153 220 39
-150 -7 -40
18 100 214 141 79
-170 -32
82 -208
134 55 232 201 125
154 187 69
159 114 230 103
6 -44
49 66 217 154 143
-176 -168 -128 -96
81 66 49 154 143
81 202 181 86
21 -224
133 134 232 201 125
-119 -136 -106
-228 -102
-54 -42 -135
-114 -142 -69
-36 -106
153 220 135
133 55 201 42 125
-119 -106
-233 -57
130 114 196 202 234 142
81 97 187 181
-124 -176
192 140 39 135 220
4 -169
96 129 224 208 24 169 74
39 135 153 140
226 140 37
-222 -44
-145 -28
-214 -197 -13
65 228 102 136 204
114 230 103 11
228 230 123 207
-89 2
81 154 143
81 202 187
-182 -111
202 181 86 154
-218 -58 -17
-210 -89
160 42 125 55
160 232 67 199 56 126 206
-41 214 79
-138 -197
-150 -108
160 133 134 55 232
72 123 207
144 121 218 17
-11 -130 -142 -69
-139 -183 -201
-104 24 129
142 68 174
-219 196 130
149 -111
-218 -144
-215 -223
-80 125 42
-195 139 223
89 -2
-34 123 207
154 69 181
81 202 187 86
-18 -7
-144 -58 -17
-55 -192 -138
3 10 172 45
216 -81
-214 -79
-169 -24 -74
81 154 187 86
213 -141
148 56 59 12 206
48 163 235
90 -173
97 187 181
-142 -234
195 -223
160 134 55 232 201 125
-149 9 111
160 133 232 42
68 174
192 39 138 12 222
130 114 196 69 11 142
81 154 69 181
-59 -30 -58 -203
-210 -93
103 230 102 123 207
-229 -214 -100
-100 -108
29 -128
96 129 224 8 24 74
101 -18
180 -186
-55 -39 -12 -138
-67 -126 -56
228 102 123 207
192 153 220
160 134 55 42 125
-192 -148 -222
-79 -44
164 -217
-3 -173
-114 -196 -142 -69
-154 -81
-114 -130 -142 -202
2 95 124
192 39 135 153
160 134 55 232 201 42
234 76 174
-59 -58
-165 -67
160 67 20 56 199 232 126 206
-14 -111
48 224 176 168
209 203 75 92 14
-222 -44 -30
224 129 208 8 169 74 24
81 217 154 143
220 54 135 188 125
160 20 199 56 126 206
189 -69
81 154 187 181
96 129 208 8 169 74 24
-109 -165 -199
-74 -75
192 226 135 153 140
96 224 48 128
-45 -182
130 114 196 69 234
97 202 69 181
-224 -96
128 130 163
-96 -169 -129 -208
192 140 135 153 220
81 154 69 86
-37 -191
-156 37 191
225 98
-16 150 13
81 66 217
18 229 141 79
-32 -79 -197 -13
192 134 55 138 222
37 54 188 191
-141 -79 -18
156 -37
155 -188
-121 -9
47 -64
160 134 55 232
220 54 42 188
197 30 138 222
-233 -194
24 129
-66 -217
3 36 85 173
160 133 134 232 201 42 125
-55 -39 -222
18 100 229 214 141 79
-114 -196 -69
192 226 220 140
192 226 39 135
-223 -109
-109 -201
-56 -148 -161 -59
116 -143
81 49 143
160 133 134 55 232 201
-13 -40
133 134 55 201 42 125
-210 -151
53 54 37 188 191
-64 -139 -32
53 54 186 188 191
224 129 96 8 169 74 208 24
18 100 229 214 141
192 148 39 12 222
162 -92
160 67 20 232 56 206
-220 -226 -39 -153
-96 -169 -74
160 55 232 201 42 125
-32 -197
-100 -18
127 -234
220 54 135 188
54 135 42 125
192 148 134 55 138 12
130 69 202 234 142
130 163 235
-214 -197 -150
96 224 208 169 74
53 54 186 188
209 75 92 14
160 133 134 55 125
-43 5 106
192 148 39 138 12 222
192 148 134 55 138 12 222
133 134 55 201
-79 -18
-148 -12
6 -197
160 232 201 42 125
-25 -67
192 140 220 39
-216 154 81
-139 -109 -201
54 135 42 188 125
-206 -148 -161
-203 -75 -92
194 -230
160 67 20 199 126
-193 -120 -144
-172 -45 -3
-102 -136
166 -85
96 129 224 208 24 74
160 133 42 125
-32 -214 -44
96 129 224 8 169 24
81 187 97 86
24 187 163
3 36 85 119
-56 -12 -161 -59
-13 -179
-172 -45
192 148 55 134 39 138 12
8 169 78
-23 -51
192 134 55 138 12 222
-153 -137 -120
93 -226
38 -97
96 48 128 168
-79 -150
-225 -98
-138 -197 -30
-172 -85
81 217 143
-2 -95 -124
-196 -234 -69
81 97 202 181
18 100 229 214 79
-13 -108 -40
-165 -25
131 -176
140 226 153 220
-199 -232 -126 -206
97 235 163
48 224 128 168
-233 -151
-133 -42 -232 -55
158 -72
-114 -130 -234 -202
-208 -74
-67 -126 -206
-124 -173
-119 -204 -5
-32 -197 -13
-190 -178
97 187 69 86
-96 -169 -129
-183 -165 -67
-204 -65
160 67 20 199 232 126 206
-67 -160 -20 -206
160 20 199 232 126 206
-183 -25 -199
134 55 201 42 125
-177 86 181
-133 -125 -160 -134
-233 182
-99 152
81 154 97
-197 -30
105 20 126
134 55 232 201 42 125
-67 -160 -206
46 -133
161 56 59 12 206
203 75 92 14
-224 -169 -74
96 224 48
-199 -160 -126 -206
-152 -126
-67 -20 -206
192 55 134 39 12
-130 -142 -69
48 128 176 168
153 226 140 39
229 214 141 79
160 67 20 199 232 126
160 134 232 201 42 125
67 20 56 126 206
144 65 193 120 218
-201 -42 -160 -134
-207 -103
-67 -232 -20 -206
34 -123
-159 -176
65 193 102 136 204
-215 -139 -32
160 134 232 201 125
-87 45
-70 134 55
194 -103
220 54 188 125
-139 -223
96 224 48 176
-201 -42 -160 -55
-85 -36
-25 -227 -145
97 202 69
129 187 163
-137 -229
81 181
129 8 169 74 24
-71 168
-150 -40
49 66 217 143
160 67 20 56 232 126 206
192 148 39 134 55 12
-172 -3
192 226 39 153 140
208 129 24 169 74
-207 -230 -228
133 134 55 201 42
-91 -146
192 140 226 153 220
133 134 55 232 42
-134 -192 -222
-131 -200
151 -204
160 67 20 232 126
-147 28
117 -160
3 36 85 119 173
192 140 135 220
-45 -3
8 169 84 78
-53 -54 -191
-85 -173 -36
81 69 86 181
144 17 121 58
-223 -109 -201
96 129 224 8 169
-159 -103 -114
114 69 202 234 142
-11 -234 -69
192 148 55 134 39 138 222
-212 30
-96 -8 -24 -74
-114 -130 -142 -69
51 -159
98 181 174
72 123 28 207
67 165 199 25 109
192 226 220 39 135 140
97 202 86 154
192 148 55 138 12 222
202 181 86
-106 -137
48 128 176
160 134 55 232 201
-102 -136 -65
-11 -130 -142 -202
48 130
114 69 234 11 142
-56 -12 -161
-31 110
-224 -169 -24 -208
96 128 176 48 224 168
-145 -45
187 69 181
16 -150
192 148 134 55 12 222
-65 -120
96 224 176
-199 -160 -126 -56
225 98 76
115 -126
-215 -32
-233 -62
192 134 39 138 12 222
65 193 228 102 136 204
-25 -199
57 -58
37 186 188 191
-206 -161 -59
-64 -215
114 130 69 202 234 11
-67 -232 -126 -206
-169 -129 -74
171 -84
212 -30
154 69 181 86
226 205 191
81 49 66 217 154 143
36 5 119 136 106
-33 7 108
-134 -39 -12 -222
-166 85 3
148 55 134 39 12 222
81 202 86 154
-165 -227 -145
73 -95
98 174
130 196 69 234 11 142
129 163 97
18 100 229 141
81 66 217 49
8 169 84
97 202 187 69
181 86
-169 -129 -208
97 235 187
-170 -79 -44 -150
-134 -192 -148 -222
-36 -5
-53 -188 -37
-223 -133
-55 -192 -12 -222
81 202 187 69
130 235 196
-109 -165
81 187 69
134 55 232 42 125
-102 -65
192 226 140 39
97 202 69 86
-170 -79 -150
-200 39 192
114 196 69 202 234 142
140 226 39 220
-230 -114
160 133 55 232
-103 -102
-170 -44 -150
81 181 97
96 208 8 169 74
80 -125
81 202 187 181
81 154 86
-114 -234 -69
-67 -160 -56
81 97 202 154
220 125 54 135
-59 -30 -58
-79 -44 -13
-23 56 206
-30 -203
97 202 187 86
96 48 128
-203 -209 -14
130 196 69 202 234 142
118 -225
-139 -183 -133
-36 -204
192 226 39 135 140
49 178 143
-74 -40 -209
-220 -226 -192 -153
-224 -8 -129 -208
26 -105
-113 165 25
-1 138 222
-114 -196 -142 -202
-207 -102
-15 199 67
34 -207
148 39 134 55 138 12 222
-96 -8 -129
-191 -226 -205
-150 -13
-60 19 178
-96 -8 -129 -74
-157 10 172
114 196 69 202 234 11
192 226 140
-3 -173 -119
-112 209 75
178 19 110
-133 -125 -232 -55
-203 -14
33 -108
96 224 176 168
-54 -42 -220
67 20 199 56 126 206
81 154 187 69
32 64 215 170 223
-92 -14
134 232 201 42 125
99 -152
-65 -144
113 -25
97 202 69 154
140 39 135 153 220
-38 97 187
66 217 154 143
-145 -182
-84 -169
-61 124
186 53 54 191
64 172 215
130 114 196 69 202 234 142
192 148 134 138 12 222
-3 -36
133 55 232 42 125
121 9 111
-46 201 133
-114 -196 -234 -202
187 69
-63 -41
-74 -179 -75
-215 -223 -32
-227 -72
130 114 196 69 202 142
81 187 69 86
-134 -55
220 54 135
-206 -12 -161 -59
48 163 196
-218 -58 -121
192 226 135 140
152 105 126
140 205 191
96 48 128 176
96 224 8 169 74 24
-32 -79 -44 -13
96 129 224 208 8 24 74
133 134 55 232 201
160 133 134 55 201 125
-128 -48
-228 -204 -193
130 196 69 202 234
67 199 56 126 206
-183 -67
-107 119 36
152 20 126
-96 -8 -129 -208
187 163
133 134 55 42 125
-210 -4
-228 -204 -65
-55 -39 -12 -222
133 183 201 109 223
-130 -234 -69
43 -5
25 145 165
226 37 191
-36 -204 -5
93 -140
182 92 14 111
-233 -164
-88 76 174
-64 -223
-93 140 226
70 -55
-118 -57
-55 -192 -148 -222
-170 -214 -44 -13
192 148 138 12 222
117 -232
162 -14
18 100 229 79
27 -137
161 148 59 12 206
3 85 172 45
133 134 55 201 125
-91 -151
-109 -25 -67
-192 -12 -222
-116 49 143
-215 -139
114 130 69 234 11 142
192 226 39 153
192 153 226
97 69 181 86
-53 -191
154 187 181
-216 -57
133 183 201 139 109 223
160 133 55 232 42 125
130 114 196 69 202
192 148 55 39 138 12 222
-32 -214 -197
-224 -169 -24 -74
42 188 220 125
-229 -18
234 142
160 133 55 42 125
-215 -170
160 134 55 201 42
154 187 181 86
97 154 187 69
-63 78
-206 -12 -161
96 129 224 8 169 74 24
153 226 220 39
-7 -108
184 -190
226 191
-64 -139 -170
-119 -136
81 66 49 217 154
-32 -150
42 188 54
-114 -130 -234 -69
49 81 217 154 143
-133 -42 -55
192 226 39
37 53 54 191
134 55 138 12 222
98 76 181
114 69 202 234 11 142
-1 -104
-223 -201
160 232 42 125
208 179 40 74 75
160 133 134 55
192 153 226 135
228 102 103 207
-206 -12 -59
202 69 181 86
161 148 56 59 12
160 133 134 232 201 125
-47 64 215
96 129 224 208 8 74
76 181 174
81 154 217 66
-24 -129
33 -7
96 128 176 224 168
-171 -27
81 154 217 49
180 -53
182 9 92 14 111
81 154 187
-55 -148 -222
-11 -196 -234 -202
-55 -192 -148
-44 -13
144 65 120 218
-206 -12
160 232 67 20 199 56 206
130 114 69 202 234
-172 -45 -85
42 220 125
-221 235 163
233 -182
160 67 56 126 206
-223 -183 -201
42 220 54
208 129 224 24 169 74
130 114 196 234 11
160 67 232 126 206
98 181 86
-32 -214 -150
-114 -196 -234
97 187 181 86
-145 -28 -182
188 220 54
-4 8 169
-230 -103
2 53
112 -75
52 -148
-180 -87
-108 -179
-48 -130 -163
-174 -181 -98
5 229 137 106
234 76 142
202 69 181 154
160 133 134 55 232 125
-1 -146
-6 44 197
96 129 24 169 74
-114 -234 -202
160 67 199 56 206
202 187 181 154
97 154 187
-32 -197 -150
38 -187
133 134 55 42
31 -110
97 202 181 86
130 163
35 -121
15 -199
-96 -8 -24 -208
-46 -87
-86 -181
192 220 39 135 153 140
160 133 55 201 42
211 -135
42 220 125 135
187 181 86
-160 -126 -206
-67 -160 -126 -56
157 -172
-188 -42 -220
76 181 86
-213 141 229
-199 -232 -126 -56
-109 -25
-123 -103 -228
205 168 84
130 114 196 69 11
147 -28
130 114 196 69 202 234
-233 -146
-123 -207
-224 -129 -74
-40 -209
-74 -209
-159 -230 -11
133 134 55 232 201 42 125
-183 -109
160 133 134 55 232 201 42 125
197 30 44 222
-208 -75
37 53 186 188
81 187 181 86
-28 -207
192 226 39 153 220
192 226 220
187 69 86
-72 -28 -123
-49 -143
-156 -90
163 196 235
-159 -114
-144 -17
81 97 202 69
-233 -127
205 191
-199 -232 -20 -206
-231 179 40
-74 -40 -75
-119 -136 -5
21 -96
-85 -3
22 -218
-197 -13
-218 -121
-114 -196 -234 -69
81 202 69 86
-198 -73
160 133 134 55 232 201 42
-73 95
-64 -223 -32
-55 -39 -12
-224 -169 -129 -74
-7 -40
81 69 97 86
22 -144
-233 -177
81 154 69 97
-135 -226 -192 -153
-79 -13
140 37 191
160 20 232 126 206
144 17 58 121 218
37 53 186 188 191
-119 -204 -106
160 55 201 42 125
-206 -148 -59
148 39 55 138 12 222
140 135 153 220
18 100 214 79
198 -145
-185 203
133 55 232 201 42 125
-124 -173 -176
81 202 181
224 129 8 169 74 24
-96 -169 -129 -74
-182 -14 -111
-36 -204 -106
160 133 134 232 201
133 134 55 232 42 125
97 154 187 86
18 108 7
96 129 224 8 169 74
225 181 174
160 67 199 232 206
161 148 59 12
114 196 69 234 11 142
98 174 86
81 69 181
-133 -42 -232 -134
140 226 39 135 153 220
228 230 103 123 207
-209 -75
32 197 214 150 170 44 13 79
160 134 55 232 42 125
96 224 128 168
96 129 208 8 169 24
81 66 217 143
-222 -30
-222 -197 -30
29 -48
-223 -183 -133
133 55 201 42
-10 -45 -85
-67 -160 -20 -56
81 97 154 181
160 232 42 55
-27 137
35 -17
-124 -159
-74 -40
160 133 134 55 42 125
160 133 134 232 42 125
-46 -73
216 -154
160 133 134 201 42 125
106 5 229 141
-121 -111
42 188 54 135
192 55 134 39 138 12
96 129 224 208 8 169 74
133 134 232 201 42 125
122 -109
167 -193
-101 100 18
160 133 55 232 125
48 176 168
-228 -136 -193
-141 -79 -100
-17 -111
160 67 232 56 206
81 202 154
67 165 183 25 199 109
205 37 191
81 97 187 69
-82 -60
-201 -125 -160 -55
48 130 196
197 30 138 44 222
-229 -79
-175 -151
-117 232 160
-223 -32
-55 -39 -148 -138
-175 11 114
114 196 69 202 234 11 142
96 129 208 169 74
-15 -87
192 55 39 138 222
157 -10
227 72
96 128 176 48 168
226 39 135 153 140
148 134 55 12 222
32 197 150 170 44 13 79
-53 -188 -191
81 181 97 86
-124 -159 -176
-205 -168 -84
61 -124
-137 -120
-56 -206
-109 -25 -199
81 187 86
-204 -136
178 190 110
-94 -71
97 187
160 232 67 56 126 206
-123 -103 -102
-228 -136
-232 -160
-91 59
163 235 187
-11 -130 -234 -202
-134 -192 -12 -222
154 181 86
68 174 76
210 -170
192 226 39 135 220
133 201 42 125
-59 -30
228 102 230 123
-53 -54
-209 -14
47 -215
-228 -136 -65
-103 -114
-198 145
49 217 154 143
-32 -79
-91 -38
-184 -4
-186 -54 -191
-115 20 126
-1 -151
-52 148 12
-159 -230 -114
-136 -193
195 -139
96 128 176 168
-32 -79 -44
160 133 55 232 201 125
-203 -75 -14
-145 -45 -28 -182
-91 -219
-210 -27
36 5 136 106 204
-184 -6
-182 -92 -9
-10 -3
187 69 181 86
-10 -45 -3
-134 -192 -12
96 48 176
-176 -48 -96
-189 202 69
-9 -111
192 134 55 12 222
97 181 86
15 -67
-13 -7 -179
-135 -220
-153 -137 -190
-134 -192 -148 -138
-11 -196 -234 -69
-151 204 136
96 48 128 224 168
-152 -126 -105
81 202 69 181
226 39 135 220
160 133 134 232 201 42
-32 -44 -13
161 56 59 206
192 55 138 12 222
160 134 55 232 42
226 140 191
128 48 163
-114 -130 -142
18 100 229 141 79
-114 -130 -69
-208 -40 -75
192 226 153 220
234 68 142
-133 -42 -160 -55
-211 135 220
-210 -155
128 48 130
160 133 232 42 125
-199 -126 -206
-67 -232 -126 -56
-32 -214 -44 -13
-94 -151
54 135 42 220
-55 -39 -148 -222
-170 -79
97 187 86
160 55 232 42 125
153 226 140
-144 -58
-96 -169 -208
225 98 174
-5 -137 -141
3 85 10 172
-207 -103 -228
37 53 186 191
192 148 55 39 12 222
-53 -54 -37
42 220 135
178 19 143
48 128 168
-229 -79 -100
-173 -176
192 148 55 39 12
53 54 37 186 188 191
72 28 207
-150 -108 -179
37 54 186 188
-141 -229
-64 -32
221 -163
231 -40
53 54 37 186 191
96 129 224 24 169
-208 -40 -209
-65 -218
192 140 226 39 135 153 220
192 140 226 39 153 220
-61 -80
114 230 103 11 159
48 130 163
-170 -13
220 54 135 42 188
-2 -124
-126 -105
-153 -120 -190
-183 -165 -199
-119 -36
202 69 154
-205 -168
-109 -165 -67
160 20 56 126 206
142 76 174
-183 -133
-160 -126 -56
70 -134
46 -201
105 161 68
-51 159
161 148 56 12 206
130 114 196 69 202 11
160 133 134 55 232 201 125
67 56 199 232 126 206
-11 -196 -142 -69
-81 -143 -217
65 193 228 102 136
-178 -49
179 150 40 108 13
-30 -58 -203
192 226 220 135 140
24 235 163
-176 -168 -48 -96
18 229 214 141 79
132 -228
-13 -108 -179
53 54 37 186 188
-45 -28
32 64 215 170 139 223
77 -205
192 148 55 39 138 222
-131 176
-175 -62
-145 -45 -28
-32 -44
-79 -197 -150
69 181 86
81 154 49 143
130 69 202 234 11 142
-59 -58 -203
192 55 134 39 138 12 222
-1 -29
160 133 232 201 42
-82 -6
-229 -79 -18
160 133 134 232 42
56 148 12 206
81 187
104 -24
189 -202
160 133 134 55 232 42 125
145 45 28 182
-32 -79 -13
-5 -137 -229
-76 -174
192 55 134 39 138 222
-170 -79 -197 -13
-207 -103 -102
-75 -14
96 129 224 24 74
-150 -7 -179
-186 -188 -191
-170 -214 -150
-36 -136 -106
-153 -120
-214 -44 -150
128 163 235
-50 68
-98 -66
-133 -42 -160
82 -74
81 217 49 143
-90 173
24 97 235
-158 72
96 129 224 208 8 169
192 148 55 134 39 12 222
-159 -103
-39 -12 -222
-225 -217
-185 -116
160 67 199 232 56 126
32 197 214 150 44 13 79
160 55 232 201 42
192 153 226 140
-170 -214 -44
200 -192
97 69 181
-220 -140 -192 -153
-26 -194
-102 -204 -65
202 69 86 154
113 -165
114 130 69 234 11
-55 -192 -12
96 129 224 208 24 169
160 67 20 199 56 206
-105 -161 -68
-103 -11
-160 -20 -206
-183 -25 -67
96 129 8 169 74 24
160 56 20 232 126 206
81 154
-133 -160 -55
95 152
133 134 55 232 201 42
209 179 40 74 75
235 163
130 196 69 202 234 11 142
160 133 134 55 201
107 -36
130 114 196 69 202 234 11 142
133 134 55 232 201 125
-163 -129 -187
-170 -197
-10 -172
-210 -90
192 39 134 55 222
-170 -79 -197
-214 -44 -13
160 67 20 199 126 206
-153 -137 -120 -190
10 172 215
81 154 181
104 -129
-199 -160 -20 -206
169 84 78
-215 -223 -170
-179 -75
130 114 234 11 142
130 196 69 234 142
-74 -179 -209
-32 -214 -197 -150
-32 -13
160 133 55 201 125
18 100 214 141
100 214 141 79
62 -161
96 48 128 176 224
140 226 39 153 220
-134 -192 -12 -138
24 129 187
-224 -169 -129 -208
-233 -115
226 39 135 153 220
130 114 196 202 234 11
-85 -173 -119
96 208 224 8 169 74
52 -12
-50 -151
208 209 179 40 74 75
164 -66
97 187 163
133 183 139 109 223
81 66 49 217 143
97 154 187 181
-59 -30 -203
234 68
76 174
140 226 39 135 220
-28 -182
-170 -197 -150
42 220 125 54
67 20 199 126 206
-199 -160 -206
160 133 55 232 201 42
202 187 181
213 -229
153 220 39 135
-164 66 217
-136 -5
133 134 201 42 125
161 148 56 59 206
-222 -197
-84 -8 -78
-215 -139 -170
-170 -79 -44
128 130 196
221 -235
163 235
-220 -226 -192
130 196
96 129 208 8 169 74
225 76 174
-214 -13
192 220 135
-2 -95
25 145 227
41 -79
-146 120
192 39 153 140
42 125 54
96 224 48 176 168
219 -130
-110 -178
-95 -152
160 133 55 201
81 187 97
-154 -143 -217
-208 -179 -75
96 129 224 208 169 74
97 202 187 154
128 48 196
202 187 181 86
-45 -28 -182
3 36 119 173
192 148 134 55 12
-32 -79 -197
-79 -197
97 154 181 86
225 76 86
116 -49
-173 -36
192 148 55 134 39 138 12 222
-170 -44 -13
-145 -45 -182
-109 -67
-210 170 32
-197 -150
-65 -120 -144
-127 142 234
-106 -141
96 224 208 24 169 74
160 133 55 232 42
-193 -120 -218
-153 -137
151 -136
-223 -183
-96 -169 -24 -74
-106 -137 -141
-139 -133
188 54 135 42 220 125
59 30 58 203
-109 -199
219 -196
-155 188 54
-134 -39 -12 -138
202 69
-131 -151
-120 -144
67 183 25 199 109
-159 -103 -11
32 215 170 139 223
-153 -190
81 66 49 143
-105 -161
121 17 111
177 -181
134 55 42 125
192 226 39 135 153 140
100 18 108
123 228 230
-67 -232 -20 -56
130 114 196 234 11 142
-180 186 53
208 129 8 169 74 24
101 -100
192 55 39 12 222
81 69 97
63 -78
81 69
