67 83 106 28 30
16 33 17 70 92 63
97 39 55
-41 -3
-16 -33 -63
32 67 8 106 30
121 34 89 44
-37 14 97
-93 -77
32 8 28 30
-65 -27
-30 -110 -114
17 1 67 85 28 63
32 97 33 74 14
34 119 9 58 62
32 97 74 75 44
32 83 106 28 30
16 33 70 92
33 97 75 14
56 -85
81 34 89 44
17 1 65 85 27 28 63
101 -77
-17 -85 -67 -27
73 59 23
53 -73
1 67 85 27 28
-71 -6 -79
-92 -33 -63
121 38 119 89
16 17 70 75 92 63
33 97 74 75 14
1 65 85 27 28
32 97 14 33
114 25 106 30
-59 -73 -23
1 67 85 28 63
67 85 27 28 63
89 81 34 120 121 44
89 81 38 121
17 1 67 65 85 27 28 63
-34 -121 -81 -44
-16 -33 -17
-63 -85 -28
-104 -66
17 65 85 27 63
121 51 4 113
32 33 89 75 44 14
-58 -108 -34
-107 -102 -78
-49 -84
81 119 120 121 44
116 93 6 77
-44 -33 -32
16 4 38 92
89 81 119 120 121 44
89 81 38 119 120 121 44
81 34 119
-17 -1 -28 -27
39
32 97 74 44
80 97 100 39
10 2 87
-59 -26 -23
-11 -73
-16 -70 -63
32 33 89 74 75 44
16 121 4 92
20 95
80 97 100 39 14
2 51 4 87 58
114 25 106 110
-9 -108 -34
16 33 70 92 63
-3 -1 -90
10 59 82 103
32 89 74 44 14
89 34 38 120 121 44
10 82 47 7
121 38 113
-94 67 28
34 119 9 58 108 62
97 89 75 44 14
17 65 67 85 27 63
-87 -47
-82 -22 -11
-80 -39
120 81 121
82 10 59 47
33 89 75 44
32 97 75 33
-54 107
32 97 33 89 75 44 14
89 81 44
12 -96
121 51 4 38
-80 -97 -55
-16 -70 -33
36 6 93 78
-58 -62
7 10 59 47
116 6 77 78
-7 -102 -11
67 8 74 28 30
-7 -11
32 97 44 14
32 33 74 44
-24 -71
10 59 7
73 26 59 103
-44 -33 -14 -32
32 83 8 74 28
16 121
-17 -85 -67 -65
1 17 67 85 27 28
116 36 6 77 78
32 97 33 89 74
32 97 33 89 44
-82 -22 -96
32 67 83 8 106 30
32 8 106 30
-7 -102 -96
16 51 38
57 27 111
10 103 47 7
81 34 119 120 121
89 44 119
-58 -51
-10 -82 -59
89 34 119 120 121 44
1 90 3 85
32 97 89 44 14
32 33 89 74 44 14
32 67 83 106 74 28 30
121 38 119
32 97 89 74 75 14
-32 -28 -83 -106
-77 -114
-44 -33 -14 -74
99 -41
109 -92
81 34 121 44
32 67 8 106 28
-65 -111 -110
-21 -46
16 121 92 113
35 -82
-109 92 16
23 73 26 59
116 36 77 78
-70 -33 -63
116 78 6
32 97 33 75 44 14
83 67 106 74
16 70 92 63
-113 -41
33 97 74 75 44 14
8 106 28 30
89 74 75 44 14
-9 -62 -119
-118 120 81
80 97 100 39 55
83 8 106 30
32 67 74 106 28 30
89 44 121 119
-95 -20
65 25 57 27 110 111
34 38 119 89 44
-36 -6 -77
-61 -76
56 -1
2 51 87 9 58
32 97 33 89 14
36 93 6 77 78
19 -23
25 110 111
-58 -119
89 81 34 120 121
-72 65 27
32 33 89 44 14
81 34 119 120 121 44
32 97 33 74 75
51 4
65 25 27 110
-96 -73 -24
97 89 74 75 44 14
13 -106
90 3 85 31
96 71 24 73 26 11
116 36 6 93 78
120 34 44 119
33 17 70 75 63
32 33 74 75 44 14
-96 -71
65 67 85 27 28
-17 -85 -27
-2 -9 -51
32 83 67 8 106 28 30
116 6 93 78
33 17 70 92 63
-120 -81
16 113 92 38
16 33 17 75 63
-58 -62 -34
100 55 39
100 39 55 14
78 107 36 102
34 38 119 44
80 100 39 55
97 100 39 55
80 55 39
65 25 27 111
-56 1 85
-22 -102
89 81 38 120 121 44
-85 -90
32 97 89 74 14
33 17 75 63
32 89 74 75 44
83 67 106 74 30
-2 -87
16 33 17 70 75 92 63
17 1 65 67 85 27 63
-71 -93 -79
120 81 119
1 90 85 31
-63 -28 -65
68 -119
121 92 38
89 74 75 14
32 97 89 75 44
33 89 74 75 44 14
97 100 55
73 26 59
89 121 44 38
-87 -10
-36 -93
72 -27
-96 -73 -71
67 106 28 30
88 -3
81 34 38 119 120 44
121 44 119
-67 -28
32 97 33 74 44
-89 -75 -97 -32
16 33 70 75
-30 -25 -114
34 38 119 120 89 44
89 81 34 38 120 121
16 33 75 63
89 81 34 38 119 120 121
16 51 92 38
83 67 8 28 30
32 67 28 30
-87 -4
16 33 17 70 75
30 40 106 110
121 51 113
-4 -51
1 17 67 65 27 28 63
65 1 67 85 27 28
114 30 40 25 110
81 44 119
16 113 51 38
32 83 8 30
-41 -70
89 81 38 120 121
32 83 67 28 30
-30 -110
82 7 103 10 47
80 97 39 55 14
-99 41
1 3 85 31
112 -4
89 38 120 121 44
89 81 34 119 120 121 44
17 1 85 27 28 63
10 47 87
-106 -30
96 71 73 26 11
81 34 44 119
-9 -62 -34
-58 -108 -119
-63 -1 -28 -65
32 83 8 106 30
-63 -85 -28 -27
-69 70
34 119 120 121
113 51 4 38
-44 -97 -32
-26 -71
89 121 44
81 121 44
32 89 74 75 14
32 67 83 106 8 74 28 30
-7 -102
16 70 75 92 63
121 34 81 89 44
114 40 25 106
-9 -58
16 17 92 63
80 97 39
32 106 8 74 28 30
25 27 110
1 65 17 85 27 28
57 27 25 111
32 83 67 8 30
89 38 119 120 121 44
32 67 8 74 28 30
16 121 51 92
-119 -121 -81 -44
16 17 70 75 63
65 17 67 85 27 28 63
8 55
-71 -79
48 -100
37 -14
34 119 120 89 44
83 67 106 8 74 28 30
-17 -85 -28 -65
114 40 106 30
33 70 75 92 63
32 97 74 44 14
33 97 89 75 44
-108 -119
32 33 89 75 44
81 38 119 121
16 113 4 38
81 34 38 119 121
81 34 121 119 89
-75 -33
-52 95 20
-71 -93
81 34 38 121 44
-28 -8 -30
82 7 103 10 59
43 -9
34 38 120 121 44
20 62
103 10 59 47
-115 79
80 97 14 55
121 51
1 3 90 31
-7 -22 -11
26 23 103
120 81 89 119
-48 -76
-5 38 121
113 51 4
81 119 89 44
80 97 100 55
17 65 67 1 85 27 28
-27 -111 -25
32 83 106 8 74 28 30
81 34 120 44
36 22 107 78
49 -63
117 -114
27 110 111
81 38 120 89 44
35 -7
32 83 8 28 30
89 34 38 119 120 121 44
16 51 92
1 65 67 85 27 28 63
32 83 106 74 30
32 83 67 8 74 28
-87 -51
121 4 38 113
81 38 119 120 89
-17 -1 -28 -65
29 -110
86 -103
-119 -38 -81 -44
16 4 92
34 119 58 108 62
97 89 74 44 14
17 1 67 85 27 28 63
80 97 39 55
36 77 6 116 93 78
57 90 111
37 -97
-29 25 110
81 34 121 38 119 120 89 44
32 67 8 28 30
65 25 57 110 111
-96 -73
16 121 92 38
-58 -108
32 97 33 74 75 14
-41 -70 -3
67 83 106 74 28
-31 -111
-30 -40
-50 47 10
120 81 121 89
38 119 120 89 44
-103 -59
-19 23
33 97 89 75 14
-116 -40
16 113 51
54 -107
33 97 44 14
57 110 25 111
16 113 4 121
32 83 8 74
83 67 106 8 74 30
-90 -111
97 14 55
116 93 36 77 78
67 106 8 74 28 30
91 -111
-25 -110
121 51 38
16 33 17 92 63
2 51 4 87 9 58
1 65 67 85 28 63
-11 -26 -71
-92 -16
114 40 25 106 30
94 -28
-87 -9 -4
-119 -121 -81 -89
81 38 120 121
16 113 51 92
113 41
40 114 110 30
-27 -57 -110
-46 98
33 97 74 75 44
32 8 106 28 30
-12 11 96
32 67 8 74 28
121 51 4
25 27 110 111
16 33 70 75 63
64 -78
32 33 75 44 14
81 34 38 119 121 44
65 25 27 110 57
-62 -20
114 30 25 106 110
-2 -10
-74 -28 -83 -30
-32 -67 -83 -30
-31 -90
89 38 119 121 44
65 17 67 85 27 28
32 106 8 74 28
16 113 4 92
65 27 111
-63 -28 -27
5 -121
113 51
121 4 38
59 23 103
-78 -93 -116
89 81 34 38 121
-49 17 63
80 100 39 55 14
-96 -26 -24
-89 -33 -14 -32
-33 -97 -32
16 33 17 70 63
82 7 10 59 47
16 33 17 70 75 92
-82 -7
-2 -58 -51
64 -36
1 85 27 28 63
-114 -40
-102 -11
36 93 6 77
6 71 93 79
16 33 75 92 63
16 33 70 75 92 63
116 36 6 78
100 55
81 34 120 89 44
34 38 121 44
10 47 7
97 33 89 74 75 14
32 33 74 75 14
-11 -71
51 4 87 9 58
121 4 38 92
-115 -94
81 121 119 89
97 33 89 74 44
101 -116
29 -25
-110 -40
76 -6
1 65 67 85 27 63
33 89 75 44 14
32 83 8 106 28 30
-18 -66
78 77 93 36
-63 -85 -67 -65
-78 -36
89 81 34 38 119 121
-16 -75 -63
-60 2 87
81 34 38 121
33 17 70 63
120 121 44 38
32 8 74 28 30
-30 -110 -40
83 106 8 74 28 30
57 27 110 111
-77 -40
97 100 39 55 14
32 97 89 74 44 14
120 121 38 119
96 82 7 22 102 11
-117 114 40
-44 -33 -97 -32
32 67 83 8 74 30
-72 -46
38 119 89 44
42 -113
108 62
81 34 38 119 120 121 44
96 82 7 22 102
-74 -32
-63 -1 -67 -65
16 113
81 34 119 120 89
16 33 17 70 75 63
16 17 70 63
1 3 31
65 1 85 27 28 63
83 100
57 110 27 25 111
-44 -75 -97 -32
-63 -1 -28 -27
32 83 67 106 8 74
32 67 83 8 28
32 83 67 74 28 30
16 33 17 75 92
120 81 44 38
17 1 65 85 27 63
67 83 106 74 28 30
-2 -58
-47 -7 -59
119 9 58 108 62
33 97 89 44 14
81 34 38 89 44
81 34 38 119 89
32 97 89 74 75 44
32 67 106 28 30
-96 -26 -71
32 97 74 75 14
36 102 22 78
8 83
-84 24 71
94 -67
13 -30
-3 -85 -90
81 34 119 120 44
116 93 36 6 77
-32 -8 -30
81 34 38 119
-1 -85
73 26 23
32 33 74 75 44
73 59 103 23
-88 -53
40 114 77
-74 -67 -8 -30
89 121 34 119
33 89 74 75 44
81 119 120 44
32 67 83 8 106 28
120 81 121 119
65 27 110 111
-55 -8
66 -102
8 67 28 30
69 -70
32 83 67 106 8 74 28
66 -22
105 -83
96 71 24 73 11
90 85 31
-32 -28 -8
81 121 38 119 120 89
83 8 28 30
-32 -67 -8 -30
-10 -7 -59
-100 -55
33 97 89 44
-108 -62
32 97 33 74 75 44
83 67 8 106 28 30
-23 -98
81 34 119 121
72 -65
16 113 51 4
40 25 110 30
-48 100 55
-9 -108 -119
-85 -28 -27
-11 -96
90 3 31
60 -2
40 116 77
-11 -26 -24
32 83 67 8 28 30
-92 -70 -33 -63
48 -55
24 93 6 71
81 34 120 121 44
32 83 74 28 30
32 67 83 106 8 74 30
-76 6 93
114 30 40 106 110
-63 -1 -67 -27
90 3 85
-17 -28 -27
81 34 119 121 44
112 -51
16 121 51 38
-2 -58 -4
1 17 67 27 28 63
-64 78 36
84 -71
34 119 120 121 44
82 103 7 10 59 47
82 59 47 7
-9 -51
81 121 120 89 44
32 33 74 75
118 -120
10 103 82 7
65 85 27 28 63
32 67 74 106 30
-58 -62 -119
16 51 4 92
103 23 73 26 59
97 100 55 14
43 -58
103 23 73 26
-24 -93
-63 -85 -27
38 81 121
-17 -85 -28
86 -59
32 83 74 106 28 30
16 121 4
32 83 67 106 74
81 119 120 89 44
103 23 26 59
-116 -77
17 67 27 28 63
81 34 38 119 89 44
1 3 85 90 31
103 7 10 59 47
-63 -85 -67
89 34 38 119 121
-87 -58
91 -57
32 74 106 30
-89 -33 -97 -74
81 38 119 120 121 44
-78 -93 -77
114 40 25 106 110
121 92 113
17 85 27 28 63
17 1 85 28 63
80 97 100 55 14
81 34 38 119 44
120 81 44 121
32 67 106 8 74 28
-16 -70 -75 -63
34 38 119 120 121
32 67 8 106 28 30
-90 -57
-16 -70 -33 -17
-61 74 32
-87 -9
33 89 74 75 14
97 39 55 14
50 -47
16 17 70 92 63
-2 -51
107 36 102
-22 -96
121 113
32 74 28 30
32 33 89 74 75
1 65 67 27 28 63
-63 -1 -27
16 113 38
-101 116 77
80 39 55 14
32 33 89 74 75 14
17 1 67 85 27 63
51 4 38
81 34 38 119 120
-36 -93 -77
-103 -73 -23
116 93 36 77
41 70 3
113 51 4 92
34 38 119 120 44
67 83 8 28
114 30 40 25 106 110
-6 -93
16 121 38
1 17 65 27 28 63
23 98
81 34 38 120 121 44
121 34 119
82 103 10 59 47
107 102 22
116 93 6 77 78
-87 -58 -4
81 121 44 119
-7 -22
-34 -119
121 51 92
46 -98
89 81 38 121 44
107
113 51 92
-44 -33 -97 -74
-32 -28 -83 -30
32 83 8 28
81 34 38 119 120 89
18 -80
16 33 92 63
10 82 59 7
32 67 83 8 74 28 30
32 89 74 75 44 14
81 34 119 120
81 44 38 121
-79 -98
32 106 28 30
-71 -6
81 34 38 119 120 121
32 8 74 28
-63 -85 -28 -65
-63 -85 -67 -27
89 81 34 119 120 121
16 121 4 38
-9 -119
32 33 89 44
65 57 27 25 111
106 8 74 28 30
53 -26
20
16 51 4 38
32 97 33 44 14
59 103 7
17 1 85 27 63
65 25 27 110 111
-62 -34
65 67 27 28 63
78 107 102 22
32 67 8 28
25 57 27 110
32 67 106 8 74 28 30
38 121 92 113
81 121 119
16 92
-62 -119
32 97 33 44
34 38 119 121
32 33 89 74 44
82 7 103 59 47
-107 -22 -36
-109 -66
-91 57 111
45 -62
32 33 89 74 75 44 14
67 83 8 106 28
-96 -24
15 -75
-78 -6 -77
-11 -73 -24
32 97 75 44 14
-96 -26
1 67 85 27 28 63
17 1 65 85 28 63
89 81 34 38 121 44
38 119 120 121 44
32 67 74 8 106 30
119 120 89 44
12 -11
80 97 100 39 55 14
32 83 67 74 28
30 40 25 106 110
32 97 89 74 75 44 14
32 67 83 106 74 28
32 67 74 28
-51 -113 -121 -16
17 65 27 28 63
79 98
-24 -93 -79
-68 34 119
121 4 113
32 97 33 89 75
32 97 33 89 44 14
90 31 111
81 34 38 120 44
-17 -63
32 97 33 89 74 75 44
-21 31 90
32 97 33 75 44
67 106 74 28 30
-32 -28 -8 -106
60 -87
51 4 92
-53 26 73
97 14 39
1 3 85
17 65 67 85 28 63
-38 -121
-1 -28 -27
73 59 103
61 -74
16 17 75 92 63
89 81 44 121
83 67 8 74 28 30
-2 -9 -4
-30 -25 -40
32 97 89 44
10 59 103 7
-58 -4
-73 -71
36 102 22 107 78
10 59 103
33 97 74 44 14
-17 -1 -67 -27
32 97 89 75 44 14
78 36 102
-36 -6 -116
-63 -67 -27
32 74 8 106 30
-102 -36
33 97 75 44 14
81 34 38 120 89 44
10 82 7
32 8 74 30
32 97 89 74 44
-3 -85 -31
16 92 38
15 -33
16 121 92
32 67 8 74 30
-106 -25 -40
16 33 75 92
121 34 44 119
-24 -6 -79
-89 -44
-42 113
32 83 106 8 74 28
32 97 74 33
52 -20
6 71 24 93 79
16 113 4
32 97 74 75 44 14
32 97 33 89 74 75 14
16 121 51
81 121 119 120 89
16 121 51 113
16 33 17 70 92
81 34 38 119 120 89 44
89 120 121 44
59 103 47 7
121 34 119 89 44
65 27 110 57
121 44 38
114 40 25 110
97 100 14 39
32 97 33 74 75 44 14
65 57 27 110 111
89 34 38 119 120 121
81 38 119 89 44
51 4 38 92
32 33 75 44
83 8 74 28 30
65 25 110 111
-58 -34
32 97 33 89 74 14
-74 -28 -8 -30
-32 -28 -30
-44 -75 -97 -74
89 81 34 119 121 44
30 25 106 110
33 70 75 63
81 38 119 120
32 97 33 89 74 44
89 34 38 121 44
-26 -73
-16 -70 -33 -63
-57 -111
97 33 89 74 44 14
81 44 38 119
67 8 106 28 30
89 81 34 38 119 121 44
1 90 85
89 34 44 119
121 51 92 38
78 107 22
32 67 74 28 30
17 67 85 27 28 63
81 38 119 120 44
16 33 17 63
97 89 44 14
-112 4 51
-39 -14 -55
16 33 70 75 92
105 -8
89 81 38 119 121 44
32 89 74 44
83 67 8 74 28
-43 9 58
82 59 7
21 -31
32 97 33 89 75 14
-106 -110 -40
65 57 110 111
-87 -9 -51
10 59 47
97 33 89 74 75 44
1 65 85 27 63
5 -38
34 44 119
81 34 120 121
-59 -73
-13 106 30
-74 -28 -8 -106
21 -90
96 7 22 102 11
96 82 102 7 11
-7 -22 -96
81 34 38 120 121
83 106 8 74 30
-12 -69
71 24 93 79
97 89 74 75 14
-39 -97 -100
89 81 44 38
89 38 119 120 121
16 33 70 63
-119 -121 -120 -44
-44 -33 -97
-104 89 44
65 17 67 27 28 63
-99 -35
36 102 22
33 17 70 75 92 63
38 119 121 44
81 34 119 89 44
-47 -10
-107 -102 -36
-11 -73 -71
65 57 27 111
113 51 92 38
121 4 113 92
80 97 14 39
-82 -102 -11
81
121 51 92 113
34 38 119 120 121 44
32 67 106 74 28
81 38 119 121 44
32 83 106 8 74
89 81 34 38 120 121 44
-82 -102 -96
57 110 111
45 -108
32 97 33 74 44 14
118 -81
83 67 106 8 74
89 119 120 121 44
34 38 119 121 44
-105 83 8
-87 -58 -51
-85 -67 -27
18 -39
81 34 119 120 89 44
-88 3
49 -17
83 67 8 106 30
-82 -102
32 97 74 14
-82 -96
115 -79
32 83 8 74 30
65 27 110
32 97 33 89 74 44 14
83 8 106 28 30
16 51
81 38 120 121 44
81 121 38 119 89
32 97 33 89 74 75 44 14
65 17 85 27 28 63
16 121 51 4
-14 -97
-36 -77
104 -44
104 -89
32 83 8 74 28 30
-45 108 62
-18 80 39
32 67 83 106 28 30
-89 -33 -97 -32
-36 -93 -116
121 34 120 89 44
32 97 33 89 75 44
-16 -70 -75 -17
-27 -111 -110
52 -95
107 36 102 22
-35 82 7
108 95
120 121 44 119
-44 -75 -14 -32
-106 -110 -114
17 1 65 67 85 28 63
-86 103 59
121 51 4 92
83 67 106 8 74 28
-10 -7 -103
121 51 38 113
16 113 38 121
82 59 103 7
89 34 119 120 121
16 113 121
113 51 38
-85 -28 -65
17 67 85 28 63
121 38
-9 -62
16 51 4
68 -34
65 67 85 27 28 63
-83 -8
16 33 17 75 92 63
-15 75 33
32 83 8 106 28
32 97 33 89 74 75
33 97 89 75 44 14
32 83 67 106 74 30
32 83 67 8 74
25 106 114
-102 -96
-39 -97 -55
32 33 74 44 14
120 81 44
-63 -85 -65
61 -32
81 34 119 89
33 97 75 44
81 38 119 120 121
32 83 74 8 106 30
-32 -67 -8 -106
-92 -70 -33 -17
50 -10
107 36 78
-73 -24
-66 22 102
33 17 75 92 63
89 34 38 119 121 44
-17 -85 -28 -27
-63 -1 -28
-93 -79
32 97 33 75 14
84 -24
81 121 119 89 44
96 71 24 73 26
97 33 89 74 75 44 14
32 74 106 28 30
-70 -3
-92 -70 -75 -63
-32 -28 -8 -30
109 -16
-7 -96
81 38 119 120 89 44
89 81 44 120
76 -93
117 -40
16 113 92
