15 -3
3 19 6
16 3 4 6
3 9 19 4
-7 -17
3 9 19 6
3 19 4 6
1 19
5 -8
7 17
16 3 19 4 6 9
10 3
-10 -3 -7
8 4
18 -19
8 2
-18 6 19
16 9 3 4
16 2
16 9 19 6
1 10
-12 17
-14 7
16 19 4
-19 -9 -16
-8 -2
19 6
-1 -19
16 9 3
9 3
-15 9 3
16 19 3 6
12 -17
-5 8 2
9 3 7
-20 10
-13 4 16
16 19 6
16 19 4 6
16 3 4 6 9
10 3 7
16 9 3 19
16 9 3 6
16 3 19 6 9
13 -4
-16 -2
-6 -19
3 7
16 3 4 19 6
-6 -3 -16
-19 -3 -16
20 -10
9 10 7
9 10 3
-17 -2
10 7
5 -2
13 -16
16 3 4
17 2
-4 -16
-9 -3
16 4
18 -6
-1 -10
15 -9
16 19 4 6 9
16 3 19
14 -7
16 19 3 4
3 19 4 6 9
-19 -3 -4
16 3 19 4 9
11 -1
3 9 19
-11 1
16 9 19 4
