8 11 31
7 29 14 23
11 31
-11 -14
3 7 23 26 14
26 29 7
-36 4 28
18 11 31
7 23 26 29 14
26 3 14 23
-7 -29
6 -7
-21 -3
8 35 12
29 14 7
18 35 12
3 7 26 29 14
-23 -14
-3 -26
-13 -21
-25 -15
11 14 23
-8 -31
-14 -26 -29
-9 2
1 -8
-29 -15
-35 -11 -31
27 -10
-32 25 15
-12 -35
18 11 12
-24 12 35
23 26 29 14
34
-17 5 21
24 -12
29 15
37
8 12 31
3 23 26 29 14
7 26 29 14
3 23 7 26 29
29 7
2 35
-5 -26
19 -13
6 -29
11 12 31
32 -15
29 14 23
35 18 11
31
32 -25
35 11 31
8 18 11
8 35 31
-14 -3 -29
-1 8 31
26 3 21
15
8 31
17 -21
26 3 29
17 -5
18 11
-35 -2
21 5 13
-18 -14
-19 20 13
21 20 13
28
-6 7 29
36 -28
11 35 12
25 7
35 11
18 35 31
8 18 12
3 29 14 23
22 -3
25 15
-11 -23
33 -23
-30 18 11
-20 -21
26 3 14
-16 37
23 7 26 29
3 23 7 29 14
-10 -34
22 -26
36 -4
33 -14
35 12 31
3 7 26 14
-22 3 26
19 -20
26 5 21
27 -34
2 37
35 12
-23 -26 -29
30 -11
9 -2
16 -37
-1 -17
-5 -21
-9 -19
24 -35
8 18 31
3 7 23 26 29 14
1 -31
26 14 23
-14 -26 -7
26 3 29 7
-18 -11
13
26 7 14 23
-4 -28
-33 23 14
-21 -26
-2 -37
26 29 14
35 31
-13 -5
30 -18
-27 10 34
8 35 11
26 3 29 14
-20 -13
18 11 14
3 23 26 29
3 29 14 7
