25 50 23
54 -13
25 19
6 -2
50 19
19 3 12 23
25 50 3 12
42 19 23
-51 -43
41 42 19
13 55
42 19 12 23
25 42 3
50 19 23
37 -34
53 14
41 50 19 23
3 22 23 24 44
-49 24
25 3 23
-44 -3 -24
-31 -9
19 25 3 23
-22 -23 -24
-45 55
39 53
3 42 19 12
9 34 31
50 3 23
32 26 13
10 39 15
-24 -33
41 50 3 23
19 42 3 23
17 50 36 38 12
-43 -5
41 50 12 23
-9 -14 -53
25 42 50 23
17 50 51 38
41 42 3 23
-17 -36 -12
18 -23
42 3 50 23
52 39 7 10 15
9 14 31
38 17 22
-2 -30 -5
28 -22
-19 -10
50 51 36 12
3 25 19
25 42 12 50
-27 5
25 19 12 23
-17 -22
17 50 36
41 3 12 23
5
10 52 15 39
25 42 12 41
19 25 42 3
-29 31 9
-10 -7 -39
-52 -7
17 50 51 36 38 12
-43 -30 -5
3 19 23
25 3 12 23
17 50 51 36 12
-26 -30
-10 -52
-19 -52
34 14
-6 2 43
50 51 36 38
40 -33
-16 51 36
24 3 44 22
-22 -3 -24
25 42 41
3 22 23
-36 -2
33
25 42 3 41
3 41 50 19
19 50 3
25 42 41 23
11 -52
3 44 22
-42 -19
9 34 14
53 14 31
3 25 19 41
-52 -7 -39
25
25 42 19 50
2 43 5 30
25 50 12 41
50 3
-46 42 19
-21 30
29 -9
-11 10 52
9 53 14
25 19 41
32 13 14
25 3 12
-11 -21
20 -41
41 50 3 12
6 -43
3 41 19 23
34 53 14
-47 15 7
24 3 23
15 39 7
49 -24
47 -15
3 12 23
32 13 55
17 50 51 12
25 19 12
50 3 12
50 36 12
17 51 36 38 12
17 51 36 38
-20 -21
25 12 41
35 -38
3 50 19 23
-44 -22
9 53
52 7 10 15
-22 -3
25 42 19 23
2 43 5
25 19 12 41
35 -17
45 -55
-2 -43
41 50 12 42
50 12 23
24 44 23
50 12
25 50 12 23
3 50 19 12
25 3 12 41
25 19 41 23
-18 23 3
-43 -30
50 36 38 12
-4 26
17 36 38 12
-55 -26 -13
16 -36
-48 12 50
34 13 14
28 -44
17 51 36 12
25 50 41 23
-36 -43
2 43 30
29 -31
50 51 36
-41 -25
25 50 19 12
50 3 12 42
25 50 41
-38 -36 -50
27 -5
10 52 7
9 34 53
3 41 19 12
50 12 42
25 41 23
32 13
34 14 31
22 23 24 44
-13 -14
9 14
-12 -50
-40 33
19 41 3
46 -42
-34 -14
26 30
8 -53
25 50 19
41 50 12
-23 -3
19 41 42 3
-28 44 22
25 42 3 50
25 3
25 50 19 41
-38 -22
-50 -3 -19 -25
25 42 19 12
42 3 12 23
17 50 51 36
25 50 19 23
42 19 12 50
41 50 19
42 19 50
-38 -17
25 41
-37 34 14
48 -50
25 42 19 41
41 42 19 12
52 39 7 10
50 3 12 23
17 50 51 38 12
1 -39
-39 -53
17 50 38
-49 -4
26 13 55
-35 38 17
-13 -34
25 42 3 12
41 50 19 12
17 51 36
3 25 19 12
41 50 3
-32 -14
24 3 22
25 12 41 23
52 15 7
25 50 42 41
17 50 12
50 19 12 23
19 3
25 42 19
7
4 -26
-20 41 25
32 26 55
48 -12
-8 53
26 55
26 13
50 3 42
-32 -13
2 43 36
41 42 12 23
43 5 30
3 25 50 19
10 52 39
25 3 41
50 19 12
17 50 12 38
25 3 41 23
3 44 22 23
-17 -51 -50
41 3 23
52 39 7
17 50 36 12
51 43 36
25 50 3 41
25 42 50
17 50 51 36 38
25 42 3 23
-17 -36 -50
42 3 23
41 42 19 23
25 19 23
24 3 44 23
42 19
55
42 19 52
-52 -15 -39
42 12 50 23
3 42 19
25 50 3
9 31
15 52 39 7
-42 -52
-51 -36
18 -3
-15 -7
42 19 12
24 3 22 23
17 50 36 38
42 19 50 23
25 50 12
47 -7
50 51 36 38 12
25 50 3 23
39 7 10 15
24 33
9
41 50 3 42
20 -25
10 19 52
17 36 38
17 44 22
16 -51
54 -32
-54 32 13
41 50 19 42
9 53 31
19 50 3 42
46 -19
21 -30
3 23
-1 39
37 -14
25 50
11 -10
3 19 12
24 44 22
-17 -44
