89 68 37 46
-12 -42 -15
-54 -75
68 37 46
63 -7
51 88 42 12 15
70 42 77 30 47
-51 -80 -10 -90
80
70 8 77 30 47
55 -36
26 -67
9 83 20
-36 -8 -15
31 -85
-2 -89 -37
51 88 42 12
90 75 52 62
-70 -10
-88 -8 -15
74 -68
24 60 87
29 -73
10 90 62 79
51 36 88 8 15
2 37 89 46 57
10 79 90 13 62 15
-36 -12 -8
84 -15
80 51 15 79
52 86
-77 -42 -70
-33 -22
41 2 5 46
-45 41 5
80 51 10 13 62
-66 2 46
51 10 62 90 79 15
-73 -67 -17
55 -88
-8 -15
51 10 62 90 13 79 15
2 68 37 57 46
33
-88 -12 -8 -15
-36 -12 -42 -51
-62 -75 -52
38 -82
-30 -79 -21
80 10 79 15
-20 -12
-81 -31
56 -30
-61 -27
70 77 30 47
33 22 87 24 60
1 17 69 14
-34 20
51 62 90 13 79 15
59 -77
24 33 60 22
51 36 8 42 15
24 33 22
-36 -12 -51
-69 -85 -18
-30 -79
-43 -24 -49
-56 30 70
-15 -80 -79 -62
2 5 9 41 46
-27 13 80
-70 -79
50 60
80 51 13 62 15
-47 -42 -30
80 51 10 13 79 15
-9 -83
59 -47
-69 -18
24 33 87
-90 -75 -52
21 70 10 30 79
-83 -20
-88 -42 -15
-74 -34
61 -43
-42 -8
-77 -47
6 -33
-87 -33
51 10 13 62 15
4
17 50 1 53 69
2 68 37 89 46 57
51 90 10 13 79 15
-53 -69 -14
89 37 46 57
51 36 8 42 88 12
80 51 90 10 79 15
-15 -79 -90
-72 54 18
80 51 10 79 15
-86 -52 -48
51 8 42 12 15
-78 -48
75 7 90 11 62
-90 -52
-47 -8
80 51 13 79 15
80 51 90 13 15
9 5 46
-83 -73
80 90 62 79
21 70 10 79
51 90 62 15
89 2 46 57
-18 -7
-90 -75 -11
80 51 90 13 79
-61 -63
48 52 86
-60 -22
66 -46
89 2 68 46
1 17 50 69 14
70 8 77 47
52 90 11 62
-30 -70
42 77 30
51 36 8 42 12 15
-71 10 79
80 10 90 13 62
-15 -80 -10 -62
-70 -10 -21
-36 -42 -15
-15 -80 -10 -90
89 68 37
33 22 87
80 90 15 13 62 79
58 -12
48 52 78
56 -70
1 18 69
-17 -69 -14
-43 -24
48 11 78
17 50 69 53 14
-6 87 33
65 -42
10 90 13 62 79
48 52
48 78 86
70 8 30 47
2 68 37 89 46
-62 -90
80 10 90 13 15
80 51 90 62 15
82 5
80 51 90 62 10 79 15
-63 7 75
11 62 7
-90 -7 -52
89 37 46
-30 -10 -21
-15 -80 -79 -90
41 2 9
17 50 1 53 14
80 51 90 13 62 15
-51 -80 -79 -90
80 90 15 13 79
-41 -46 -9
-6 -63
-3 49
57 68 37 46
20 12 43
-53 -17
-69 -14
18 85 69
17 50 53 14
1 18 69 54
-77 -8 -30
-85 -86
23 -24
-36 -15
34 -20
64 -52
33 60 22
89 68 37 57
80 51 90 10 15 13 62 79
-4 -53
81 -90
68 37 89 46 57
1 50 53 14
80 51 10 90 62 79
-39 86
11 52 86
-36 -8 -51
25 -89
51 10 90 62 15
-82 -73
-21 -85
51 10 13 62 79
10 30 70 79
-88 -12 -8 -51
37
-68 -37
-20 -43
24 60 22 87
75 52 90 11 62
-17 -1 -14
72 -54
17 50 69 14
-4 -17
-51 -15
70 8 42 30 47
-47 -70
-6 -31
80 51 10 13 79
80 10 13 79
33 87 24 60
80 51 90 10 13 15
-54 -18
-40 78 48
18 75 7
80 90 13 62 15
48 11 86
1 18 85 69
-73 -4 -17
-1 -85 -18
51 10 13 62
-51 -80 -79 -62
-35 83
80 15 13 62 79
82 83 73
70 8 42 30
51 90 10 62 79
10 79 90 62 15
18 69 54
35 -83
89 2 37 57
-46 -89 -37
-20 -12 -43
-32 9
80 51 90 15 13 79
80 51 13 15
51 90 13 62 15
51 90 79 15
80 51 10 13 62 79
16 -22
-73 -4 -53
-17 -69 -50
-46 -89 -68
2 5 46
80 10 13 79 15
-67 -4
80 51 90 10 13 79 15
60 22
8 42 77 47
80 62 10 79 15
-8 -70
-5 -82
-90 -75
41 5 46
70 8 42 47
39 -86
11 52 78
-87 -22 -24
80 10 90 62 79
80 51 90 13 62
80 51 62 10 79 15
51 10 15 79
80 51 90 13 62 79
-17 -14
-62 -7 -52
7 90 75 62
-25 57 89
57 2 37 46
-89 -88
-23 24
80 51 90 10 15
48 11 52
-58 12
73 17 67 4
-21 -86
-84 51 15
80 62 10 13 79 15
10 90 79 15
32 -9
-15 -13 -10 -90
-57 -36
17 69 53 14
66 -2
48 86
80 90 13 62
-15 -80 -79
25 -57
-38 82
80 10 13 62 79
-2 -46
51 10 15 62 79
-53 -1 -14
17 67 4 53
51 36 88 42 12 15
51 10 15 13 62 79
-76 50 14
41 5 46 9
9 2 46 41
1 85 69
-43 -49
7 90 11 62
16 -60
-73 -17
-70 -21
41 5
-88 -12 -8
6 -87
51 90 10 13 62 79
33 60 22 87
1 18 85 69 54
-26 67 4
80 51 90 15 62 79
80 51 90 62 79
30 21 70 79
-82 -83
80 10 62 90 79 15
80 51 90 10 62 15
18 75 54
2 68 89 46 57
80 10 90 13 62 15
73 17 4 53
-62 -75 -11
-77 -8 -70
89 36 57
-5 -46 -9
-75 -52
-88 -12 -42 -51
-17 -1 -50
28 -1
84 -51
80 10 90 15 13 79
80 51 90 15 13 62 79
-53 -69 -50
17 50 1 53
11 52
-89 -36
51 36 88 8 12 15
40 -48
-36 -12 -42 -15
74 -37
80 51 10 90 13 62 15
1 85 69 54
22 14
24 60 22
-73 -67 -53
-9 -83 -20
28 -69
-7 -75
78 52 86
80 90 13 79
81 -62
52 7 75 11 62
-88 -12 -42 -15
-67 -17
51 8 42 88 12
48 49
-29 73
41 5 9
71 -10
80 90 10 79
80 13 79 15
64 -11
45 -41
51 90 10 13 62
51 88 8 42 12 15
2 68 37 46
-48 -49
27 -13
-70 -79 -21
2 5 41 9
79 90 62 15
80 90 13 15
80 10 90 13 62 79
-64 11 52
-36 -12 -42
80 51 10 15 13 62 79
80 51 10 13 15
17 1 69 53
-17 -69
-16 60 22
-36 -8
89 2 46
27 -80
1 85 54
75 52 7 90 11
51 36 88 8 42 15
80 10 90 62 15
40 -78
50 14
-13 -80
52 7 11 62
1 50 53 69 14
17 1 69 53 14
10 90 13 79 15
-10 -79
80 90 15 62 79
1 50 69 53
80 51 90 15
70 8 42 77 30 47
-11 -52
-36 -42 -51
80 10 90 79 15
-1 -69
-24 -49
51 10 13 79 15
-61 43
89 2 37 46
52 7 75 11
80 90 62 15
-15 -13 -79 -62
-74 68 37
8 42 77 30 47
80 51 90 10 13 62 79
36 88 8 42 12 15
-81 62 90
45 -5
21 85 86
-88 -8 -51
80 51 10 13 62 15
90 75 52 7
8 42 77 30
-47 -8 -70
80 51 62 13 79 15
-80 -79 -90
72 -18
1 50 69 14
-44 53 17
76 -14
51 90 13 79 15
1 18 85 54
17 67 4 53 73
-65 42 8
48 78
-55 88 36
51 36 88 8 42 12 15
2 68 37 89
-33 -60 -24
88 89 36
-15 -13 -79 -90
-5 -46
79 90 13 62 15
-41 -5
65 -8
51 90 10 79 15
24 33 22 87
1 50 53
-18 -75
19 -21
-57 -89
71 -79
2 37 46
-50 -14
51 36 88 42 12
36 8 42 12 15
80 51 10 90 13 62
-5 -2 -9
51 36 88 12 15
-46 -57 -37
-88 -12 -15
-21 -85 -86
-61 -31
-12 -8 -15
80 90 15 79
-51 -13 -79 -90
-12 -8 -51
80 90 13 62 79
36 88 8 12 15
18 85 54
42 77 30 47
11 90 75 52
-90 -7 -11
70 8 42 77 30
51 36 8 12 15
36 88 8 42 12
51 90 10 13 62 15
89 46 57
51 62 90 79 15
2 68 37 89 57
43 24 49
-73 -4
-47 -8 -30
-12 -43
18 85 69 54
-15 -80 -90
80 51 79 62 15
63 -75
80 10 90 13 79
-36 -12 -15
80 51 90 15 79
70 42 77 30
52 7 90 75 62
-33 -22 -24
44 -17
52 7 90 11 62
9 2 46
89 37 57
36 88 8 42 15
-47 -42 -70
68 89 46 57
47
44 -53
26 -4
-79 -21
-31 85
-59 77 47
-14 -22
80 10 90 15 13 62 79
76 -50
7 11 75 62
-69 -85 -54
-82 -83 -73
52 7 11 90 75 62
-19 21
-9 -20
-88 -36
-36 -12 -8 -15
70 8 42 77 47
9 2 5 46
80 51 10 90 13 79
-28 1 69
3 -49
-36 -12 -8 -51
17 50 1 69 53 14
80 51 10 90 79
