1 : ((4, 5, 3), (6, 5, 1))
2 : (((0, 6, 2), (3, 6, 2)), 1)
3 : (((2, 1, 3), (2, 3, 7)), 2)
4 : ((3, 0, 3), (3, 2, 1))
5 : (((3, 6, 2), (5, 6, 1)), 1)
6 : ((0, 6, 2), (3, 6, 2))
7 : (((4, 3, 7), (4, 5, 3)), 2)
8 : ((6, 3, 4), (6, 5, 1))
9 : (((4, 3, 7), (6, 3, 4)), 2)
10 : (((2, 5, 2), (4, 5, 3)), 1)
11 : ((2, 5, 2), (4, 5, 3))
12 : (((0, 3, 4), (2, 3, 7)), 1)
13 : (((3, 0, 3), (6, 0, 2)), 2)
14 : (((6, 0, 2), (6, 3, 4)), 2)
15 : (((4, 3, 7), (4, 5, 3)), 1)
16 : ((0, 3, 4), (0, 6, 2))
17 : (((0, 1, 2), (0, 3, 4)), 2)
18 : ((2, 1, 3), (2, 3, 7))
19 : (((2, 3, 7), (2, 5, 2)), 2)
20 : ((2, 3, 7), (4, 3, 7))
21 : ((3, 2, 1), (3, 6, 2))
22 : (((0, 1, 2), (2, 1, 3)), 2)
23 : (((2, 1, 3), (2, 3, 7)), 1)
24 : (((2, 1, 3), (4, 1, 1)), 1)
25 : (((2, 3, 7), (4, 3, 7)), 2)
26 : (((3, 0, 3), (3, 2, 1)), 1)
27 : ((3, 6, 2), (5, 6, 1))
28 : ((0, 1, 2), (2, 1, 3))
29 : ((4, 3, 7), (6, 3, 4))
30 : (((3, 2, 1), (3, 6, 2)), 1)
31 : (((4, 3, 7), (6, 3, 4)), 1)
32 : (((3, 0, 3), (6, 0, 2)), 1)
33 : (((4, 1, 1), (4, 3, 7)), 1)
34 : (((6, 0, 2), (6, 3, 4)), 1)
35 : ((0, 1, 2), (0, 3, 4))
36 : (((0, 3, 4), (0, 6, 2)), 2)
37 : ((6, 0, 2), (6, 3, 4))
38 : (((0, 1, 2), (0, 3, 4)), 1)
39 : (((4, 5, 3), (6, 5, 1)), 1)
40 : ((4, 1, 1), (4, 3, 7))
41 : (((2, 3, 7), (4, 3, 7)), 1)
42 : (((2, 3, 7), (2, 5, 2)), 1)
43 : (((0, 6, 2), (3, 6, 2)), 2)
44 : (((0, 1, 2), (2, 1, 3)), 1)
45 : ((1, 0, 1), (3, 0, 3))
46 : ((2, 3, 7), (2, 5, 2))
47 : ((4, 3, 7), (4, 5, 3))
48 : ((0, 3, 4), (2, 3, 7))
49 : ((2, 1, 3), (4, 1, 1))
50 : (((0, 3, 4), (2, 3, 7)), 2)
51 : (((0, 3, 4), (0, 6, 2)), 1)
52 : (((2, 5, 2), (4, 5, 3)), 2)
53 : (((6, 3, 4), (6, 5, 1)), 1)
54 : ((3, 0, 3), (6, 0, 2))
55 : (((1, 0, 1), (3, 0, 3)), 1)
