1 2 
-1 -2 
3 4 
-3 -4 
5 
6 7 
-6 -7 
8 
9 
10 11 
-10 -11 
12 13 
-12 -13 
14 15 
-14 -15 
16 17 
-16 -17 
18 19 
-18 -19 
20 
21 22 
-21 -22 
23 24 
-23 -24 
25 
26 27 
-26 -27 
28 
29 
30 
31 32 
-31 -32 
33 34 
-33 -34 
35 36 
-35 -36 
37 38 
-37 -38 
39 40 
-39 -40 
41 42 
-41 -42 
43 44 
-43 -44 
45 46 
-45 -46 
47 48 
-47 -48 
49 50 
-49 -50 
51 52 
-51 -52 
53 
54 55 
-54 -55 
56 
57 
58 59 
-58 -59 
60 61 
-60 -61 
62 
63 64 
-63 -64 
65 
66 
67 
68 69 
-68 -69 
70 
71 72 
-71 -72 
73 74 
-73 -74 
75 76 
-75 -76 
77 
78 79 
-78 -79 
80 81 
-80 -81 
82 83 
-82 -83 
84 85 
-84 -85 
86 87 
-86 -87 
88 89 
-88 -89 
90 91 
-90 -91 
92 93 
-92 -93 
94 
95 96 
-95 -96 
97 98 
-97 -98 
99 100 
-99 -100 
101 102 
-101 -102 
103 104 
-103 -104 
105 106 
-105 -106 
107 108 
-107 -108 
109 
110 
111 
112 113 
-112 -113 
114 
115 
116 
117 
118 
119 
120 
121 
122 
123 124 
-123 -124 
125 126 
-125 -126 
127 128 
-127 -128 
129 130 
-129 -130 
131 132 
-131 -132 
133 134 
-133 -134 
135 136 
-135 -136 
137 138 
-137 -138 
139 140 
-139 -140 
141 142 
-141 -142 
143 144 
-143 -144 
145 146 
-145 -146 
147 148 
-147 -148 
149 150 
-149 -150 
151 152 
-151 -152 
153 154 
-153 -154 
155 
156 
157 158 
-157 -158 
159 160 
-159 -160 
161 
162 163 
-162 -163 
164 
165 
166 167 
-166 -167 
168 169 
-168 -169 
170 171 
-170 -171 
172 173 
-172 -173 
174 175 
-174 -175 
176 177 
-176 -177 
178 179 
-178 -179 
180 
181 182 
-181 -182 
183 184 
-183 -184 
185 186 
-185 -186 
187 188 
-187 -188 
189 190 
-189 -190 
191 192 
-191 -192 
193 194 
-193 -194 
195 196 
-195 -196 
197 198 
-197 -198 
199 200 
-199 -200 
201 202 
-201 -202 
203 204 
-203 -204 
205 206 
-205 -206 
207 208 
-207 -208 
209 210 
-209 -210 
211 212 
-211 -212 
213 214 
-213 -214 
215 
216 217 
-216 -217 
218 219 
-218 -219 
220 221 
-220 -221 
222 223 
-222 -223 
224 
225 226 
-225 -226 
227 
228 
229 
230 231 
-230 -231 
232 233 
-232 -233 
234 235 
-234 -235 
236 237 
-236 -237 
238 239 
-238 -239 
240 241 
-240 -241 
242 243 
-242 -243 
244 245 
-244 -245 
246 247 
-246 -247 
248 249 
-248 -249 
250 251 
-250 -251 
252 253 
-252 -253 
254 255 
-254 -255 
256 
257 258 
-257 -258 
259 260 
-259 -260 
261 262 
-261 -262 
263 264 
-263 -264 
265 266 
-265 -266 
267 268 
-267 -268 
269 270 
-269 -270 
271 272 
-271 -272 
273 274 
-273 -274 
275 276 
-275 -276 
277 278 
-277 -278 
279 280 
-279 -280 
281 282 
-281 -282 
283 284 
-283 -284 
285 286 
-285 -286 
287 288 
-287 -288 
289 290 
-289 -290 
291 292 
-291 -292 
293 294 
-293 -294 
295 
296 297 
-296 -297 
298 
299 300 
-299 -300 
301 302 
-301 -302 
303 304 
-303 -304 
305 306 
-305 -306 
307 308 
-307 -308 
309 
310 311 
-310 -311 
312 313 
-312 -313 
314 315 
-314 -315 
316 317 
-316 -317 
318 319 
-318 -319 
320 
321 322 
-321 -322 
323 324 
-323 -324 
325 
326 327 
-326 -327 
328 
329 
330 331 
-330 -331 
332 333 
-332 -333 
334 335 
-334 -335 
336 337 
-336 -337 
338 
339 
340 341 
-340 -341 
342 343 
-342 -343 
344 
345 346 
-345 -346 
347 
348 349 
-348 -349 
350 351 
-350 -351 
352 353 
-352 -353 
354 355 
-354 -355 
356 357 
-356 -357 
358 359 
-358 -359 
360 361 
-360 -361 
362 
363 364 
-363 -364 
365 366 
-365 -366 
367 368 
-367 -368 
369 370 
-369 -370 
371 372 
-371 -372 
373 
374 
375 
376 377 
-376 -377 
378 379 
-378 -379 
380 381 
-380 -381 
382 383 
-382 -383 
384 385 
-384 -385 
386 
387 
-9 -53 
-16 -29 
-17 -29 
-16 -17 -29 
-16 -62 
-17 -62 
-16 -17 -62 
-16 -66 
-17 -66 
-16 -17 -66 
-16 -99 -100 
-17 -99 -100 
-16 -17 -99 
-16 -17 -100 
-16 -114 
-17 -114 
-16 -17 -114 
-16 -127 -128 
-17 -127 -128 
-16 -17 -127 
-16 -17 -128 
-20 -31 
-20 -32 
-20 -31 -32 
-23 -35 -36 
-24 -35 -36 
-23 -24 -35 
-23 -24 -36 
-23 -71 -72 
-24 -71 -72 
-23 -24 -71 
-23 -24 -72 
-26 -39 -40 
-27 -39 -40 
-26 -27 -39 
-26 -27 -40 
-26 -75 -76 
-27 -75 -76 
-26 -27 -75 
-26 -27 -76 
-26 -135 -136 
-27 -135 -136 
-26 -27 -135 
-26 -27 -136 
-28 -43 
-28 -44 
-28 -43 -44 
-28 -78 
-28 -79 
-28 -78 -79 
-28 -139 
-28 -140 
-28 -139 -140 
-28 -178 
-28 -179 
-28 -178 -179 
-28 -257 
-28 -258 
-28 -257 -258 
-28 -289 
-28 -290 
-28 -289 -290 
-28 -316 
-28 -317 
-28 -316 -317 
-30 -58 
-30 -59 
-30 -58 -59 
-33 -62 
-34 -62 
-33 -34 -62 
-57 -92 
-57 -93 
-57 -92 -93 
-63 -66 
-64 -66 
-63 -64 -66 
-65 -68 
-65 -69 
-65 -68 -69 
-67 -95 
-67 -96 
-67 -95 -96 
-70 -99 
-70 -100 
-70 -99 -100 
-73 -103 -104 
-74 -103 -104 
-73 -74 -103 
-73 -74 -104 
-73 -116 
-74 -116 
-73 -74 -116 
-73 -131 -132 
-74 -131 -132 
-73 -74 -131 
-73 -74 -132 
-73 -170 -171 
-74 -170 -171 
-73 -74 -170 
-73 -74 -171 
-94 -109 
-97 -111 
-98 -111 
-97 -98 -111 
-97 -123 -124 
-98 -123 -124 
-97 -98 -123 
-97 -98 -124 
-97 -161 
-98 -161 
-97 -98 -161 
-101 -114 
-102 -114 
-101 -102 -114 
-105 -116 
-106 -116 
-105 -106 -116 
-107 -116 
-108 -116 
-107 -108 -116 
-110 -119 
-112 -121 
-113 -121 
-112 -113 -121 
-115 -123 
-115 -124 
-115 -123 -124 
-117 -127 
-117 -128 
-117 -127 -128 
-117 -166 
-117 -167 
-117 -166 -167 
-117 -191 
-117 -192 
-117 -191 -192 
-117 -220 
-117 -221 
-117 -220 -221 
-118 -135 
-118 -136 
-118 -135 -136 
-118 -174 
-118 -175 
-118 -174 -175 
-120 -145 
-120 -146 
-120 -145 -146 
-122 -149 
-122 -150 
-122 -149 -150 
-129 -164 
-130 -164 
-129 -130 -164 
-141 -178 -179 
-142 -178 -179 
-141 -142 -178 
-141 -142 -179 
-151 -155 
-152 -155 
-151 -152 -155 
-153 -157 -158 
-154 -157 -158 
-153 -154 -157 
-153 -154 -158 
-153 -183 -184 
-154 -183 -184 
-153 -154 -183 
-153 -154 -184 
-153 -213 -214 
-154 -213 -214 
-153 -154 -213 
-153 -154 -214 
-159 -183 -184 
-160 -183 -184 
-159 -160 -183 
-159 -160 -184 
-162 -183 -184 
-163 -183 -184 
-162 -163 -183 
-162 -163 -184 
-165 -187 
-165 -188 
-165 -187 -188 
-165 -216 
-165 -217 
-165 -216 -217 
-165 -238 
-165 -239 
-165 -238 -239 
-165 -273 
-165 -274 
-165 -273 -274 
-165 -295 
-165 -307 
-165 -308 
-165 -307 -308 
-168 -191 -192 
-169 -191 -192 
-168 -169 -191 
-168 -169 -192 
-172 -191 -192 
-173 -191 -192 
-172 -173 -191 
-172 -173 -192 
-176 -195 -196 
-177 -195 -196 
-176 -177 -195 
-176 -177 -196 
-176 -224 
-177 -224 
-176 -177 -224 
-176 -250 -251 
-177 -250 -251 
-176 -177 -250 
-176 -177 -251 
-176 -285 -286 
-177 -285 -286 
-176 -177 -285 
-176 -177 -286 
-176 -295 
-177 -295 
-176 -177 -295 
-176 -314 -315 
-177 -314 -315 
-176 -177 -314 
-176 -177 -315 
-176 -338 
-177 -338 
-176 -177 -338 
-180 -199 
-180 -200 
-180 -199 -200 
-185 -209 -210 
-186 -209 -210 
-185 -186 -209 
-185 -186 -210 
-189 -216 -217 
-190 -216 -217 
-189 -190 -216 
-189 -190 -217 
-193 -216 -217 
-194 -216 -217 
-193 -194 -216 
-193 -194 -217 
-197 -224 
-198 -224 
-197 -198 -224 
-201 -224 
-202 -224 
-201 -202 -224 
-211 -228 
-212 -228 
-211 -212 -228 
-211 -261 -262 
-212 -261 -262 
-211 -212 -261 
-211 -212 -262 
-215 -230 
-215 -231 
-215 -230 -231 
-215 -265 
-215 -266 
-215 -265 -266 
-215 -295 
-215 -299 
-215 -300 
-215 -299 -300 
-218 -234 -235 
-219 -234 -235 
-218 -219 -234 
-218 -219 -235 
-218 -269 -270 
-219 -269 -270 
-218 -219 -269 
-218 -219 -270 
-218 -295 
-219 -295 
-218 -219 -295 
-218 -303 -304 
-219 -303 -304 
-218 -219 -303 
-218 -219 -304 
-222 -242 -243 
-223 -242 -243 
-222 -223 -242 
-222 -223 -243 
-222 -277 -278 
-223 -277 -278 
-222 -223 -277 
-222 -223 -278 
-222 -295 
-223 -295 
-222 -223 -295 
-225 -246 -247 
-226 -246 -247 
-225 -226 -246 
-225 -226 -247 
-225 -281 -282 
-226 -281 -282 
-225 -226 -281 
-225 -226 -282 
-225 -295 
-226 -295 
-225 -226 -295 
-225 -310 -311 
-226 -310 -311 
-225 -226 -310 
-225 -226 -311 
-225 -338 
-226 -338 
-225 -226 -338 
-227 -254 
-227 -255 
-227 -254 -255 
-229 -261 
-229 -262 
-229 -261 -262 
-229 -321 
-229 -322 
-229 -321 -322 
-229 -365 
-229 -366 
-229 -365 -366 
-256 -285 
-256 -286 
-256 -285 -286 
-267 -295 
-268 -295 
-267 -268 -295 
-271 -295 
-272 -295 
-271 -272 -295 
-275 -295 
-276 -295 
-275 -276 -295 
-279 -295 
-280 -295 
-279 -280 -295 
-279 -307 -308 
-280 -307 -308 
-279 -280 -307 
-279 -280 -308 
-279 -334 -335 
-280 -334 -335 
-279 -280 -334 
-279 -280 -335 
-279 -347 
-280 -347 
-279 -280 -347 
-283 -295 
-284 -295 
-283 -284 -295 
-283 -310 -311 
-284 -310 -311 
-283 -284 -310 
-283 -284 -311 
-287 -295 
-288 -295 
-287 -288 -295 
-298 -314 
-298 -315 
-298 -314 -315 
-301 -325 
-302 -325 
-301 -302 -325 
-305 -328 
-306 -328 
-305 -306 -328 
-309 -330 
-309 -331 
-309 -330 -331 
-312 -334 -335 
-313 -334 -335 
-312 -313 -334 
-312 -313 -335 
-329 -340 
-329 -341 
-329 -340 -341 
-332 -344 
-333 -344 
-332 -333 -344 
-336 -347 
-337 -347 
-336 -337 -347 
-336 -371 -372 
-337 -371 -372 
-336 -337 -371 
-336 -337 -372 
-339 -348 
-339 -349 
-339 -348 -349 
-342 -367 -368 
-343 -367 -368 
-342 -343 -367 
-342 -343 -368 
-345 -369 -370 
-346 -369 -370 
-345 -346 -369 
-345 -346 -370 
-350 -373 
-351 -373 
-350 -351 -373 
-354 -374 
-355 -374 
-354 -355 -374 
-358 -374 
-359 -374 
-358 -359 -374 
-362 -374 
-363 -374 
-364 -374 
-363 -364 -374 
