-6 -3 -16
16 19 4 6 9
-1 -19
9 3
8 2
16 19 3 4
1 10
10 3
10 3 7
-19 -9 -16
9 10 7
16 4
-7 -17
5 -8
18 -19
16 3 19 6 9
11 -1
-15 9 3
3 9 19 6
9 3 7
15 -3
-11 1
20 -10
-10 -3 -7
-17 -2
16 19 6
16 3 4 19 6
16 3 19 4 9
16 9 3 19
5 -2
16 3 19 4 6 9
3 9 19
-18 6 19
7 17
-19 -3 -4
-4 -16
-5 8 2
19 6
16 9 19 6
-14 7
16 3 4 6
-16 -2
10 7
3 19 6
13 -16
17 2
3 7
16 19 4
16 19 3 6
-1 -10
14 -7
15 -9
12 -17
16 3 4 6 9
-13 4 16
3 19 4 6
3 19 4 6 9
3 9 19 4
-6 -19
-19 -3 -16
16 9 3 4
18 -6
-12 17
16 9 19 4
1 19
-8 -2
16 19 4 6
16 9 3
16 2
-9 -3
16 3 19
13 -4
9 10 3
16 3 4
-20 10
8 4
16 9 3 6
