3 6 39 41 43
11 29 7
-43 -27 -39
22 -38
-6 -27 -39
-21 9 44
-43 -27 -3
-13 5 42
3 41 27 39
10 -2
43 6 39
-38 -17
-29 -11
1 11 38 7
-34 -17
13 -5
3 6 39 27
43 27 6
20 -3
42 44
11 29 38 7
38 11 28 29
-36 34 17
2 23
32 5 46
1 11 38
30 -8
1 7 11 28 29
-40 -2
21 -9
42 5 46
5 41 42 27 28
-13 -16
8 40
1 38 11 28 29
32 42
43 27 39
3 6 39 41 27
32 44 46
40
44
32 9 42
5 7 41 42 28
16 -14
25 -29
8 23
-5 -27 -28
30 -40
-42 -27 -28
19 -43
1 7 11 29
9 44
13 -42
4 -27
12
5 7 42 28
5 7 42 27 28
-42 -41 -28
-42 -41 -7
43
40 2
11 14
3 41 43 39
19 -6
9 5 46
-5 -27 -7
5 41 42 27
17 38 1
-42 -27 -7
3 43 27 41
1 38 7 29
7 41 42 27
-42 -7
37 -24
1 28 38 7
-41 -27
18 -32
3 6 39 43 27
-32 -44 -42
1 11 28 7
-18 46 32
38 7 11 28 29
45 -7
-8 -40
3 39 41 27 43
39
36 -17
9 44 5
7 11 28 29
9 42 5
9 42 44
3 43 6 39
-14 -24
-30 8 40
1 38 11 28
5 7 42 27
32 9 44
1 38 7
25 -11
32 44 5
32 46
43 27 41
11 29
3 6 27 41 43
-37 -4
7 41 42 27 28
1 38 7 11 29
3 6 27 43
42 5
33 23
21 -44
-16 14
41 43 6 39
15
-9 -44
26 -33
-5 -41 -7
-42 -27
-1 -17
1 38 7 11 28
11 29 38
1 38 7 28 29
35 -31
17 34 38
-27 -7
32 9 46
45 -28
10 -23
-5 -42
5 41 27 28
1 11 29 38
5 7 41 42 27 28
2 12
9 44 46
32 42 46
-26 33 12
28 38 7
1 38 7 11 28 29
35 -15
41 28 5
36 -34
11 28 7
32 42 5
6 39 43 27
3 43 39
5 41 42 28
-11 -7 -38
-4 41 27
20 -39
-33 -12
7 42 27 28
-11 -7 -1
24
22 -1
3 43 27 39
33 12
-45 28 7
11 28 38 7
-23 -2
-35 31 15
-22 -10
-19 6 43
-37 24
3 27 39
42 44 5
-46 -32
6 39 43 27 41
-25 29 11
32 44
-22 1 38
-14 -11
43 27 6 41
-6 -43
42 44 46
32
32 42 44
18 -46
5 7 41 28
5 7 41 42 27
11 38 7
-20 3 39
41 27 39
-3 -39
-10 23 2
3 6 39 43 27 41
41 27 43 39
-38 -34
14 24
-28 -7
-31 -15
4 -41
7 41 27 28
26 -12
-1 -38
-11 -28 -38
-12 -2
-29 -7 -38
5 7 41 27 28
41 27 6 39
17
-43 -41 -39
38 7 28 29
