17 20 21 23 11 27
-21 -31
-10 13 3
1 11 20
-27 -17
17 23 11 27 14
10 -13
-22 18
-9 -7
17 20 21 11 14
-7 -17 -3
5 -9
3 13
-20 -27 -14 -21
17 20 23 27 14
17 20 21 23 14
1
-11 -27 -14 -21
26 31
11 20
-2 8
17 11 20 14
-15 23 14
-19 -8
24 -27
17 27 11 14
-17 -3
17 21 23 11 27
-7 -3
18
20 21 23 11 14
1 20 9
-3 -19
17 20 23 11 14
-7 -27 -13
17 23 27 14
-11 -17 -14
17 21 27 14
30 -7
-11 -14 -21
11 12 20
4 -11
20 21 11 14
17 20 21 23 11 14
21 23 11 14
17 20 11 27
-5 9
20 23 11 14
-17 -14 -21
17 20 21 23 11
1 11
1 11 9
-9 -1 -11
-11 -27 -14
-32 29 19
17 3 7 27 13
-25 31
17 21 23 11 27 14
17 23 11 14
17 11 21 14
17 20 21 11
1 12 9
4 -20
17 21 11 27 14
17 20 11 27 14
-17 -13
17 3 13 7
2 -8
21 31
-11 -17 -14 -21
-23 -14
20 21 23 27 11 14
-24 27 17
8 19
-11 -17 -23
21 23 27 11 14
28 -1
-27 -3
17 21 23 27 14
17 20 23 27 11
-7 -27 -3
26 14
16 -21
-20 -17 -14 -21
-28 12 1
-20 -17 -14
1 11 12
-6 26
6 -26
-20 -17 -23 -21
27 17 3 7
1 9
9 7
17 21 23 11 14
17 20 21 23 27 14
17 21 11 27
-30 7
19 29
-11 -17 -23 -21
-7 -17
9 11 20
-13 -3
10 -3
15 -14
-12 -1
20 21 11 27 14
15 -23
-16 21
-7 -17 -13
17 20 21 27 14
22 -18
17 20 21 23 11 27 14
9 11
28 -12
14 23
25 -31
17 20 23 11 27 14
3 19
18 8
17 20 21 11 27 14
-18 -8
24 -17
1 12
29 13
9 11 12
-11 -17 -21
-4 20 11
17 21 23 14
-20 -11
17 3 27 13
-14 -26
1 12 20
-26 -31
-29 -19
17 20 21 11 27
32 -29
32 -19
-11 -27 -23 -21
20 23 27 11 14
