1 : (((0, 2, 4), (0, 6, 3)), 2)
2 : ((6, 3, 2), (6, 6, 1))
3 : (((2, 0, 2), (6, 0, 3)), 2)
4 : ((0, 2, 4), (2, 2, 4))
5 : ((0, 0, 1), (0, 2, 4))
6 : ((2, 5, 2), (5, 5, 1))
7 : (((0, 0, 1), (2, 0, 2)), 1)
8 : (((6, 3, 2), (6, 6, 1)), 1)
9 : (((0, 0, 1), (0, 2, 4)), 1)
10 : ((2, 0, 2), (6, 0, 3))
11 : (((0, 2, 4), (2, 2, 4)), 2)
12 : (((0, 2, 4), (0, 6, 3)), 1)
13 : (((2, 0, 2), (6, 0, 3)), 1)
14 : (((2, 2, 4), (2, 5, 2)), 2)
15 : ((2, 2, 4), (2, 5, 2))
16 : ((2, 2, 4), (5, 2, 1))
17 : (((2, 0, 2), (2, 2, 4)), 2)
18 : (((0, 6, 3), (6, 6, 1)), 1)
19 : (((6, 0, 3), (6, 3, 2)), 2)
20 : (((0, 2, 4), (2, 2, 4)), 1)
21 : (((2, 2, 4), (5, 2, 1)), 1)
22 : ((0, 6, 3), (6, 6, 1))
23 : (((2, 2, 4), (2, 5, 2)), 1)
24 : ((2, 0, 2), (2, 2, 4))
25 : ((5, 2, 1), (5, 5, 1))
26 : (((2, 5, 2), (5, 5, 1)), 1)
27 : (((2, 0, 2), (2, 2, 4)), 1)
28 : ((0, 2, 4), (0, 6, 3))
29 : (((6, 0, 3), (6, 3, 2)), 1)
30 : ((0, 0, 1), (2, 0, 2))
31 : (((5, 2, 1), (5, 5, 1)), 1)
32 : ((6, 0, 3), (6, 3, 2))
